path;start_sec;end_sec;mark;sentence;duration;prediction;phones;timestamps;wer;mer;wil;cer
./audios/SP_D2_333_0.00482_3.22667.wav;0,00482;3,22667;gostaríamos que dessem as suas opiniões a respeito de televisão;gostaríamos que dessem as suas opiniões a respeito de televisão;3,22185;gostaríamos que dessem suas opiniões a respeito de televisão;;[{'text': 'gostaríamos', 'timestamp': (0.1, 0.6)}, {'text': 'que', 'timestamp': (0.7, 0.76)}, {'text': 'dessem', 'timestamp': (0.8, 1.02)}, {'text': 'suas', 'timestamp': (1.12, 1.28)}, {'text': 'opiniões', 'timestamp': (1.34, 1.72)}, {'text': 'a', 'timestamp': (1.78, 1.8)}, {'text': 'respeito', 'timestamp': (1.84, 2.16)}, {'text': 'de', 'timestamp': (2.22, 2.28)}, {'text': 'televisão', 'timestamp': (2.32, 2.84)}];0,1;0,1;0,09999999999999998;0,047619047619047616
./audios/SP_D2_333_805.23519_808.13254.wav;805,23519;808,13254;e como vocês veem a evolução da tevê?;e como vocês veem a evolução da tevê;2,8973499999999603;e como vocês vêem a evolução da tv;;[{'text': 'e', 'timestamp': (0.12, 0.14)}, {'text': 'como', 'timestamp': (0.28, 0.44)}, {'text': 'vocês', 'timestamp': (0.56, 0.96)}, {'text': 'vêem', 'timestamp': (1.06, 1.28)}, {'text': 'a', 'timestamp': (1.36, 1.38)}, {'text': 'evolução', 'timestamp': (1.46, 2.02)}, {'text': 'da', 'timestamp': (2.08, 2.14)}, {'text': 'tv', 'timestamp': (2.24, 2.46)}];0,25;0,25;0,4375;0,08333333333333333
./audios/SP_D2_333_1656.87414_1658.40387.wav;1656,87414;1658,40387;e sobre o cinema?;e sobre o cinema;1,5297300000001997;o pelo cinema;;[{'text': 'o', 'timestamp': (0.28, 0.3)}, {'text': 'pelo', 'timestamp': (0.4, 0.6)}, {'text': 'cinema', 'timestamp': (0.76, 1.24)}];0,75;0,75;0,9166666666666666;0,375
./audios/SP_D2_333_1659.86477_1661.23831.wav;1659,86477;1661,23831;[o cinema atual?;o cinema atual;1,3735400000000482;não se levares a norte;;[{'text': 'não', 'timestamp': (0.04, 0.14)}, {'text': 'se', 'timestamp': (0.16, 0.22)}, {'text': 'levares', 'timestamp': (0.26, 0.58)}, {'text': 'a', 'timestamp': (0.66, 0.68)}, {'text': 'norte', 'timestamp': (0.74, 1.06)}];1,6666666666666667;1,0;1,0;1,1428571428571428
./audios/SP_D2_333_1844.35742_1846.76004.wav;1844,35742;1846,76004;a que se deve esse hiato que a senhora mencionou?;a que se deve esse hiato que a senhora mencionou;2,4026199999998425;que se deve se ar porque a senhora mesmo como;;[{'text': 'que', 'timestamp': (0.04, 0.14)}, {'text': 'se', 'timestamp': (0.22, 0.28)}, {'text': 'deve', 'timestamp': (0.36, 0.54)}, {'text': 'se', 'timestamp': (0.76, 0.8)}, {'text': 'ar', 'timestamp': (0.88, 0.96)}, {'text': 'porque', 'timestamp': (1.22, 1.38)}, {'text': 'a', 'timestamp': (1.42, 1.44)}, {'text': 'senhora', 'timestamp': (1.48, 1.7)}, {'text': 'mesmo', 'timestamp': (1.76, 1.94)}, {'text': 'como', 'timestamp': (2.0, 2.2)}];0,6;0,5454545454545454;0,75;0,3333333333333333
./audios/SP_D2_333_1847.16_1848.23969.wav;1847,16;1848,23969;esse hiato;esse hiato;1,0796900000000278;esse ato;;[{'text': 'esse', 'timestamp': (0.08, 0.28)}, {'text': 'ato', 'timestamp': (0.44, 0.84)}];0,5;0,5;0,75;0,2
./audios/SP_D2_333_2146.79058_2147.03527.wav;2146,79058;2147,03527;[não;não;0,24468999999999141;é;;[{'text': 'é', 'timestamp': (1.04, 1.06)}];1,0;1,0;1,0;1,0
./audios/SP_D2_333_2147.03527_2148.18372.wav;2147,03527;2148,18372;mais [( );mais;1,148450000000139;mas o vazio;;[{'text': 'mas', 'timestamp': (0.0, 0.16)}, {'text': 'o', 'timestamp': (0.3, 0.32)}, {'text': 'vazio', 'timestamp': (0.52, 0.96)}];3,0;1,0;1,0;2,0
./audios/SP_D2_333_2148.18372_2149.92116.wav;2148,18372;2149,92116;(e)... e quanto ao teatro?;e e quanto ao teatro;1,7374399999998786;enquanto o teatro;;[{'text': 'enquanto', 'timestamp': (0.44, 0.72)}, {'text': 'o', 'timestamp': (0.8, 0.82)}, {'text': 'teatro', 'timestamp': (1.02, 1.64)}];0,8;0,8;0,9333333333333333;0,2
./audios/SP_D2_333_2435.74437_2436.31165.wav;2435,74437;2436,31165;[uhum;aham;0,5672800000002098;lugar de;;[{'text': 'lugar', 'timestamp': (1.02, 1.3)}, {'text': 'de', 'timestamp': (1.42, 1.48)}];2,0;1,0;1,0;1,75
./audios/SP_D2_333_2469.36412_2470.71577.wav;2469,36412;2470,71577;[aqui em São Paulo ( );aqui em são paulo;1,3516499999996086;não dá vontade de nete;;[{'text': 'não', 'timestamp': (0.3, 0.42)}, {'text': 'dá', 'timestamp': (0.48, 0.54)}, {'text': 'vontade', 'timestamp': (0.64, 0.98)}, {'text': 'de', 'timestamp': (1.04, 1.08)}, {'text': 'nete', 'timestamp': (1.12, 1.28)}];1,25;1,0;1,0;1,1764705882352942
./audios/SP_D2_333_2480.01325_2481.69354.wav;2480,01325;2481,69354;não estava indo para o teatro né?;não estava indo para o teatro né;1,680290000000241;ele estava indo pro teatro né;;[{'text': 'ele', 'timestamp': (0.08, 0.14)}, {'text': 'estava', 'timestamp': (0.16, 0.46)}, {'text': 'indo', 'timestamp': (0.52, 0.66)}, {'text': 'pro', 'timestamp': (0.7, 0.88)}, {'text': 'teatro', 'timestamp': (0.96, 1.44)}, {'text': 'né', 'timestamp': (1.5, 1.56)}];0,42857142857142855;0,42857142857142855;0,6190476190476191;0,1875
./audios/SP_D2_333_2484.12706_2489.58442.wav;2484,12706;2489,58442;e o que vocês acham que seria... uma televisão ideal numa comunidade como São Paulo?;e o que vocês acham que seria uma televisão ideal numa comunidade como são paulo;5,457360000000335;e o que vocês acham que seria uma televisão ideal uma comunidade com são paulo;;[{'text': 'e', 'timestamp': (0.1, 0.12)}, {'text': 'o', 'timestamp': (0.26, 0.28)}, {'text': 'que', 'timestamp': (0.34, 0.4)}, {'text': 'vocês', 'timestamp': (0.5, 1.0)}, {'text': 'acham', 'timestamp': (1.1, 1.38)}, {'text': 'que', 'timestamp': (1.44, 1.52)}, {'text': 'seria', 'timestamp': (1.64, 1.92)}, {'text': 'uma', 'timestamp': (2.34, 2.42)}, {'text': 'televisão', 'timestamp': (2.5, 2.94)}, {'text': 'ideal', 'timestamp': (3.04, 3.42)}, {'text': 'uma', 'timestamp': (3.78, 3.84)}, {'text': 'comunidade', 'timestamp': (3.94, 4.48)}, {'text': 'com', 'timestamp': (4.6, 4.68)}, {'text': 'são', 'timestamp': (4.82, 4.9)}, {'text': 'paulo', 'timestamp': (5.04, 5.3)}];0,13333333333333333;0,13333333333333333;0,24888888888888883;0,025
./audios/SP_D2_333_2754.34643_2758.89996.wav;2754,34643;2758,89996;vocês acham então que o noticiário... em tevê tem melhorado [bastante;vocês acham então que o noticiário em tevê tem melhorado bastante;4,553530000000137;vocês acha então que o noticiário em fev tem melhorado bastante;;[{'text': 'vocês', 'timestamp': (0.1, 0.32)}, {'text': 'acha', 'timestamp': (0.42, 0.54)}, {'text': 'então', 'timestamp': (0.6, 0.84)}, {'text': 'que', 'timestamp': (0.86, 0.92)}, {'text': 'o', 'timestamp': (0.94, 0.96)}, {'text': 'noticiário', 'timestamp': (1.02, 1.72)}, {'text': 'em', 'timestamp': (2.32, 2.38)}, {'text': 'fev', 'timestamp': (2.46, 2.68)}, {'text': 'tem', 'timestamp': (2.88, 3.0)}, {'text': 'melhorado', 'timestamp': (3.18, 3.62)}, {'text': 'bastante', 'timestamp': (3.76, 4.24)}];0,18181818181818182;0,18181818181818182;0,3305785123966941;0,046153846153846156
./audios/SP_D2_333_2765.5529_2766.64867.wav;2765,5529;2766,64867;[em que [sentido?;em que sentido;1,0957699999999022;a gente que seguiu;;[{'text': 'a', 'timestamp': (0.0, 0.02)}, {'text': 'gente', 'timestamp': (0.08, 0.2)}, {'text': 'que', 'timestamp': (0.26, 0.36)}, {'text': 'seguiu', 'timestamp': (0.46, 0.86)}];1,0;0,75;0,9166666666666666;0,7142857142857143
./audios/SP_D2_333_2965.04443_2968.42306.wav;2965,04443;2968,42306;e programas como o Sílvio Santos como vocês entendem?;e programas como o sílvio santos como vocês entendem;3,3786300000001575;e programas condiciones santos como vocês entendem;;[{'text': 'e', 'timestamp': (0.04, 0.06)}, {'text': 'programas', 'timestamp': (0.18, 0.62)}, {'text': 'condiciones', 'timestamp': (0.74, 1.38)}, {'text': 'santos', 'timestamp': (1.52, 1.88)}, {'text': 'como', 'timestamp': (1.98, 2.14)}, {'text': 'vocês', 'timestamp': (2.24, 2.54)}, {'text': 'entendem', 'timestamp': (2.68, 3.16)}];0,3333333333333333;0,3333333333333333;0,4285714285714286;0,21153846153846154
./audios/SP_D2_333_3216.18658_3220.95303.wav;3216,18658;3220,95303;e e só para terminar vocês acham que no futuro a tevê vai realmente sobrepujar o cinema?;e e só para terminar vocês acham que no futuro a tevê vai realmente sobrepujar o cinema;4,766450000000077;e só pra terminar vocês acham que no futuro a tv vai realmente sobrepujar o cinema;;[{'text': 'e', 'timestamp': (0.04, 0.06)}, {'text': 'só', 'timestamp': (0.34, 0.4)}, {'text': 'pra', 'timestamp': (0.48, 0.54)}, {'text': 'terminar', 'timestamp': (0.66, 0.98)}, {'text': 'vocês', 'timestamp': (1.08, 1.32)}, {'text': 'acham', 'timestamp': (1.38, 1.52)}, {'text': 'que', 'timestamp': (1.56, 1.64)}, {'text': 'no', 'timestamp': (1.68, 1.72)}, {'text': 'futuro', 'timestamp': (1.82, 2.14)}, {'text': 'a', 'timestamp': (2.2, 2.22)}, {'text': 'tv', 'timestamp': (2.32, 2.5)}, {'text': 'vai', 'timestamp': (2.66, 2.78)}, {'text': 'realmente', 'timestamp': (2.88, 3.3)}, {'text': 'sobrepujar', 'timestamp': (3.44, 3.96)}, {'text': 'o', 'timestamp': (4.02, 4.04)}, {'text': 'cinema', 'timestamp': (4.14, 4.5)}];0,17647058823529413;0,17647058823529413;0,27941176470588236;0,05747126436781609
./audios/SP_D2_333_3223.15848_3225.77033.wav;3223,15848;3225,77033;aqui no nosso caso principalmente;aqui no nosso caso principalmente;2,6118499999997766;aqui no nosso caso principalmente;;[{'text': 'aqui', 'timestamp': (0.14, 0.34)}, {'text': 'no', 'timestamp': (0.44, 0.5)}, {'text': 'nosso', 'timestamp': (0.56, 0.78)}, {'text': 'caso', 'timestamp': (0.9, 1.14)}, {'text': 'principalmente', 'timestamp': (1.26, 1.94)}];0,0;0,0;0,0;0,0
./audios/SP_D2_333_3305.77249_3308.01306.wav;3305,77249;3308,01306;e a dona Isa também [(concorda?);e a dona isa também concorda;2,240570000000389;e a dona isa também assim;;[{'text': 'e', 'timestamp': (0.1, 0.12)}, {'text': 'a', 'timestamp': (0.18, 0.22)}, {'text': 'dona', 'timestamp': (0.26, 0.44)}, {'text': 'isa', 'timestamp': (0.58, 0.8)}, {'text': 'também', 'timestamp': (1.02, 1.28)}, {'text': 'assim', 'timestamp': (1.8, 2.16)}];0,16666666666666666;0,16666666666666666;0,30555555555555547;0,2857142857142857
./audios/SP_D2_333_0.00482_3.22667.wav;0,00482;3,22667;gostaríamos que dessem as suas opiniões a respeito de televisão;gostaríamos que dessem as suas opiniões a respeito de televisão;3,22185;gostaríamos que dessem suas opiniões a respeito de televisão;;[{'text': 'gostaríamos', 'timestamp': (0.1, 0.6)}, {'text': 'que', 'timestamp': (0.7, 0.76)}, {'text': 'dessem', 'timestamp': (0.8, 1.02)}, {'text': 'suas', 'timestamp': (1.12, 1.28)}, {'text': 'opiniões', 'timestamp': (1.34, 1.72)}, {'text': 'a', 'timestamp': (1.78, 1.8)}, {'text': 'respeito', 'timestamp': (1.84, 2.16)}, {'text': 'de', 'timestamp': (2.22, 2.28)}, {'text': 'televisão', 'timestamp': (2.32, 2.84)}];0,1;0,1;0,09999999999999998;0,047619047619047616
./audios/SP_D2_333_805.23519_808.13254.wav;805,23519;808,13254;e como vocês veem a evolução da tevê?;e como vocês veem a evolução da tevê;2,8973499999999603;e como vocês vêem a evolução da tv;;[{'text': 'e', 'timestamp': (0.12, 0.14)}, {'text': 'como', 'timestamp': (0.28, 0.44)}, {'text': 'vocês', 'timestamp': (0.56, 0.96)}, {'text': 'vêem', 'timestamp': (1.06, 1.28)}, {'text': 'a', 'timestamp': (1.36, 1.38)}, {'text': 'evolução', 'timestamp': (1.46, 2.02)}, {'text': 'da', 'timestamp': (2.08, 2.14)}, {'text': 'tv', 'timestamp': (2.24, 2.46)}];0,25;0,25;0,4375;0,08333333333333333
./audios/SP_D2_333_1656.87414_1658.40387.wav;1656,87414;1658,40387;e sobre o cinema?;e sobre o cinema;1,5297300000001997;o pelo cinema;;[{'text': 'o', 'timestamp': (0.28, 0.3)}, {'text': 'pelo', 'timestamp': (0.4, 0.6)}, {'text': 'cinema', 'timestamp': (0.76, 1.24)}];0,75;0,75;0,9166666666666666;0,375
./audios/SP_D2_333_1659.86477_1661.23831.wav;1659,86477;1661,23831;[o cinema atual?;o cinema atual;1,3735400000000482;não se levares a norte;;[{'text': 'não', 'timestamp': (0.04, 0.14)}, {'text': 'se', 'timestamp': (0.16, 0.22)}, {'text': 'levares', 'timestamp': (0.26, 0.58)}, {'text': 'a', 'timestamp': (0.66, 0.68)}, {'text': 'norte', 'timestamp': (0.74, 1.06)}];1,6666666666666667;1,0;1,0;1,1428571428571428
./audios/SP_D2_333_1844.35742_1845.67023.wav;1844,35742;1845,67023;a que se deve esse hiato;a que se deve esse hiato;1,3128099999998994;que se deve se ato;;[{'text': 'que', 'timestamp': (0.04, 0.12)}, {'text': 'se', 'timestamp': (0.22, 0.28)}, {'text': 'deve', 'timestamp': (0.36, 0.54)}, {'text': 'se', 'timestamp': (0.76, 0.82)}, {'text': 'ato', 'timestamp': (0.94, 1.26)}];0,5;0,5;0,7;0,25
./audios/SP_D2_333_1845.67023_1846.76004.wav;1845,67023;1846,76004;que a senhora mencionou?;que a senhora mencionou;1,089809999999943;o questionário é messejana;;[{'text': 'o', 'timestamp': (0.0, 0.02)}, {'text': 'questionário', 'timestamp': (0.04, 0.38)}, {'text': 'é', 'timestamp': (0.42, 0.44)}, {'text': 'messejana', 'timestamp': (0.46, 0.98)}];1,0;1,0;1,0;0,8260869565217391
./audios/SP_D2_333_1847.16_1848.23969.wav;1847,16;1848,23969;esse hiato;esse hiato;1,0796900000000278;esse ato;;[{'text': 'esse', 'timestamp': (0.08, 0.28)}, {'text': 'ato', 'timestamp': (0.44, 0.84)}];0,5;0,5;0,75;0,2
./audios/SP_D2_333_2146.79058_2147.03527.wav;2146,79058;2147,03527;[não;não;0,24468999999999141;é;;[{'text': 'é', 'timestamp': (1.04, 1.06)}];1,0;1,0;1,0;1,0
./audios/SP_D2_333_2147.03527_2148.18372.wav;2147,03527;2148,18372;mais [( );mais;1,148450000000139;mas o vazio;;[{'text': 'mas', 'timestamp': (0.0, 0.16)}, {'text': 'o', 'timestamp': (0.3, 0.32)}, {'text': 'vazio', 'timestamp': (0.52, 0.96)}];3,0;1,0;1,0;2,0
./audios/SP_D2_333_2148.18372_2148.29374.wav;2148,18372;2148,29374;(e);e;0,11002000000007683;e;;[{'text': 'e', 'timestamp': (1.0, 1.02)}];0,0;0,0;0,0;0,0
./audios/SP_D2_333_2148.58285_2149.92116.wav;2148,58285;2149,92116;e quanto ao teatro?;e quanto ao teatro;1,3383100000000923;tipo do teatro;;[{'text': 'tipo', 'timestamp': (0.0, 0.22)}, {'text': 'do', 'timestamp': (0.3, 0.38)}, {'text': 'teatro', 'timestamp': (0.62, 1.24)}];0,75;0,75;0,9166666666666666;0,4444444444444444
./audios/SP_D2_333_2150.38678_2151.88569.wav;2150,38678;2151,88569;poderiam comentar alguma coisa?;poderiam comentar alguma coisa;1,4989100000002509;poderiam comentar alguma coisa;;[{'text': 'poderiam', 'timestamp': (0.04, 0.28)}, {'text': 'comentar', 'timestamp': (0.38, 0.82)}, {'text': 'alguma', 'timestamp': (0.86, 1.08)}, {'text': 'coisa', 'timestamp': (1.2, 1.46)}];0,0;0,0;0,0;0,0
./audios/SP_D2_333_2435.74437_2436.31165.wav;2435,74437;2436,31165;[uhum;aham;0,5672800000002098;lugar de;;[{'text': 'lugar', 'timestamp': (1.02, 1.3)}, {'text': 'de', 'timestamp': (1.42, 1.48)}];2,0;1,0;1,0;1,75
./audios/SP_D2_333_2469.36412_2470.71577.wav;2469,36412;2470,71577;[aqui em São Paulo ( );aqui em são paulo;1,3516499999996086;não dá vontade de nete;;[{'text': 'não', 'timestamp': (0.3, 0.42)}, {'text': 'dá', 'timestamp': (0.48, 0.54)}, {'text': 'vontade', 'timestamp': (0.64, 0.98)}, {'text': 'de', 'timestamp': (1.04, 1.08)}, {'text': 'nete', 'timestamp': (1.12, 1.28)}];1,25;1,0;1,0;1,1764705882352942
./audios/SP_D2_333_2480.01325_2481.48109.wav;2480,01325;2481,48109;não estava indo para o teatro;não estava indo para o teatro;1,4678400000002512;ele estava indo pro teatro;;[{'text': 'ele', 'timestamp': (0.08, 0.14)}, {'text': 'estava', 'timestamp': (0.18, 0.46)}, {'text': 'indo', 'timestamp': (0.52, 0.68)}, {'text': 'pro', 'timestamp': (0.7, 0.82)}, {'text': 'teatro', 'timestamp': (0.94, 1.38)}];0,5;0,5;0,7;0,20689655172413793
./audios/SP_D2_333_2481.48109_2481.69354.wav;2481,48109;2481,69354;né?;né;0,2124499999999898;a;;[{'text': 'a', 'timestamp': (1.02, 1.04)}];1,0;1,0;1,0;1,0
./audios/SP_D2_333_2484.12706_2486.17232.wav;2484,12706;2486,17232;e o que vocês acham que seria;e o que vocês acham que seria;2,045260000000326;e o que vocês acham que seria;;[{'text': 'e', 'timestamp': (0.1, 0.12)}, {'text': 'o', 'timestamp': (0.24, 0.28)}, {'text': 'que', 'timestamp': (0.34, 0.42)}, {'text': 'vocês', 'timestamp': (0.5, 1.02)}, {'text': 'acham', 'timestamp': (1.12, 1.38)}, {'text': 'que', 'timestamp': (1.44, 1.52)}, {'text': 'seria', 'timestamp': (1.64, 1.94)}];0,0;0,0;0,0;0,0
./audios/SP_D2_333_2486.45965_2487.6673.wav;2486,45965;2487,6673;uma televisão ideal;uma televisão ideal;1,2076500000002852;uma televisão ideal;;[{'text': 'uma', 'timestamp': (0.02, 0.12)}, {'text': 'televisão', 'timestamp': (0.18, 0.62)}, {'text': 'ideal', 'timestamp': (0.7, 1.1)}];0,0;0,0;0,0;0,0
./audios/SP_D2_333_2487.6673_2489.58442.wav;2487,6673;2489,58442;numa comunidade como São Paulo?;numa comunidade como são paulo;1,917120000000068;uma comunidade com são paulo;;[{'text': 'uma', 'timestamp': (0.24, 0.32)}, {'text': 'comunidade', 'timestamp': (0.4, 0.94)}, {'text': 'com', 'timestamp': (1.06, 1.16)}, {'text': 'são', 'timestamp': (1.28, 1.38)}, {'text': 'paulo', 'timestamp': (1.5, 1.72)}];0,4;0,4;0,64;0,06666666666666667
./audios/SP_D2_333_2754.34643_2756.16399.wav;2754,34643;2756,16399;vocês acham então que o noticiário;vocês acham então que o noticiário;1,8175599999999577;vocês acha que tanto noticiário;;[{'text': 'vocês', 'timestamp': (0.12, 0.32)}, {'text': 'acha', 'timestamp': (0.4, 0.6)}, {'text': 'que', 'timestamp': (0.62, 0.68)}, {'text': 'tanto', 'timestamp': (0.72, 0.96)}, {'text': 'noticiário', 'timestamp': (1.0, 1.72)}];0,5;0,5;0,7;0,29411764705882354
./audios/SP_D2_333_2756.62516_2758.89996.wav;2756,62516;2758,89996;em tevê tem melhorado [bastante;em tevê tem melhorado bastante;2,274800000000141;e teve tem melhorado bastante;;[{'text': 'e', 'timestamp': (0.1, 0.12)}, {'text': 'teve', 'timestamp': (0.2, 0.44)}, {'text': 'tem', 'timestamp': (0.6, 0.72)}, {'text': 'melhorado', 'timestamp': (0.92, 1.36)}, {'text': 'bastante', 'timestamp': (1.48, 1.98)}];0,4;0,4;0,64;0,06666666666666667
./audios/SP_D2_333_2765.5529_2766.64867.wav;2765,5529;2766,64867;[em que [sentido?;em que sentido;1,0957699999999022;a gente que seguiu;;[{'text': 'a', 'timestamp': (0.0, 0.02)}, {'text': 'gente', 'timestamp': (0.08, 0.2)}, {'text': 'que', 'timestamp': (0.26, 0.36)}, {'text': 'seguiu', 'timestamp': (0.46, 0.86)}];1,0;0,75;0,9166666666666666;0,7142857142857143
./audios/SP_D2_333_2965.04443_2967.00441.wav;2965,04443;2967,00441;e programas como o Sílvio Santos;e programas como o sílvio santos;1,9599800000000869;e programas como silvio santos;;[{'text': 'e', 'timestamp': (0.04, 0.06)}, {'text': 'programas', 'timestamp': (0.18, 0.7)}, {'text': 'como', 'timestamp': (0.72, 0.94)}, {'text': 'silvio', 'timestamp': (1.06, 1.32)}, {'text': 'santos', 'timestamp': (1.52, 1.84)}];0,3333333333333333;0,3333333333333333;0,4666666666666667;0,09375
./audios/SP_D2_333_2967.00441_2968.42306.wav;2967,00441;2968,42306;como vocês entendem?;como vocês entendem;1,4186500000000706;a você e tendem;;[{'text': 'a', 'timestamp': (0.12, 0.14)}, {'text': 'você', 'timestamp': (0.18, 0.48)}, {'text': 'e', 'timestamp': (0.68, 0.72)}, {'text': 'tendem', 'timestamp': (0.82, 1.2)}];1,3333333333333333;1,0;1,0;0,3157894736842105
./audios/SP_D2_333_3214.72237_3215.84871.wav;3214,72237;3215,84871;antipsicológico;antipsicológico;1,1263400000002548;parte psicológica;;[{'text': 'parte', 'timestamp': (0.0, 0.26)}, {'text': 'psicológica', 'timestamp': (0.4, 1.06)}];2,0;1,0;1,0;0,3333333333333333
./audios/SP_D2_333_3216.18658_3217.18066.wav;3216,18658;3217,18066;e e só para terminar;e e só para terminar;0,9940799999999399;e só faz terminal;;[{'text': 'e', 'timestamp': (1.0, 1.02)}, {'text': 'só', 'timestamp': (1.34, 1.4)}, {'text': 'faz', 'timestamp': (1.5, 1.58)}, {'text': 'terminal', 'timestamp': (1.66, 2.02)}];0,6;0,6;0,8;0,3
./audios/SP_D2_333_3217.18066_3220.95303.wav;3217,18066;3220,95303;vocês acham que no futuro a tevê vai realmente sobrepujar o cinema?;vocês acham que no futuro a tevê vai realmente sobrepujar o cinema;3,7723700000001372;vocês acham que no futuro a tv vai realmente sobrepujar o cinema;;[{'text': 'vocês', 'timestamp': (0.1, 0.34)}, {'text': 'acham', 'timestamp': (0.4, 0.54)}, {'text': 'que', 'timestamp': (0.58, 0.66)}, {'text': 'no', 'timestamp': (0.68, 0.74)}, {'text': 'futuro', 'timestamp': (0.84, 1.16)}, {'text': 'a', 'timestamp': (1.2, 1.22)}, {'text': 'tv', 'timestamp': (1.32, 1.52)}, {'text': 'vai', 'timestamp': (1.68, 1.78)}, {'text': 'realmente', 'timestamp': (1.88, 2.3)}, {'text': 'sobrepujar', 'timestamp': (2.44, 2.98)}, {'text': 'o', 'timestamp': (3.04, 3.06)}, {'text': 'cinema', 'timestamp': (3.14, 3.5)}];0,08333333333333333;0,08333333333333333;0,15972222222222232;0,030303030303030304
./audios/SP_D2_333_3223.15848_3225.77033.wav;3223,15848;3225,77033;aqui no nosso caso principalmente;aqui no nosso caso principalmente;2,6118499999997766;aqui no nosso caso principalmente;;[{'text': 'aqui', 'timestamp': (0.14, 0.34)}, {'text': 'no', 'timestamp': (0.44, 0.5)}, {'text': 'nosso', 'timestamp': (0.56, 0.78)}, {'text': 'caso', 'timestamp': (0.9, 1.14)}, {'text': 'principalmente', 'timestamp': (1.26, 1.94)}];0,0;0,0;0,0;0,0
./audios/SP_D2_333_3305.77249_3308.01306.wav;3305,77249;3308,01306;e a dona Isa também [(concorda?);e a dona isa também concorda;2,240570000000389;e a dona isa também assim;;[{'text': 'e', 'timestamp': (0.1, 0.12)}, {'text': 'a', 'timestamp': (0.18, 0.22)}, {'text': 'dona', 'timestamp': (0.26, 0.44)}, {'text': 'isa', 'timestamp': (0.58, 0.8)}, {'text': 'também', 'timestamp': (1.02, 1.28)}, {'text': 'assim', 'timestamp': (1.8, 2.16)}];0,16666666666666666;0,16666666666666666;0,30555555555555547;0,2857142857142857
./audios/SP_D2_333_4.70344_15.68396.wav;4,70344;15,68396;olha Isa eu... como você sabe... u::ma pessoa um diretor lá da Folha... certa feita me chamou... e me incumbiu de escrever sobre televisão;olha isa eu como você sabe uma pessoa um diretor lá da folha certa feita me chamou e me incumbiu de escrever sobre televisão;10,980520000000002;olha a isa eu como você sabe uma pessoa um diretor lá da folha certa feita me chamou e me incumbiu de escrever sobre televisão;;[{'text': 'olha', 'timestamp': (0.22, 0.36)}, {'text': 'a', 'timestamp': (0.44, 0.46)}, {'text': 'isa', 'timestamp': (0.48, 0.76)}, {'text': 'eu', 'timestamp': (1.06, 1.16)}, {'text': 'como', 'timestamp': (2.0, 2.12)}, {'text': 'você', 'timestamp': (2.24, 2.42)}, {'text': 'sabe', 'timestamp': (2.62, 2.84)}, {'text': 'uma', 'timestamp': (4.32, 4.44)}, {'text': 'pessoa', 'timestamp': (4.52, 4.82)}, {'text': 'um', 'timestamp': (4.86, 4.94)}, {'text': 'diretor', 'timestamp': (4.98, 5.36)}, {'text': 'lá', 'timestamp': (5.44, 5.48)}, {'text': 'da', 'timestamp': (5.56, 5.62)}, {'text': 'folha', 'timestamp': (5.8, 6.08)}, {'text': 'certa', 'timestamp': (7.04, 7.26)}, {'text': 'feita', 'timestamp': (7.38, 7.58)}, {'text': 'me', 'timestamp': (7.66, 7.72)}, {'text': 'chamou', 'timestamp': (7.82, 8.1)}, {'text': 'e', 'timestamp': (8.84, 8.86)}, {'text': 'me', 'timestamp': (8.92, 8.98)}, {'text': 'incumbiu', 'timestamp': (9.04, 9.42)}, {'text': 'de', 'timestamp': (9.48, 9.52)}, {'text': 'escrever', 'timestamp': (9.58, 9.98)}, {'text': 'sobre', 'timestamp': (10.06, 10.2)}, {'text': 'televisão', 'timestamp': (10.26, 10.78)}];0,041666666666666664;0,04;0,040000000000000036;0,016129032258064516
./audios/SP_D2_333_16.37625_24.30865.wav;16,37625;24,30865;o que me parece é que na ocasião quando ele me incumbiu disso... ele pensou... que ele ia::... ficar em face de uma recusa;o que me parece é que na ocasião quando ele me incumbiu disso ele pensou que ele ia ficar em face de uma recusa;7,932400000000001;o que me parece é que na ocasião quando ele me incumbiu disso ele pensou que ele ia ficar em fato de uma recusa;;[{'text': 'o', 'timestamp': (0.08, 0.1)}, {'text': 'que', 'timestamp': (0.14, 0.2)}, {'text': 'me', 'timestamp': (0.26, 0.3)}, {'text': 'parece', 'timestamp': (0.38, 0.68)}, {'text': 'é', 'timestamp': (0.82, 0.84)}, {'text': 'que', 'timestamp': (0.92, 1.0)}, {'text': 'na', 'timestamp': (1.06, 1.12)}, {'text': 'ocasião', 'timestamp': (1.24, 1.7)}, {'text': 'quando', 'timestamp': (1.98, 2.14)}, {'text': 'ele', 'timestamp': (2.16, 2.24)}, {'text': 'me', 'timestamp': (2.28, 2.32)}, {'text': 'incumbiu', 'timestamp': (2.36, 2.72)}, {'text': 'disso', 'timestamp': (2.82, 3.12)}, {'text': 'ele', 'timestamp': (3.72, 3.84)}, {'text': 'pensou', 'timestamp': (3.92, 4.2)}, {'text': 'que', 'timestamp': (4.72, 4.82)}, {'text': 'ele', 'timestamp': (4.86, 4.96)}, {'text': 'ia', 'timestamp': (5.06, 5.16)}, {'text': 'ficar', 'timestamp': (6.2, 6.42)}, {'text': 'em', 'timestamp': (6.46, 6.5)}, {'text': 'fato', 'timestamp': (6.62, 6.86)}, {'text': 'de', 'timestamp': (6.94, 6.98)}, {'text': 'uma', 'timestamp': (7.02, 7.1)}, {'text': 'recusa', 'timestamp': (7.18, 7.74)}];0,041666666666666664;0,041666666666666664;0,0815972222222221;0,018018018018018018
./audios/SP_D2_333_35.09872_38.07299.wav;35,09872;38,07299;como todo intelectual realmente esnoba;como todo intelectual realmente esnoba;2,974269999999997;como todo o intelectual é realmente e nota;;[{'text': 'como', 'timestamp': (0.16, 0.28)}, {'text': 'todo', 'timestamp': (0.44, 0.66)}, {'text': 'o', 'timestamp': (0.76, 0.78)}, {'text': 'intelectual', 'timestamp': (0.98, 1.58)}, {'text': 'é', 'timestamp': (1.96, 1.98)}, {'text': 'realmente', 'timestamp': (2.08, 2.5)}, {'text': 'e', 'timestamp': (2.64, 2.66)}, {'text': 'nota', 'timestamp': (2.72, 2.9)}];0,8;0,5;0,6;0,15789473684210525
./audios/SP_D2_333_38.54796_43.65138.wav;38,54796;43,65138;mas acontece... que eu já tinha visto durante muito tempo televisão;mas acontece que eu já tinha visto durante muito tempo televisão;5,10342;mas acontece que eu já tinha visto durante muito tempo televisão;;[{'text': 'mas', 'timestamp': (0.04, 0.14)}, {'text': 'acontece', 'timestamp': (0.22, 0.78)}, {'text': 'que', 'timestamp': (1.68, 1.78)}, {'text': 'eu', 'timestamp': (1.82, 1.88)}, {'text': 'já', 'timestamp': (1.98, 2.04)}, {'text': 'tinha', 'timestamp': (2.26, 2.54)}, {'text': 'visto', 'timestamp': (2.72, 3.04)}, {'text': 'durante', 'timestamp': (3.16, 3.38)}, {'text': 'muito', 'timestamp': (3.5, 3.64)}, {'text': 'tempo', 'timestamp': (3.88, 4.12)}, {'text': 'televisão', 'timestamp': (4.26, 4.86)}];0,0;0,0;0,0;0,0
./audios/SP_D2_333_44.63312_50.15383.wav;44,63312;50,15383;porque:: houve uma época na minha vida (em) que a literatura:: me fazia prestar muita atenção;porque houve uma época na minha vida em que a literatura me fazia prestar muita atenção;5,520710000000001;porque houve uma época da minha vida e que a literatura me fazia prestar muita atenção;;[{'text': 'porque', 'timestamp': (0.1, 0.46)}, {'text': 'houve', 'timestamp': (0.76, 0.92)}, {'text': 'uma', 'timestamp': (0.96, 1.04)}, {'text': 'época', 'timestamp': (1.12, 1.32)}, {'text': 'da', 'timestamp': (1.38, 1.44)}, {'text': 'minha', 'timestamp': (1.5, 1.68)}, {'text': 'vida', 'timestamp': (1.76, 1.98)}, {'text': 'e', 'timestamp': (2.14, 2.16)}, {'text': 'que', 'timestamp': (2.24, 2.34)}, {'text': 'a', 'timestamp': (2.38, 2.4)}, {'text': 'literatura', 'timestamp': (2.44, 3.22)}, {'text': 'me', 'timestamp': (3.76, 3.84)}, {'text': 'fazia', 'timestamp': (3.9, 4.12)}, {'text': 'prestar', 'timestamp': (4.18, 4.5)}, {'text': 'muita', 'timestamp': (4.58, 4.72)}, {'text': 'atenção', 'timestamp': (4.8, 5.36)}];0,125;0,125;0,234375;0,022988505747126436
./audios/SP_D2_333_50.51083_52.26.wav;50,51083;52,26;e eu queria era uma fuga;e eu queria era uma fuga;1,7491699999999994;e eu queria era uma fuga;;[{'text': 'e', 'timestamp': (0.06, 0.08)}, {'text': 'eu', 'timestamp': (0.16, 0.24)}, {'text': 'queria', 'timestamp': (0.34, 0.64)}, {'text': 'era', 'timestamp': (0.76, 0.86)}, {'text': 'uma', 'timestamp': (0.9, 0.98)}, {'text': 'fuga', 'timestamp': (1.24, 1.52)}];0,0;0,0;0,0;0,0
./audios/SP_D2_333_52.26_58.2.wav;52,26;58,2;então a minha fuga... era me deitar na cama... ligar o:: receptor e ficar vendo;então a minha fuga era me deitar na cama ligar o receptor e ficar vendo;5,940000000000005;então a minha fuga era me deitar na cama ligar o receptor e ficar vendo;;[{'text': 'então', 'timestamp': (0.14, 0.32)}, {'text': 'a', 'timestamp': (0.38, 0.4)}, {'text': 'minha', 'timestamp': (0.46, 0.6)}, {'text': 'fuga', 'timestamp': (0.82, 1.06)}, {'text': 'era', 'timestamp': (1.84, 1.96)}, {'text': 'me', 'timestamp': (2.0, 2.04)}, {'text': 'deitar', 'timestamp': (2.1, 2.38)}, {'text': 'na', 'timestamp': (2.44, 2.48)}, {'text': 'cama', 'timestamp': (2.7, 2.94)}, {'text': 'ligar', 'timestamp': (3.74, 4.14)}, {'text': 'o', 'timestamp': (4.46, 4.48)}, {'text': 'receptor', 'timestamp': (4.54, 5.0)}, {'text': 'e', 'timestamp': (5.08, 5.1)}, {'text': 'ficar', 'timestamp': (5.14, 5.4)}, {'text': 'vendo', 'timestamp': (5.54, 5.82)}];0,0;0,0;0,0;0,0
./audios/SP_D2_333_58.2_59.00302.wav;58,2;59,00302;ficar vendo;ficar vendo;0,8030199999999965;cabe;;[{'text': 'cabe', 'timestamp': (1.22, 1.42)}];1,0;1,0;1,0;0,7272727272727273
./audios/SP_D2_333_59.84722_75.3633.wav;59,84722;75,3633;e::... aí eu comecei a prestar atenção naquela tela pequena... vi... não só que já se fazia muita coisa boa e também muita coisa ruim é claro... mas:: vi também todas as possibilidades::... que aquele veículo... ensejava;e aí eu comecei a prestar atenção naquela tela pequena vi não só que já se fazia muita coisa boa e também muita coisa ruim é claro mas vi também todas as possibilidades que aquele veículo ensejava;15,516079999999995;e aí eu comecei a prestar atenção naquela tela pequena vi não só que já se fazia muita coisa boa e também muita coisa ruim é claro mas vi também todas as possibilidades que aquele veículo ensejava;;[{'text': 'e', 'timestamp': (0.1, 0.12)}, {'text': 'aí', 'timestamp': (0.6, 0.68)}, {'text': 'eu', 'timestamp': (0.76, 0.8)}, {'text': 'comecei', 'timestamp': (0.86, 1.2)}, {'text': 'a', 'timestamp': (1.24, 1.26)}, {'text': 'prestar', 'timestamp': (1.36, 1.82)}, {'text': 'atenção', 'timestamp': (1.92, 2.54)}, {'text': 'naquela', 'timestamp': (2.62, 2.9)}, {'text': 'tela', 'timestamp': (3.02, 3.18)}, {'text': 'pequena', 'timestamp': (3.3, 3.7)}, {'text': 'vi', 'timestamp': (4.64, 4.68)}, {'text': 'não', 'timestamp': (5.44, 5.56)}, {'text': 'só', 'timestamp': (5.72, 5.78)}, {'text': 'que', 'timestamp': (5.96, 6.04)}, {'text': 'já', 'timestamp': (6.16, 6.2)}, {'text': 'se', 'timestamp': (6.32, 6.38)}, {'text': 'fazia', 'timestamp': (6.48, 6.78)}, {'text': 'muita', 'timestamp': (6.84, 7.0)}, {'text': 'coisa', 'timestamp': (7.08, 7.26)}, {'text': 'boa', 'timestamp': (7.38, 7.54)}, {'text': 'e', 'timestamp': (7.58, 7.6)}, {'text': 'também', 'timestamp': (7.7, 7.94)}, {'text': 'muita', 'timestamp': (8.04, 8.2)}, {'text': 'coisa', 'timestamp': (8.3, 8.48)}, {'text': 'ruim', 'timestamp': (8.6, 8.76)}, {'text': 'é', 'timestamp': (8.84, 8.86)}, {'text': 'claro', 'timestamp': (8.92, 9.1)}, {'text': 'mas', 'timestamp': (10.4, 10.74)}, {'text': 'vi', 'timestamp': (10.88, 10.92)}, {'text': 'também', 'timestamp': (11.08, 11.32)}, {'text': 'todas', 'timestamp': (11.62, 11.98)}, {'text': 'as', 'timestamp': (12.06, 12.12)}, {'text': 'possibilidades', 'timestamp': (12.22, 13.08)}, {'text': 'que', 'timestamp': (13.44, 13.52)}, {'text': 'aquele', 'timestamp': (13.58, 13.8)}, {'text': 'veículo', 'timestamp': (13.88, 14.26)}, {'text': 'ensejava', 'timestamp': (14.58, 15.34)}];0,0;0,0;0,0;0,0
./audios/SP_D2_333_75.3633_78.56349.wav;75,3633;78,56349;e que estavam ali laTENtes para serem aproveitados;e que estavam ali latentes para serem aproveitados;3,2001900000000063;e que estavam ali latentes para serem aproveitados;;[{'text': 'e', 'timestamp': (0.08, 0.1)}, {'text': 'que', 'timestamp': (0.2, 0.28)}, {'text': 'estavam', 'timestamp': (0.36, 0.88)}, {'text': 'ali', 'timestamp': (1.02, 1.14)}, {'text': 'latentes', 'timestamp': (1.26, 1.9)}, {'text': 'para', 'timestamp': (1.98, 2.08)}, {'text': 'serem', 'timestamp': (2.18, 2.36)}, {'text': 'aproveitados', 'timestamp': (2.42, 3.04)}];0,0;0,0;0,0;0,0
./audios/SP_D2_333_79.24_84.39297.wav;79,24;84,39297;agora voCÊ... foi dos tempos heroicos... da mencionada luta;agora você foi dos tempos heroicos da mencionada luta;5,1529700000000105;agora você foi dos tempos heróicos da mencionada;;[{'text': 'agora', 'timestamp': (0.06, 0.32)}, {'text': 'você', 'timestamp': (0.44, 0.82)}, {'text': 'foi', 'timestamp': (2.1, 2.22)}, {'text': 'dos', 'timestamp': (2.3, 2.4)}, {'text': 'tempos', 'timestamp': (2.5, 2.78)}, {'text': 'heróicos', 'timestamp': (2.88, 3.44)}, {'text': 'da', 'timestamp': (3.76, 3.82)}, {'text': 'mencionada', 'timestamp': (3.92, 4.66)}];0,2222222222222222;0,2222222222222222;0,3194444444444444;0,11320754716981132
./audios/SP_D2_333_96.20602_97.19897.wav;96,20602;97,19897;[vinte e [cinco anos né?;vinte e cinco anos né;0,9929500000000075;vinte se do asana;;[{'text': 'vinte', 'timestamp': (1.02, 1.2)}, {'text': 'se', 'timestamp': (1.32, 1.38)}, {'text': 'do', 'timestamp': (1.46, 1.52)}, {'text': 'asana', 'timestamp': (1.58, 1.9)}];0,8;0,8;0,95;0,42857142857142855
./audios/SP_D2_333_115.72_116.40825.wav;115,72;116,40825;[sibilados;sibilados;0,6882499999999965;craca;;[{'text': 'craca', 'timestamp': (1.04, 1.5)}];1,0;1,0;1,0;0,8888888888888888
./audios/SP_D2_333_132.21918_132.56003.wav;132,21918;132,56003;é;é;0,3408500000000174;a;;[{'text': 'a', 'timestamp': (1.08, 1.1)}];1,0;1,0;1,0;1,0
./audios/SP_D2_333_142.53542_142.82183.wav;142,53542;142,82183;[é;é;0,2864100000000178;será;;[{'text': 'será', 'timestamp': (0.9, 1.18)}];1,0;1,0;1,0;4,0
./audios/SP_D2_333_143.56438_143.96902.wav;143,56438;143,96902;[no programa dele;no programa dele;0,40464000000000055;labaci;;[{'text': 'labaci', 'timestamp': (1.04, 1.34)}];1,0;1,0;1,0;0,875
./audios/SP_D2_333_144.55621_144.79246.wav;144,55621;144,79246;é;é;0,2362500000000125;é;;[{'text': 'é', 'timestamp': (1.04, 1.06)}];0,0;0,0;0,0;0,0
./audios/SP_D2_333_150.35897_151.04288.wav;150,35897;151,04288;[dos erres é;dos erres é;0,6839099999999974;pois este se;;[{'text': 'pois', 'timestamp': (1.02, 1.14)}, {'text': 'este', 'timestamp': (1.24, 1.42)}, {'text': 'se', 'timestamp': (1.52, 1.58)}];1,0;1,0;1,0;0,6363636363636364
./audios/SP_D2_333_160.48739_161.15936.wav;160,48739;161,15936;[exata;exata;0,6719699999999875;rosata;;[{'text': 'rosata', 'timestamp': (1.04, 1.52)}];1,0;1,0;1,0;0,6
./audios/SP_D2_333_167.02017_167.77468.wav;167,02017;167,77468;[dos cariocas;dos cariocas;0,754509999999982;gasqueriosa;;[{'text': 'gasqueriosa', 'timestamp': (1.04, 1.62)}];1,0;1,0;1,0;0,5833333333333334
./audios/SP_D2_333_169.52_187.00412.wav;169,52;187,00412;é e agora como o que domina o mercado é a Globo... e os estúdios da Globo... estão... no no Rio... isto faz com que... até os paulistas que vão para o Rio os artistas paulistas que [estão lá... eles começam a adoTAR... para não ficar diferente;é e agora como o que domina o mercado é a globo e os estúdios da globo estão no no rio isto faz com que até os paulistas que vão para o rio os artistas paulistas que estão lá eles começam a adotar para não ficar diferente;17,48411999999999;e agora como o que domina o mercado é a globo e os estudos da globo estão no rio isto faz com que até os paulistas que vão para o mínimo os artistas paulistas que estão eles começam a adotar para não ficar diferente;;[{'text': 'e', 'timestamp': (0.06, 0.08)}, {'text': 'agora', 'timestamp': (0.44, 0.7)}, {'text': 'como', 'timestamp': (0.78, 0.9)}, {'text': 'o', 'timestamp': (1.04, 1.06)}, {'text': 'que', 'timestamp': (1.12, 1.2)}, {'text': 'domina', 'timestamp': (1.28, 1.52)}, {'text': 'o', 'timestamp': (1.58, 1.6)}, {'text': 'mercado', 'timestamp': (1.66, 2.08)}, {'text': 'é', 'timestamp': (2.22, 2.24)}, {'text': 'a', 'timestamp': (2.32, 2.34)}, {'text': 'globo', 'timestamp': (2.42, 2.8)}, {'text': 'e', 'timestamp': (3.1, 3.12)}, {'text': 'os', 'timestamp': (3.32, 3.38)}, {'text': 'estudos', 'timestamp': (3.48, 3.78)}, {'text': 'da', 'timestamp': (3.84, 3.9)}, {'text': 'globo', 'timestamp': (3.98, 4.2)}, {'text': 'estão', 'timestamp': (4.6, 4.88)}, {'text': 'no', 'timestamp': (5.52, 5.6)}, {'text': 'rio', 'timestamp': (5.68, 5.84)}, {'text': 'isto', 'timestamp': (6.88, 7.04)}, {'text': 'faz', 'timestamp': (7.2, 7.4)}, {'text': 'com', 'timestamp': (7.52, 7.62)}, {'text': 'que', 'timestamp': (7.72, 7.78)}, {'text': 'até', 'timestamp': (8.58, 8.94)}, {'text': 'os', 'timestamp': (9.14, 9.2)}, {'text': 'paulistas', 'timestamp': (9.42, 10.1)}, {'text': 'que', 'timestamp': (10.36, 10.44)}, {'text': 'vão', 'timestamp': (10.56, 10.66)}, {'text': 'para', 'timestamp': (10.72, 10.84)}, {'text': 'o', 'timestamp': (10.86, 10.88)}, {'text': 'mínimo', 'timestamp': (10.96, 11.2)}, {'text': 'os', 'timestamp': (11.26, 11.3)}, {'text': 'artistas', 'timestamp': (11.38, 11.76)}, {'text': 'paulistas', 'timestamp': (11.86, 12.26)}, {'text': 'que', 'timestamp': (12.32, 12.4)}, {'text': 'estão', 'timestamp': (12.46, 12.6)}, {'text': 'eles', 'timestamp': (13.88, 14.1)}, {'text': 'começam', 'timestamp': (14.2, 14.66)}, {'text': 'a', 'timestamp': (14.7, 14.76)}, {'text': 'adotar', 'timestamp': (14.78, 15.4)}, {'text': 'para', 'timestamp': (15.96, 16.12)}, {'text': 'não', 'timestamp': (16.18, 16.26)}, {'text': 'ficar', 'timestamp': (16.34, 16.58)}, {'text': 'diferente', 'timestamp': (16.68, 17.24)}];0,10638297872340426;0,10638297872340426;0,14700193423597674;0,06334841628959276
./audios/SP_D2_333_187.47481_211.22737.wav;187,47481;211,22737;e:: uma vez:: que:: nós estamos aqui dando um depoimento sobre esse aspecto de linGUAgem... eu já enfoquei... na nas minhas crônicas da Folha... a pedra no caminho... que é... a:: a pronúncia... tão diferente... e mesmo... a maneira de falar as SINgularidades que tem cada região do país;e uma vez que nós estamos aqui dando um depoimento sobre esse aspecto de linguagem eu já enfoquei na nas minhas crônicas da folha a pedra no caminho que é a a pronúncia tão diferente e mesmo a maneira de falar as singularidades que tem cada região do país;23,752560000000017;e uma vez que nós estamos aqui dentro um depoimento sobre esse aspecto da linguagem eu já enfoquei na nas minhas crônicas da folha a pedra no caminho que é a a proúncia tão diferente e mesmo a maneira de falar as singularidades que tem em cada região do país;;[{'text': 'e', 'timestamp': (0.12, 0.14)}, {'text': 'uma', 'timestamp': (0.5, 0.6)}, {'text': 'vez', 'timestamp': (0.8, 1.0)}, {'text': 'que', 'timestamp': (1.46, 1.54)}, {'text': 'nós', 'timestamp': (2.26, 2.42)}, {'text': 'estamos', 'timestamp': (2.5, 2.92)}, {'text': 'aqui', 'timestamp': (3.04, 3.24)}, {'text': 'dentro', 'timestamp': (3.42, 3.66)}, {'text': 'um', 'timestamp': (3.76, 3.8)}, {'text': 'depoimento', 'timestamp': (3.86, 4.66)}, {'text': 'sobre', 'timestamp': (5.14, 5.28)}, {'text': 'esse', 'timestamp': (5.32, 5.46)}, {'text': 'aspecto', 'timestamp': (5.5, 5.92)}, {'text': 'da', 'timestamp': (6.02, 6.08)}, {'text': 'linguagem', 'timestamp': (6.18, 6.94)}, {'text': 'eu', 'timestamp': (7.6, 7.66)}, {'text': 'já', 'timestamp': (7.8, 7.86)}, {'text': 'enfoquei', 'timestamp': (8.16, 8.82)}, {'text': 'na', 'timestamp': (9.38, 9.44)}, {'text': 'nas', 'timestamp': (9.7, 9.84)}, {'text': 'minhas', 'timestamp': (9.94, 10.16)}, {'text': 'crônicas', 'timestamp': (10.28, 10.74)}, {'text': 'da', 'timestamp': (10.8, 10.86)}, {'text': 'folha', 'timestamp': (11.02, 11.38)}, {'text': 'a', 'timestamp': (12.08, 12.1)}, {'text': 'pedra', 'timestamp': (12.3, 12.64)}, {'text': 'no', 'timestamp': (12.72, 12.78)}, {'text': 'caminho', 'timestamp': (12.88, 13.34)}, {'text': 'que', 'timestamp': (14.06, 14.16)}, {'text': 'é', 'timestamp': (14.32, 14.34)}, {'text': 'a', 'timestamp': (15.24, 15.26)}, {'text': 'a', 'timestamp': (15.62, 15.64)}, {'text': 'proúncia', 'timestamp': (15.78, 16.6)}, {'text': 'tão', 'timestamp': (17.16, 17.28)}, {'text': 'diferente', 'timestamp': (17.4, 18.06)}, {'text': 'e', 'timestamp': (18.54, 18.56)}, {'text': 'mesmo', 'timestamp': (18.72, 19.04)}, {'text': 'a', 'timestamp': (19.92, 19.94)}, {'text': 'maneira', 'timestamp': (20.02, 20.46)}, {'text': 'de', 'timestamp': (20.54, 20.58)}, {'text': 'falar', 'timestamp': (20.7, 20.94)}, {'text': 'as', 'timestamp': (21.04, 21.08)}, {'text': 'singularidades', 'timestamp': (21.2, 22.08)}, {'text': 'que', 'timestamp': (22.16, 22.24)}, {'text': 'tem', 'timestamp': (22.3, 22.38)}, {'text': 'em', 'timestamp': (22.42, 22.46)}, {'text': 'cada', 'timestamp': (22.52, 22.68)}, {'text': 'região', 'timestamp': (22.76, 23.06)}, {'text': 'do', 'timestamp': (23.14, 23.2)}, {'text': 'país', 'timestamp': (23.28, 23.58)}];0,08163265306122448;0,08;0,13632653061224487;0,03137254901960784
./audios/SP_D2_333_211.55004_218.11955.wav;211,55004;218,11955;e e e que como isso constitui numa PEdra no caminho... quando é passado em termos de arte cênica;e e e que como isso constitui numa pedra no caminho quando é passado em termos de arte cênica;6,569510000000008;e e que como isso constitui uma pedra no caminho quando é passado em termos de arte cênica;;[{'text': 'e', 'timestamp': (0.1, 0.12)}, {'text': 'e', 'timestamp': (0.3, 0.32)}, {'text': 'que', 'timestamp': (0.96, 1.04)}, {'text': 'como', 'timestamp': (1.32, 1.46)}, {'text': 'isso', 'timestamp': (1.58, 1.74)}, {'text': 'constitui', 'timestamp': (1.86, 2.24)}, {'text': 'uma', 'timestamp': (2.36, 2.44)}, {'text': 'pedra', 'timestamp': (2.66, 2.92)}, {'text': 'no', 'timestamp': (2.98, 3.04)}, {'text': 'caminho', 'timestamp': (3.1, 3.4)}, {'text': 'quando', 'timestamp': (3.76, 3.92)}, {'text': 'é', 'timestamp': (4.02, 4.04)}, {'text': 'passado', 'timestamp': (4.14, 4.64)}, {'text': 'em', 'timestamp': (4.8, 4.86)}, {'text': 'termos', 'timestamp': (4.98, 5.26)}, {'text': 'de', 'timestamp': (5.34, 5.4)}, {'text': 'arte', 'timestamp': (5.48, 5.72)}, {'text': 'cênica', 'timestamp': (5.94, 6.36)}];0,10526315789473684;0,10526315789473684;0,1549707602339181;0,03225806451612903
./audios/SP_D2_333_218.43927_222.40288.wav;218,43927;222,40288;e no caso televisão uma vez que a televisão vai para o Brasil inteiro... não é?;e no caso televisão uma vez que a televisão vai para o brasil inteiro não é;3,963610000000017;e no caso televisão uma vez que a televisão vai para o brasil do inteiro não é;;[{'text': 'e', 'timestamp': (0.12, 0.14)}, {'text': 'no', 'timestamp': (0.22, 0.28)}, {'text': 'caso', 'timestamp': (0.4, 0.62)}, {'text': 'televisão', 'timestamp': (0.76, 1.26)}, {'text': 'uma', 'timestamp': (1.48, 1.56)}, {'text': 'vez', 'timestamp': (1.62, 1.7)}, {'text': 'que', 'timestamp': (1.76, 1.84)}, {'text': 'a', 'timestamp': (1.86, 1.88)}, {'text': 'televisão', 'timestamp': (1.92, 2.26)}, {'text': 'vai', 'timestamp': (2.34, 2.44)}, {'text': 'para', 'timestamp': (2.5, 2.6)}, {'text': 'o', 'timestamp': (2.62, 2.64)}, {'text': 'brasil', 'timestamp': (2.7, 2.96)}, {'text': 'do', 'timestamp': (3.04, 3.08)}, {'text': 'inteiro', 'timestamp': (3.12, 3.54)}, {'text': 'não', 'timestamp': (3.72, 3.82)}, {'text': 'é', 'timestamp': (3.84, 3.86)}];0,0625;0,058823529411764705;0,05882352941176472;0,04
./audios/SP_D2_333_222.88_226.46675.wav;222,88;226,46675;ar/ as redes... das grandes emissoras cobrem o Brasil inteiro;ar as redes das grandes emissoras cobrem o brasil inteiro;3,586749999999995;as redes das grandes emissoras cobrem o brasil inteiro;;[{'text': 'as', 'timestamp': (0.6, 0.68)}, {'text': 'redes', 'timestamp': (0.82, 1.16)}, {'text': 'das', 'timestamp': (1.48, 1.58)}, {'text': 'grandes', 'timestamp': (1.66, 1.9)}, {'text': 'emissoras', 'timestamp': (1.98, 2.42)}, {'text': 'cobrem', 'timestamp': (2.54, 2.8)}, {'text': 'o', 'timestamp': (2.84, 2.86)}, {'text': 'brasil', 'timestamp': (2.9, 3.16)}, {'text': 'inteiro', 'timestamp': (3.24, 3.5)}];0,1;0,1;0,09999999999999998;0,05263157894736842
./audios/SP_D2_333_226.83021_230.95411.wav;226,83021;230,95411;então... vôs/ --não sei se vocês acompanharam a polêmica em torno de Gabriela;então vôs não sei se vocês acompanharam a polêmica em torno de gabriela;4,123899999999992;então não sei se vocês acompanharam a polêmica em torno de gabriela;;[{'text': 'então', 'timestamp': (0.02, 0.3)}, {'text': 'não', 'timestamp': (0.98, 1.04)}, {'text': 'sei', 'timestamp': (1.08, 1.16)}, {'text': 'se', 'timestamp': (1.2, 1.24)}, {'text': 'vocês', 'timestamp': (1.28, 1.48)}, {'text': 'acompanharam', 'timestamp': (1.56, 2.2)}, {'text': 'a', 'timestamp': (2.34, 2.36)}, {'text': 'polêmica', 'timestamp': (2.48, 2.94)}, {'text': 'em', 'timestamp': (3.02, 3.06)}, {'text': 'torno', 'timestamp': (3.16, 3.36)}, {'text': 'de', 'timestamp': (3.42, 3.46)}, {'text': 'gabriela', 'timestamp': (3.54, 4.02)}];0,07692307692307693;0,07692307692307693;0,07692307692307687;0,056338028169014086
./audios/SP_D2_333_231.43375_251.76562.wav;231,43375;251,76562;Gabriela... a::h jornais baianos::... não é?... éh... fizeram... editoriais... a respeito de Gabriela... indignados porque... é é que aquela baiaNIce que se falava... lá não era [absolutamente... a maneira... como o baiano falava;gabriela ah jornais baianos não é eh fizeram editoriais a respeito de gabriela indignados porque é é que aquela baianice que se falava lá não era absolutamente a maneira como o baiano falava;20,33187000000001;gabriela os jornais baianos fizeram editoriais a respeito de gabriela indignados porque é que aquela baianice que se falava lá não era subtamente a maneira;;[{'text': 'gabriela', 'timestamp': (0.12, 0.62)}, {'text': 'os', 'timestamp': (2.06, 2.1)}, {'text': 'jornais', 'timestamp': (2.18, 2.52)}, {'text': 'baianos', 'timestamp': (2.62, 3.14)}, {'text': 'fizeram', 'timestamp': (4.56, 5.16)}, {'text': 'editoriais', 'timestamp': (5.9, 6.64)}, {'text': 'a', 'timestamp': (7.56, 7.58)}, {'text': 'respeito', 'timestamp': (7.64, 7.96)}, {'text': 'de', 'timestamp': (8.04, 8.08)}, {'text': 'gabriela', 'timestamp': (8.16, 8.64)}, {'text': 'indignados', 'timestamp': (9.04, 9.86)}, {'text': 'porque', 'timestamp': (10.04, 10.44)}, {'text': 'é', 'timestamp': (11.14, 11.16)}, {'text': 'que', 'timestamp': (11.72, 11.8)}, {'text': 'aquela', 'timestamp': (11.84, 12.04)}, {'text': 'baianice', 'timestamp': (12.22, 13.22)}, {'text': 'que', 'timestamp': (13.46, 13.52)}, {'text': 'se', 'timestamp': (13.66, 13.72)}, {'text': 'falava', 'timestamp': (13.88, 14.5)}, {'text': 'lá', 'timestamp': (15.22, 15.28)}, {'text': 'não', 'timestamp': (15.5, 15.62)}, {'text': 'era', 'timestamp': (15.7, 15.84)}, {'text': 'subtamente', 'timestamp': (16.12, 16.88)}, {'text': 'a', 'timestamp': (17.36, 17.38)}, {'text': 'maneira', 'timestamp': (17.46, 17.9)}];0,30303030303030304;0,30303030303030304;0,35878787878787877;0,20526315789473684
./audios/SP_D2_333_252.26116_257.73807.wav;252,26116;257,73807;depois ao correr da novela... eu tenho a impressão que eles foram aparando essas arestas;depois ao correr da novela eu tenho a impressão que eles foram aparando essas arestas;5,476910000000004;depois ao correr da novela eu tenho a impressão que eles foram aparando essas arestas;;[{'text': 'depois', 'timestamp': (0.12, 0.38)}, {'text': 'ao', 'timestamp': (0.42, 0.48)}, {'text': 'correr', 'timestamp': (0.6, 0.88)}, {'text': 'da', 'timestamp': (1.02, 1.06)}, {'text': 'novela', 'timestamp': (1.14, 1.6)}, {'text': 'eu', 'timestamp': (2.42, 2.48)}, {'text': 'tenho', 'timestamp': (2.54, 2.66)}, {'text': 'a', 'timestamp': (2.7, 2.72)}, {'text': 'impressão', 'timestamp': (2.74, 2.98)}, {'text': 'que', 'timestamp': (3.02, 3.1)}, {'text': 'eles', 'timestamp': (3.12, 3.22)}, {'text': 'foram', 'timestamp': (3.3, 3.5)}, {'text': 'aparando', 'timestamp': (3.68, 4.3)}, {'text': 'essas', 'timestamp': (4.5, 4.74)}, {'text': 'arestas', 'timestamp': (4.84, 5.36)}];0,0;0,0;0,0;0,0
./audios/SP_D2_333_258.06822_259.91056.wav;258,06822;259,91056;mas a verdade... é esta;mas a verdade é esta;1,8423399999999788;mas a verdade é esta;;[{'text': 'mas', 'timestamp': (0.04, 0.16)}, {'text': 'a', 'timestamp': (0.22, 0.24)}, {'text': 'verdade', 'timestamp': (0.3, 0.72)}, {'text': 'é', 'timestamp': (1.18, 1.2)}, {'text': 'esta', 'timestamp': (1.34, 1.7)}];0,0;0,0;0,0;0,0
./audios/SP_D2_333_260.2815_267.4457.wav;260,2815;267,4457;é no no:: por exemplo se... estão gravando agora este:: está passando está passando agora em São Paulo O Grito não é?;é no no por exemplo se estão gravando agora este está passando está passando agora em são paulo o grito não é;7,164199999999994;eh por exemplo sim estão gravando agora este está passando agora em são paulo grito né;;[{'text': 'eh', 'timestamp': (0.14, 0.18)}, {'text': 'por', 'timestamp': (1.08, 1.16)}, {'text': 'exemplo', 'timestamp': (1.24, 1.54)}, {'text': 'sim', 'timestamp': (1.68, 1.8)}, {'text': 'estão', 'timestamp': (2.3, 2.46)}, {'text': 'gravando', 'timestamp': (2.52, 2.86)}, {'text': 'agora', 'timestamp': (3.22, 3.5)}, {'text': 'este', 'timestamp': (3.6, 4.4)}, {'text': 'está', 'timestamp': (5.08, 5.22)}, {'text': 'passando', 'timestamp': (5.32, 5.6)}, {'text': 'agora', 'timestamp': (5.68, 5.84)}, {'text': 'em', 'timestamp': (5.88, 5.92)}, {'text': 'são', 'timestamp': (5.98, 6.06)}, {'text': 'paulo', 'timestamp': (6.18, 6.38)}, {'text': 'grito', 'timestamp': (6.54, 6.86)}, {'text': 'né', 'timestamp': (6.96, 7.12)}];0,4090909090909091;0,4090909090909091;0,5198863636363635;0,25688073394495414
./audios/SP_D2_333_267.4457_269.05263.wav;267,4457;269,05263;no no Brasil todo aliás;no no brasil todo aliás;1,606930000000034;o brasão todo as;;[{'text': 'o', 'timestamp': (0.04, 0.08)}, {'text': 'brasão', 'timestamp': (0.3, 0.52)}, {'text': 'todo', 'timestamp': (0.64, 0.8)}, {'text': 'as', 'timestamp': (0.98, 1.14)}];0,8;0,8;0,95;0,391304347826087
./audios/SP_D2_333_269.05263_272.90905.wav;269,05263;272,90905;O Grito de Jorge Andrade que é um excelente autor e um autor paulista;o grito de jorge andrade que é um excelente autor e um autor paulista;3,8564199999999573;o grito de jorge andrade que é um excelente autor e um autor paulista;;[{'text': 'o', 'timestamp': (0.06, 0.08)}, {'text': 'grito', 'timestamp': (0.12, 0.32)}, {'text': 'de', 'timestamp': (0.38, 0.42)}, {'text': 'jorge', 'timestamp': (0.52, 0.76)}, {'text': 'andrade', 'timestamp': (0.8, 1.16)}, {'text': 'que', 'timestamp': (1.24, 1.32)}, {'text': 'é', 'timestamp': (1.34, 1.4)}, {'text': 'um', 'timestamp': (1.46, 1.5)}, {'text': 'excelente', 'timestamp': (1.58, 2.14)}, {'text': 'autor', 'timestamp': (2.28, 2.64)}, {'text': 'e', 'timestamp': (2.7, 2.72)}, {'text': 'um', 'timestamp': (2.8, 2.84)}, {'text': 'autor', 'timestamp': (2.9, 3.14)}, {'text': 'paulista', 'timestamp': (3.26, 3.76)}];0,0;0,0;0,0;0,0
./audios/SP_D2_333_273.51611_279.15386.wav;273,51611;279,15386;pois bem uma grande atriz que é a Maria Fernanda... faz... uma paulista de quatrocentos anos;pois bem uma grande atriz que é a maria fernanda faz uma paulista de quatrocentos anos;5,637749999999983;pois bem uma granda que a maria fernanda faz uma paulista de anos;;[{'text': 'pois', 'timestamp': (0.06, 0.2)}, {'text': 'bem', 'timestamp': (0.28, 0.38)}, {'text': 'uma', 'timestamp': (0.58, 0.7)}, {'text': 'granda', 'timestamp': (0.88, 1.3)}, {'text': 'que', 'timestamp': (2.0, 2.08)}, {'text': 'a', 'timestamp': (2.14, 2.16)}, {'text': 'maria', 'timestamp': (2.22, 2.4)}, {'text': 'fernanda', 'timestamp': (2.48, 2.8)}, {'text': 'faz', 'timestamp': (3.4, 3.66)}, {'text': 'uma', 'timestamp': (4.08, 4.16)}, {'text': 'paulista', 'timestamp': (4.26, 4.66)}, {'text': 'de', 'timestamp': (4.7, 4.74)}, {'text': 'anos', 'timestamp': (5.3, 5.5)}];0,25;0,25;0,3076923076923077;0,2441860465116279
./audios/SP_D2_333_279.49354_285.24188.wav;279,49354;285,24188;eXAtamente com a linguagem que você assinalou... de esses sibilantes como cobras;exatamente com a linguagem que você assinalou de esses sibilantes como cobras;5,748339999999985;exatamente com a linguagem que você assinalou de exces sibilantes como cobras;;[{'text': 'exatamente', 'timestamp': (0.08, 0.9)}, {'text': 'com', 'timestamp': (1.04, 1.12)}, {'text': 'a', 'timestamp': (1.16, 1.18)}, {'text': 'linguagem', 'timestamp': (1.24, 1.84)}, {'text': 'que', 'timestamp': (1.92, 1.98)}, {'text': 'você', 'timestamp': (2.06, 2.26)}, {'text': 'assinalou', 'timestamp': (2.36, 2.9)}, {'text': 'de', 'timestamp': (3.4, 3.46)}, {'text': 'exces', 'timestamp': (3.6, 4.04)}, {'text': 'sibilantes', 'timestamp': (4.16, 4.68)}, {'text': 'como', 'timestamp': (4.78, 4.92)}, {'text': 'cobras', 'timestamp': (5.04, 5.4)}];0,08333333333333333;0,08333333333333333;0,15972222222222232;0,025974025974025976
./audios/SP_D2_333_285.78279_290.64.wav;285,78279;290,64;que Maria Fernanda tem todos aqueles cacoetes de [linguagem... [de uma carioca;que maria fernanda tem todos aqueles cacoetes de linguagem de uma carioca;4,857210000000009;que maria fernanda tem todos aqueles cacoetes de linguagem e nunca morou aqui carioca;;[{'text': 'que', 'timestamp': (0.1, 0.2)}, {'text': 'maria', 'timestamp': (0.24, 0.4)}, {'text': 'fernanda', 'timestamp': (0.5, 0.9)}, {'text': 'tem', 'timestamp': (1.0, 1.08)}, {'text': 'todos', 'timestamp': (1.26, 1.44)}, {'text': 'aqueles', 'timestamp': (1.48, 1.72)}, {'text': 'cacoetes', 'timestamp': (1.82, 2.32)}, {'text': 'de', 'timestamp': (2.38, 2.42)}, {'text': 'linguagem', 'timestamp': (2.48, 3.02)}, {'text': 'e', 'timestamp': (3.1, 3.12)}, {'text': 'nunca', 'timestamp': (3.24, 3.4)}, {'text': 'morou', 'timestamp': (3.48, 3.66)}, {'text': 'aqui', 'timestamp': (3.7, 3.9)}, {'text': 'carioca', 'timestamp': (4.2, 4.7)}];0,3333333333333333;0,2857142857142857;0,40476190476190477;0,1917808219178082
./audios/SP_D2_333_290.64_290.83331.wav;290,64;290,83331;[é;é;0,19330999999999676;e;;[{'text': 'e', 'timestamp': (1.16, 1.18)}];1,0;1,0;1,0;1,0
./audios/SP_D2_333_291.44417_292.44063.wav;291,44417;292,44063;[e é uma grande atriz;e é uma grande atriz;0,9964600000000132;e é uma semetres;;[{'text': 'e', 'timestamp': (1.02, 1.04)}, {'text': 'é', 'timestamp': (1.08, 1.1)}, {'text': 'uma', 'timestamp': (1.18, 1.24)}, {'text': 'semetres', 'timestamp': (1.4, 1.9)}];0,4;0,4;0,55;0,45
./audios/SP_D2_333_292.72_320.89394.wav;292,72;320,89394;então choca demais aquela paulista quatrocenTOna que ele faz bem griFAdo... aliás de uma maneira um pouco calcada demais porque esse tipo acho que já se diluiu nem existe mais... mas... fica fica muito falso ver-se então uma paulista... éh:: que faz questão de morar:: na casa em que moraram seus ancestrais... embora seja na borda do Minhocão... ela faz questão... porque foi ali que os pais moraram por sinal;então choca demais aquela paulista quatrocentona que ele faz bem grifado aliás de uma maneira um pouco calcada demais porque esse tipo acho que já se diluiu nem existe mais mas fica fica muito falso verse então uma paulista eh que faz questão de morar na casa em que moraram seus ancestrais embora seja na borda do minhocão ela faz questão porque foi ali que os pais moraram por sinal;28,17393999999996;então choca demais aquela paulista quatrocentona que ele faz bem grifando aliás de uma maneira um pouco calcada demais porque esse tipo acho que já se diluiu nem existe mais mas fica fica muito falta su verso então uma paulista e que faz questão de morar na casa em que moraram seus assestados embora seja na borda do minhocão ela faz questão poral;;[{'text': 'então', 'timestamp': (0.04, 0.26)}, {'text': 'choca', 'timestamp': (0.5, 0.84)}, {'text': 'demais', 'timestamp': (0.96, 1.36)}, {'text': 'aquela', 'timestamp': (1.62, 1.88)}, {'text': 'paulista', 'timestamp': (1.98, 2.4)}, {'text': 'quatrocentona', 'timestamp': (2.54, 3.58)}, {'text': 'que', 'timestamp': (3.66, 3.72)}, {'text': 'ele', 'timestamp': (3.76, 3.84)}, {'text': 'faz', 'timestamp': (3.92, 4.08)}, {'text': 'bem', 'timestamp': (4.16, 4.26)}, {'text': 'grifando', 'timestamp': (4.38, 5.12)}, {'text': 'aliás', 'timestamp': (5.78, 5.96)}, {'text': 'de', 'timestamp': (6.02, 6.06)}, {'text': 'uma', 'timestamp': (6.08, 6.16)}, {'text': 'maneira', 'timestamp': (6.22, 6.5)}, {'text': 'um', 'timestamp': (6.56, 6.62)}, {'text': 'pouco', 'timestamp': (6.76, 6.98)}, {'text': 'calcada', 'timestamp': (7.28, 7.8)}, {'text': 'demais', 'timestamp': (7.9, 8.2)}, {'text': 'porque', 'timestamp': (8.28, 8.48)}, {'text': 'esse', 'timestamp': (8.68, 8.84)}, {'text': 'tipo', 'timestamp': (8.94, 9.08)}, {'text': 'acho', 'timestamp': (9.1, 9.22)}, {'text': 'que', 'timestamp': (9.24, 9.3)}, {'text': 'já', 'timestamp': (9.36, 9.4)}, {'text': 'se', 'timestamp': (9.5, 9.54)}, {'text': 'diluiu', 'timestamp': (9.66, 9.92)}, {'text': 'nem', 'timestamp': (10.0, 10.08)}, {'text': 'existe', 'timestamp': (10.16, 10.44)}, {'text': 'mais', 'timestamp': (10.52, 10.64)}, {'text': 'mas', 'timestamp': (11.74, 11.94)}, {'text': 'fica', 'timestamp': (13.02, 13.24)}, {'text': 'fica', 'timestamp': (13.48, 13.62)}, {'text': 'muito', 'timestamp': (13.68, 13.8)}, {'text': 'falta', 'timestamp': (13.96, 14.22)}, {'text': 'su', 'timestamp': (14.36, 14.42)}, {'text': 'verso', 'timestamp': (14.58, 14.9)}, {'text': 'então', 'timestamp': (14.94, 15.2)}, {'text': 'uma', 'timestamp': (15.38, 15.46)}, {'text': 'paulista', 'timestamp': (15.6, 16.28)}, {'text': 'e', 'timestamp': (17.02, 17.04)}, {'text': 'que', 'timestamp': (17.54, 17.62)}, {'text': 'faz', 'timestamp': (17.7, 17.84)}, {'text': 'questão', 'timestamp': (17.92, 18.34)}, {'text': 'de', 'timestamp': (18.46, 18.5)}, {'text': 'morar', 'timestamp': (18.62, 18.98)}, {'text': 'na', 'timestamp': (19.14, 19.2)}, {'text': 'casa', 'timestamp': (19.38, 19.82)}, {'text': 'em', 'timestamp': (19.96, 20.02)}, {'text': 'que', 'timestamp': (20.08, 20.14)}, {'text': 'moraram', 'timestamp': (20.24, 20.62)}, {'text': 'seus', 'timestamp': (20.74, 20.88)}, {'text': 'assestados', 'timestamp': (20.96, 21.7)}, {'text': 'embora', 'timestamp': (22.36, 22.64)}, {'text': 'seja', 'timestamp': (22.78, 22.98)}, {'text': 'na', 'timestamp': (23.04, 23.08)}, {'text': 'borda', 'timestamp': (23.22, 23.44)}, {'text': 'do', 'timestamp': (23.48, 23.54)}, {'text': 'minhocão', 'timestamp': (23.6, 24.18)}, {'text': 'ela', 'timestamp': (24.6, 24.7)}, {'text': 'faz', 'timestamp': (24.8, 24.94)}, {'text': 'questão', 'timestamp': (25.04, 25.48)}, {'text': 'poral', 'timestamp': (26.06, 26.28)}];0,21428571428571427;0,2112676056338028;0,28888888888888886;0,1328125
./audios/SP_D2_333_320.89394_325.61257.wav;320,89394;325,61257;então muito conservadora... falando como uma carioca com esses sibilantes;então muito conservadora falando como uma carioca com esses sibilantes;4,718630000000019;então muito conservadora falando como uma carioca com esses sibilantes;;[{'text': 'então', 'timestamp': (0.04, 0.24)}, {'text': 'muito', 'timestamp': (0.4, 0.6)}, {'text': 'conservadora', 'timestamp': (0.72, 1.44)}, {'text': 'falando', 'timestamp': (1.98, 2.34)}, {'text': 'como', 'timestamp': (2.48, 2.62)}, {'text': 'uma', 'timestamp': (2.66, 2.76)}, {'text': 'carioca', 'timestamp': (2.86, 3.38)}, {'text': 'com', 'timestamp': (3.48, 3.54)}, {'text': 'esses', 'timestamp': (3.62, 3.86)}, {'text': 'sibilantes', 'timestamp': (3.98, 4.54)}];0,0;0,0;0,0;0,0
./audios/SP_D2_333_325.91958_330.05052.wav;325,91958;330,05052;então isso é uma... PEdra... que eu vejo no caminho... nosso;então isso é uma pedra que eu vejo no caminho nosso;4,13094000000001;então isso é uma pedra que eu vejo no caminho nosso;;[{'text': 'então', 'timestamp': (0.08, 0.26)}, {'text': 'isso', 'timestamp': (0.4, 0.54)}, {'text': 'é', 'timestamp': (0.6, 0.62)}, {'text': 'uma', 'timestamp': (0.66, 0.74)}, {'text': 'pedra', 'timestamp': (1.12, 1.74)}, {'text': 'que', 'timestamp': (2.1, 2.16)}, {'text': 'eu', 'timestamp': (2.22, 2.26)}, {'text': 'vejo', 'timestamp': (2.34, 2.64)}, {'text': 'no', 'timestamp': (2.76, 2.84)}, {'text': 'caminho', 'timestamp': (2.92, 3.26)}, {'text': 'nosso', 'timestamp': (3.54, 3.94)}];0,0;0,0;0,0;0,0
./audios/SP_D2_333_330.76_333.20189.wav;330,76;333,20189;e:: não sei como isto será resolvido;e não sei como isto será resolvido;2,441890000000001;e não sei como isto será resolvido;;[{'text': 'e', 'timestamp': (0.04, 0.06)}, {'text': 'não', 'timestamp': (0.5, 0.6)}, {'text': 'sei', 'timestamp': (0.76, 0.9)}, {'text': 'como', 'timestamp': (1.0, 1.14)}, {'text': 'isto', 'timestamp': (1.24, 1.44)}, {'text': 'será', 'timestamp': (1.54, 1.68)}, {'text': 'resolvido', 'timestamp': (1.8, 2.26)}];0,0;0,0;0,0;0,0
./audios/SP_D2_333_333.48_339.9053.wav;333,48;339,9053;eu acredito que será louvável o empenho do governo... numa Unificação pelo menos de pronúncia;eu acredito que será louvável o empenho do governo numa unificação pelo menos de pronúncia;6,425299999999993;eu acredito que será louvável o empenho do governo numa unificação pelo menos de pronúncia;;[{'text': 'eu', 'timestamp': (0.04, 0.16)}, {'text': 'acredito', 'timestamp': (0.22, 0.72)}, {'text': 'que', 'timestamp': (0.9, 0.96)}, {'text': 'será', 'timestamp': (1.04, 1.2)}, {'text': 'louvável', 'timestamp': (1.32, 1.82)}, {'text': 'o', 'timestamp': (1.92, 1.94)}, {'text': 'empenho', 'timestamp': (1.98, 2.32)}, {'text': 'do', 'timestamp': (2.4, 2.46)}, {'text': 'governo', 'timestamp': (2.52, 2.88)}, {'text': 'numa', 'timestamp': (3.34, 3.5)}, {'text': 'unificação', 'timestamp': (3.68, 4.68)}, {'text': 'pelo', 'timestamp': (4.82, 4.96)}, {'text': 'menos', 'timestamp': (5.06, 5.26)}, {'text': 'de', 'timestamp': (5.32, 5.38)}, {'text': 'pronúncia', 'timestamp': (5.5, 6.26)}];0,0;0,0;0,0;0,0
./audios/SP_D2_333_340.33853_343.84.wav;340,33853;343,84;mas que deveria de começar na escola primária... não é?;mas que deveria de começar na escola primária não é;3,5014699999999834;mas que deveria de começar na escola primária não é;;[{'text': 'mas', 'timestamp': (0.06, 0.16)}, {'text': 'que', 'timestamp': (0.22, 0.28)}, {'text': 'deveria', 'timestamp': (0.38, 0.88)}, {'text': 'de', 'timestamp': (0.96, 1.02)}, {'text': 'começar', 'timestamp': (1.18, 1.7)}, {'text': 'na', 'timestamp': (1.84, 1.9)}, {'text': 'escola', 'timestamp': (1.98, 2.34)}, {'text': 'primária', 'timestamp': (2.46, 3.0)}, {'text': 'não', 'timestamp': (3.22, 3.28)}, {'text': 'é', 'timestamp': (3.34, 3.36)}];0,0;0,0;0,0;0,0
./audios/SP_D2_333_344.07234_347.27624.wav;344,07234;347,27624;ensinar dicÇÃO... na escola primária;ensinar dicção na escola primária;3,203899999999976;ensinar dicção na escola primária;;[{'text': 'ensinar', 'timestamp': (0.08, 0.5)}, {'text': 'dicção', 'timestamp': (0.68, 1.22)}, {'text': 'na', 'timestamp': (1.94, 2.0)}, {'text': 'escola', 'timestamp': (2.08, 2.54)}, {'text': 'primária', 'timestamp': (2.66, 3.14)}];0,0;0,0;0,0;0,0
./audios/SP_D2_333_347.27624_349.53047.wav;347,27624;349,53047;e de uma certa forma unificada;e de uma certa forma unificada;2,254230000000007;e de uma certa forma unificada;;[{'text': 'e', 'timestamp': (0.1, 0.12)}, {'text': 'de', 'timestamp': (0.2, 0.24)}, {'text': 'uma', 'timestamp': (0.28, 0.38)}, {'text': 'certa', 'timestamp': (0.52, 0.76)}, {'text': 'forma', 'timestamp': (0.92, 1.18)}, {'text': 'unificada', 'timestamp': (1.4, 2.06)}];0,0;0,0;0,0;0,0
./audios/SP_D2_333_357.10531_357.77169.wav;357,10531;357,77169;[comoção;comoção;0,6663800000000037;redação aqui;;[{'text': 'redação', 'timestamp': (1.08, 1.48)}, {'text': 'aqui', 'timestamp': (1.56, 1.76)}];2,0;1,0;1,0;1,2857142857142858
./audios/SP_D2_333_364.38762_366.01833.wav;364,38762;366,01833;uns não [entendem os outros;uns não entendem os outros;1,630709999999965;o monstro me entender o certo;;[{'text': 'o', 'timestamp': (0.04, 0.08)}, {'text': 'monstro', 'timestamp': (0.24, 0.46)}, {'text': 'me', 'timestamp': (0.5, 0.54)}, {'text': 'entender', 'timestamp': (0.58, 0.86)}, {'text': 'o', 'timestamp': (1.02, 1.04)}, {'text': 'certo', 'timestamp': (1.14, 1.36)}];1,2;1,0;1,0;0,6538461538461539
./audios/SP_D2_333_366.72_369.61601.wav;366,72;369,61601;[pois é mas eles são muito [definidos ô ô Isa;pois é mas eles são muito definidos ô ô isa;2,8960099999999898;por dizer mas eles são muito definido e;;[{'text': 'por', 'timestamp': (0.04, 0.12)}, {'text': 'dizer', 'timestamp': (0.16, 0.3)}, {'text': 'mas', 'timestamp': (0.42, 0.52)}, {'text': 'eles', 'timestamp': (0.6, 0.7)}, {'text': 'são', 'timestamp': (0.76, 0.84)}, {'text': 'muito', 'timestamp': (0.94, 1.06)}, {'text': 'definido', 'timestamp': (1.18, 2.52)}, {'text': 'e', 'timestamp': (2.76, 2.78)}];0,6;0,6;0,8;0,32558139534883723
./audios/SP_D2_333_369.61601_382.32115.wav;369,61601;382,32115;eles são muito definidos e isso faz com que no palco por exemplo... uma pessoa de Marselha... um:: um habitante de Marselha... ou um artista que faz o marselhês... então [eles;eles são muito definidos e isso faz com que no palco por exemplo uma pessoa de marselha um um habitante de marselha ou um artista que faz o marselhês então eles;12,705139999999972;eles são muito definidos e isto faz com que no palco por exemplo uma pessoa de marcélia uma habitante de marcélia ou um artista que faz o marselheses se reuniam;;[{'text': 'eles', 'timestamp': (0.04, 0.2)}, {'text': 'são', 'timestamp': (0.26, 0.36)}, {'text': 'muito', 'timestamp': (0.44, 0.58)}, {'text': 'definidos', 'timestamp': (0.66, 1.28)}, {'text': 'e', 'timestamp': (1.42, 1.44)}, {'text': 'isto', 'timestamp': (1.54, 1.72)}, {'text': 'faz', 'timestamp': (1.88, 2.08)}, {'text': 'com', 'timestamp': (2.14, 2.22)}, {'text': 'que', 'timestamp': (2.28, 2.34)}, {'text': 'no', 'timestamp': (2.42, 2.5)}, {'text': 'palco', 'timestamp': (2.62, 2.94)}, {'text': 'por', 'timestamp': (3.08, 3.16)}, {'text': 'exemplo', 'timestamp': (3.22, 3.58)}, {'text': 'uma', 'timestamp': (4.08, 4.24)}, {'text': 'pessoa', 'timestamp': (4.46, 4.84)}, {'text': 'de', 'timestamp': (4.9, 4.96)}, {'text': 'marcélia', 'timestamp': (5.04, 5.72)}, {'text': 'uma', 'timestamp': (6.84, 6.9)}, {'text': 'habitante', 'timestamp': (6.94, 7.26)}, {'text': 'de', 'timestamp': (7.32, 7.36)}, {'text': 'marcélia', 'timestamp': (7.42, 7.98)}, {'text': 'ou', 'timestamp': (8.38, 8.44)}, {'text': 'um', 'timestamp': (8.52, 8.58)}, {'text': 'artista', 'timestamp': (8.66, 9.28)}, {'text': 'que', 'timestamp': (9.4, 9.46)}, {'text': 'faz', 'timestamp': (9.6, 9.78)}, {'text': 'o', 'timestamp': (9.86, 9.88)}, {'text': 'marselheses', 'timestamp': (9.96, 12.18)}, {'text': 'se', 'timestamp': (12.22, 12.28)}, {'text': 'reuniam', 'timestamp': (12.34, 12.66)}];0,25806451612903225;0,25806451612903225;0,4311827956989247;0,1375
./audios/SP_D2_333_382.76_389.16655.wav;382,76;389,16655;eles se ironizam ele SAbe a maneira como ele deve falar não é?... as deformações que ele deve dar ao francês;eles se ironizam ele sabe a maneira como ele deve falar não é as deformações que ele deve dar ao francês;6,4065499999999815;eles ironizam e ele sabe a maneira como ele deve de falar as deformações que ele deve de dar ao francês;;[{'text': 'eles', 'timestamp': (0.04, 0.12)}, {'text': 'ironizam', 'timestamp': (0.22, 0.74)}, {'text': 'e', 'timestamp': (0.8, 0.82)}, {'text': 'ele', 'timestamp': (0.88, 0.98)}, {'text': 'sabe', 'timestamp': (1.16, 1.46)}, {'text': 'a', 'timestamp': (1.56, 1.58)}, {'text': 'maneira', 'timestamp': (1.64, 2.04)}, {'text': 'como', 'timestamp': (2.1, 2.2)}, {'text': 'ele', 'timestamp': (2.26, 2.32)}, {'text': 'deve', 'timestamp': (2.36, 2.48)}, {'text': 'de', 'timestamp': (2.54, 2.58)}, {'text': 'falar', 'timestamp': (2.66, 3.02)}, {'text': 'as', 'timestamp': (3.76, 3.82)}, {'text': 'deformações', 'timestamp': (3.92, 4.86)}, {'text': 'que', 'timestamp': (4.98, 5.04)}, {'text': 'ele', 'timestamp': (5.1, 5.16)}, {'text': 'deve', 'timestamp': (5.22, 5.4)}, {'text': 'de', 'timestamp': (5.44, 5.52)}, {'text': 'dar', 'timestamp': (5.58, 5.7)}, {'text': 'ao', 'timestamp': (5.78, 5.82)}, {'text': 'francês', 'timestamp': (5.9, 6.3)}];0,2857142857142857;0,2608695652173913;0,34467120181405897;0,16346153846153846
./audios/SP_D2_333_389.98861_409.10056.wav;389,98861;409,10056;ao passo que aqui no Brasil... éh éh não há um:: nada conceitual --vamos dizer--... a respeito... hã do:: da Fonética não é?... e:: e não havendo uma codificação éh éh um uma nada normativo... [ah fica ao sabor:: do do [popular [não é?;ao passo que aqui no brasil eh eh não há um nada conceitual vamos dizer a respeito ah do da fonética não é e e não havendo uma codificação eh eh um uma nada normativo ah fica ao sabor do do popular não é;19,11194999999998;ao passo que aqui no brasil não há nada conceitual vamos dizer a respeito da fonética não é e não havendo uma codificação nada normativo fica o sabor de secular não;;[{'text': 'ao', 'timestamp': (0.08, 0.14)}, {'text': 'passo', 'timestamp': (0.24, 0.44)}, {'text': 'que', 'timestamp': (0.52, 0.58)}, {'text': 'aqui', 'timestamp': (0.72, 0.88)}, {'text': 'no', 'timestamp': (0.98, 1.02)}, {'text': 'brasil', 'timestamp': (1.1, 1.54)}, {'text': 'não', 'timestamp': (2.36, 2.48)}, {'text': 'há', 'timestamp': (2.62, 2.66)}, {'text': 'nada', 'timestamp': (3.34, 3.56)}, {'text': 'conceitual', 'timestamp': (3.7, 4.52)}, {'text': 'vamos', 'timestamp': (4.72, 4.9)}, {'text': 'dizer', 'timestamp': (4.98, 5.28)}, {'text': 'a', 'timestamp': (5.78, 5.8)}, {'text': 'respeito', 'timestamp': (5.88, 6.6)}, {'text': 'da', 'timestamp': (8.02, 8.1)}, {'text': 'fonética', 'timestamp': (8.18, 8.82)}, {'text': 'não', 'timestamp': (9.08, 9.16)}, {'text': 'é', 'timestamp': (9.2, 9.24)}, {'text': 'e', 'timestamp': (9.96, 9.98)}, {'text': 'não', 'timestamp': (10.94, 11.04)}, {'text': 'havendo', 'timestamp': (11.12, 11.38)}, {'text': 'uma', 'timestamp': (11.44, 11.52)}, {'text': 'codificação', 'timestamp': (11.68, 12.6)}, {'text': 'nada', 'timestamp': (14.08, 14.3)}, {'text': 'normativo', 'timestamp': (14.4, 15.2)}, {'text': 'fica', 'timestamp': (16.74, 16.92)}, {'text': 'o', 'timestamp': (16.98, 17.0)}, {'text': 'sabor', 'timestamp': (17.12, 17.54)}, {'text': 'de', 'timestamp': (18.14, 18.2)}, {'text': 'secular', 'timestamp': (18.3, 18.74)}, {'text': 'não', 'timestamp': (18.9, 18.98)}];0,36363636363636365;0,36363636363636365;0,4252199413489737;0,21182266009852216
./audios/SP_D2_333_415.43882_416.14036.wav;415,43882;416,14036;é e [hoje;é e hoje;0,7015399999999659;periodo do aco;;[{'text': 'periodo', 'timestamp': (1.0, 1.48)}, {'text': 'do', 'timestamp': (1.54, 1.58)}, {'text': 'aco', 'timestamp': (1.64, 1.82)}];1,0;1,0;1,0;1,5
./audios/SP_D2_333_417.53265_417.7625.wav;417,53265;417,7625;[é;é;0,229849999999999;e;;[{'text': 'e', 'timestamp': (0.82, 0.88)}];1,0;1,0;1,0;1,0
./audios/SP_D2_333_419.00356_419.5403.wav;419,00356;419,5403;[viu?;viu;0,5367400000000089;pro país;;[{'text': 'pro', 'timestamp': (0.98, 1.1)}, {'text': 'país', 'timestamp': (1.16, 1.4)}];2,0;1,0;1,0;2,6666666666666665
./audios/SP_D2_333_419.78291_426.76644.wav;419,78291;426,76644;[mas é por isso que eu digo que a a às vezes a gente diz ''bom esses artistas deviam de cursar... ah a escola de arte dramática'';mas é por isso que eu digo que a a às vezes a gente diz bom esses artistas deviam de cursar ah a escola de arte dramática;6,983529999999973;mas é por isso que eu digo que às vezes a gente diz bom esses artistas deviam de cursar a escola de arte dramática;;[{'text': 'mas', 'timestamp': (0.06, 0.18)}, {'text': 'é', 'timestamp': (0.26, 0.28)}, {'text': 'por', 'timestamp': (0.34, 0.44)}, {'text': 'isso', 'timestamp': (0.48, 0.62)}, {'text': 'que', 'timestamp': (0.72, 0.78)}, {'text': 'eu', 'timestamp': (0.8, 0.86)}, {'text': 'digo', 'timestamp': (0.94, 1.16)}, {'text': 'que', 'timestamp': (1.28, 1.36)}, {'text': 'às', 'timestamp': (2.08, 2.14)}, {'text': 'vezes', 'timestamp': (2.2, 2.36)}, {'text': 'a', 'timestamp': (2.42, 2.44)}, {'text': 'gente', 'timestamp': (2.48, 2.66)}, {'text': 'diz', 'timestamp': (2.78, 2.92)}, {'text': 'bom', 'timestamp': (3.02, 3.14)}, {'text': 'esses', 'timestamp': (3.3, 3.5)}, {'text': 'artistas', 'timestamp': (3.56, 4.04)}, {'text': 'deviam', 'timestamp': (4.06, 4.26)}, {'text': 'de', 'timestamp': (4.3, 4.34)}, {'text': 'cursar', 'timestamp': (4.44, 4.88)}, {'text': 'a', 'timestamp': (5.52, 5.54)}, {'text': 'escola', 'timestamp': (5.76, 6.04)}, {'text': 'de', 'timestamp': (6.1, 6.14)}, {'text': 'arte', 'timestamp': (6.18, 6.32)}, {'text': 'dramática', 'timestamp': (6.42, 6.92)}];0,1111111111111111;0,1111111111111111;0,11111111111111116;0,05785123966942149
./audios/SP_D2_333_426.86961_431.80144.wav;426,86961;431,80144;a maioria dos bons artistas que nós temos hoje na televisão cursou escola de [arte dramática... [sobretudo aqui de São Paulo;a maioria dos bons artistas que nós temos hoje na televisão cursou escola de arte dramática sobretudo aqui de são paulo;4,931829999999991;a maioria dos bons artes os que nós temos hoje no triscou a escola de ardesobretudo em são paulo;;[{'text': 'a', 'timestamp': (0.04, 0.06)}, {'text': 'maioria', 'timestamp': (0.12, 0.48)}, {'text': 'dos', 'timestamp': (0.52, 0.62)}, {'text': 'bons', 'timestamp': (0.68, 0.82)}, {'text': 'artes', 'timestamp': (0.88, 1.16)}, {'text': 'os', 'timestamp': (1.2, 1.26)}, {'text': 'que', 'timestamp': (1.3, 1.36)}, {'text': 'nós', 'timestamp': (1.38, 1.46)}, {'text': 'temos', 'timestamp': (1.54, 1.7)}, {'text': 'hoje', 'timestamp': (1.76, 1.86)}, {'text': 'no', 'timestamp': (1.9, 1.94)}, {'text': 'triscou', 'timestamp': (2.02, 2.68)}, {'text': 'a', 'timestamp': (2.72, 2.74)}, {'text': 'escola', 'timestamp': (2.78, 2.98)}, {'text': 'de', 'timestamp': (3.02, 3.06)}, {'text': 'ardesobretudo', 'timestamp': (3.1, 4.18)}, {'text': 'em', 'timestamp': (4.3, 4.42)}, {'text': 'são', 'timestamp': (4.46, 4.56)}, {'text': 'paulo', 'timestamp': (4.66, 4.88)}];0,47619047619047616;0,45454545454545453;0,6390977443609023;0,2857142857142857
./audios/SP_D2_333_432.52104_435.46149.wav;432,52104;435,46149;[e... e isso e:: todavia falam:: MUI::to;e e isso e todavia falam muito;2,9404499999999985;e se todavia falam muito;;[{'text': 'e', 'timestamp': (0.58, 0.6)}, {'text': 'se', 'timestamp': (0.66, 0.76)}, {'text': 'todavia', 'timestamp': (1.3, 1.66)}, {'text': 'falam', 'timestamp': (1.94, 2.18)}, {'text': 'muito', 'timestamp': (2.48, 2.74)}];0,42857142857142855;0,42857142857142855;0,5428571428571429;0,2
./audios/SP_D2_333_435.46149_437.52.wav;435,46149;437,52;Araci Balabanian é uma das poucas que fala bem;araci balabanian é uma das poucas que fala bem;2,0585099999999557;o aracy balabanian é uma das poucas que fala bem;;[{'text': 'o', 'timestamp': (0.04, 0.06)}, {'text': 'aracy', 'timestamp': (0.18, 0.5)}, {'text': 'balabanian', 'timestamp': (0.6, 0.98)}, {'text': 'é', 'timestamp': (1.0, 1.02)}, {'text': 'uma', 'timestamp': (1.04, 1.12)}, {'text': 'das', 'timestamp': (1.16, 1.24)}, {'text': 'poucas', 'timestamp': (1.32, 1.52)}, {'text': 'que', 'timestamp': (1.56, 1.64)}, {'text': 'fala', 'timestamp': (1.68, 1.8)}, {'text': 'bem', 'timestamp': (1.88, 2.0)}];0,2222222222222222;0,2;0,28888888888888886;0,06521739130434782
./audios/SP_D2_333_437.52_438.76.wav;437,52;438,76;e ela [é de Mato Grosso;e ela é de mato grosso;1,240000000000009;e era indigado grosso;;[{'text': 'e', 'timestamp': (0.12, 0.14)}, {'text': 'era', 'timestamp': (0.18, 0.28)}, {'text': 'indigado', 'timestamp': (0.32, 0.64)}, {'text': 'grosso', 'timestamp': (0.74, 1.0)}];0,6666666666666666;0,6666666666666666;0,8333333333333334;0,3181818181818182
./audios/SP_D2_333_438.76_439.52445.wav;438,76;439,52445;e ela é de Mato Grosso;e ela é de mato grosso;0,7644500000000107;era de nato grus;;[{'text': 'era', 'timestamp': (1.08, 1.16)}, {'text': 'de', 'timestamp': (1.2, 1.24)}, {'text': 'nato', 'timestamp': (1.28, 1.42)}, {'text': 'grus', 'timestamp': (1.5, 1.62)}];0,8333333333333334;0,8333333333333334;0,9583333333333334;0,4090909090909091
./audios/SP_D2_333_439.52445_440.56611.wav;439,52445;440,56611;Araci não é paulista;araci não é paulista;1,041659999999979;ora assim não é paulista;;[{'text': 'ora', 'timestamp': (0.0, 0.14)}, {'text': 'assim', 'timestamp': (0.18, 0.32)}, {'text': 'não', 'timestamp': (0.38, 0.46)}, {'text': 'é', 'timestamp': (0.52, 0.54)}, {'text': 'paulista', 'timestamp': (0.66, 0.98)}];0,5;0,4;0,55;0,3
./audios/SP_D2_333_440.87348_443.36542.wav;440,87348;443,36542;[ela veio para São Paulo fazer a ê á dê aqui;ela veio para são paulo fazer a ê á dê aqui;2,4919399999999996;ela vem pra são paulo fazer a ida;;[{'text': 'ela', 'timestamp': (0.1, 0.24)}, {'text': 'vem', 'timestamp': (0.3, 0.5)}, {'text': 'pra', 'timestamp': (0.52, 0.68)}, {'text': 'são', 'timestamp': (0.74, 0.84)}, {'text': 'paulo', 'timestamp': (0.98, 1.18)}, {'text': 'fazer', 'timestamp': (1.28, 1.48)}, {'text': 'a', 'timestamp': (1.54, 1.56)}, {'text': 'ida', 'timestamp': (1.76, 2.2)}];0,5454545454545454;0,5454545454545454;0,7159090909090909;0,27906976744186046
./audios/SP_D2_333_443.96_445.03159.wav;443,96;445,03159;mas ela é de Mato Grosso;mas ela é de mato grosso;1,0715900000000147;mas era de mato grosso;;[{'text': 'mas', 'timestamp': (0.12, 0.22)}, {'text': 'era', 'timestamp': (0.26, 0.34)}, {'text': 'de', 'timestamp': (0.42, 0.48)}, {'text': 'mato', 'timestamp': (0.52, 0.7)}, {'text': 'grosso', 'timestamp': (0.78, 1.0)}];0,3333333333333333;0,3333333333333333;0,4666666666666667;0,125
./audios/SP_D2_333_445.35604_449.24092.wav;445,35604;449,24092;agora... os ou/ o Juca de Oliveira ele fala feito um caipira do interior do Estado;agora os ou o juca de oliveira ele fala feito um caipira do interior do estado;3,8848800000000097;agora o coco de olefedeiro fala é feito um caipira do interior do estado;;[{'text': 'agora', 'timestamp': (0.16, 0.44)}, {'text': 'o', 'timestamp': (0.94, 0.96)}, {'text': 'coco', 'timestamp': (1.54, 1.7)}, {'text': 'de', 'timestamp': (1.72, 1.76)}, {'text': 'olefedeiro', 'timestamp': (1.8, 2.16)}, {'text': 'fala', 'timestamp': (2.28, 2.38)}, {'text': 'é', 'timestamp': (2.4, 2.42)}, {'text': 'feito', 'timestamp': (2.46, 2.56)}, {'text': 'um', 'timestamp': (2.58, 2.64)}, {'text': 'caipira', 'timestamp': (2.68, 3.06)}, {'text': 'do', 'timestamp': (3.1, 3.16)}, {'text': 'interior', 'timestamp': (3.2, 3.44)}, {'text': 'do', 'timestamp': (3.48, 3.54)}, {'text': 'estado', 'timestamp': (3.58, 3.82)}];0,375;0,375;0,5535714285714286;0,24358974358974358
./audios/SP_D2_333_449.45437_449.93462.wav;449,45437;449,93462;você reparou?;você reparou;0,4802500000000123;você reparou;;[{'text': 'você', 'timestamp': (0.98, 1.1)}, {'text': 'reparou', 'timestamp': (1.18, 1.42)}];0,0;0,0;0,0;0,0
./audios/SP_D2_333_450.1545_453.0.wav;450,1545;453,0;é uma pronúncia absolutamente caipira... [do interior do [Estado;é uma pronúncia absolutamente caipira do interior do estado;2,8455000000000155;é uma prensa absolutamente que a pira no interior do estado;;[{'text': 'é', 'timestamp': (0.02, 0.04)}, {'text': 'uma', 'timestamp': (0.08, 0.16)}, {'text': 'prensa', 'timestamp': (0.2, 0.46)}, {'text': 'absolutamente', 'timestamp': (0.5, 0.96)}, {'text': 'que', 'timestamp': (0.98, 1.08)}, {'text': 'a', 'timestamp': (1.1, 1.12)}, {'text': 'pira', 'timestamp': (1.26, 1.46)}, {'text': 'no', 'timestamp': (1.94, 1.98)}, {'text': 'interior', 'timestamp': (2.04, 2.34)}, {'text': 'do', 'timestamp': (2.42, 2.46)}, {'text': 'estado', 'timestamp': (2.54, 2.78)}];0,5555555555555556;0,45454545454545453;0,6363636363636365;0,1864406779661017
./audios/SP_D2_333_453.0_453.81008.wav;453,0;453,81008;eu não sei de onde é;eu não sei de onde é;0,8100800000000277;será regra vote você;;[{'text': 'será', 'timestamp': (0.94, 1.12)}, {'text': 'regra', 'timestamp': (1.24, 1.46)}, {'text': 'vote', 'timestamp': (1.52, 1.64)}, {'text': 'você', 'timestamp': (1.74, 1.9)}];1,0;1,0;1,0;0,9
./audios/SP_D2_333_455.00543_456.45692.wav;455,00543;456,45692;não não é voluntária não;não não é voluntária não;1,4514900000000353;não não é voluntária não;;[{'text': 'não', 'timestamp': (0.06, 0.22)}, {'text': 'não', 'timestamp': (0.38, 0.46)}, {'text': 'é', 'timestamp': (0.52, 0.54)}, {'text': 'voluntária', 'timestamp': (0.64, 1.18)}, {'text': 'não', 'timestamp': (1.26, 1.34)}];0,0;0,0;0,0;0,0
./audios/SP_D2_333_456.57645_457.39085.wav;456,57645;457,39085;é difícil;é difícil;0,8143999999999778;é de aesoure;;[{'text': 'é', 'timestamp': (1.04, 1.06)}, {'text': 'de', 'timestamp': (1.12, 1.18)}, {'text': 'aesoure', 'timestamp': (1.3, 1.86)}];1,0;0,6666666666666666;0,8333333333333334;1,0
./audios/SP_D2_333_457.39085_463.30743.wav;457,39085;463,30743;você repara... como é difícil... para o Juca interpretar determinados papéis;você repara como é difícil para o juca interpretar determinados papéis;5,91658000000001;você repare como é difícil para o juca interpretar determinados papéis;;[{'text': 'você', 'timestamp': (0.12, 0.28)}, {'text': 'repare', 'timestamp': (0.42, 0.96)}, {'text': 'como', 'timestamp': (1.42, 1.7)}, {'text': 'é', 'timestamp': (1.96, 1.98)}, {'text': 'difícil', 'timestamp': (2.18, 2.74)}, {'text': 'para', 'timestamp': (3.54, 3.68)}, {'text': 'o', 'timestamp': (3.72, 3.76)}, {'text': 'juca', 'timestamp': (3.86, 4.08)}, {'text': 'interpretar', 'timestamp': (4.22, 4.7)}, {'text': 'determinados', 'timestamp': (4.78, 5.22)}, {'text': 'papéis', 'timestamp': (5.28, 5.68)}];0,09090909090909091;0,09090909090909091;0,17355371900826455;0,014285714285714285
./audios/SP_D2_333_463.67447_469.01992.wav;463,67447;469,01992;se bem que os produtores já viram já perceberam então ele ele está sempre adequado ao papel de homem;se bem que os produtores já viram já perceberam então ele ele está sempre adequado ao papel de homem;5,345450000000028;se bem que os produtores já viram já perceberam então ele ele está sempre adequado ao papel de homem;;[{'text': 'se', 'timestamp': (0.2, 0.24)}, {'text': 'bem', 'timestamp': (0.3, 0.38)}, {'text': 'que', 'timestamp': (0.4, 0.48)}, {'text': 'os', 'timestamp': (0.5, 0.56)}, {'text': 'produtores', 'timestamp': (0.62, 1.08)}, {'text': 'já', 'timestamp': (1.18, 1.22)}, {'text': 'viram', 'timestamp': (1.36, 1.64)}, {'text': 'já', 'timestamp': (1.72, 1.76)}, {'text': 'perceberam', 'timestamp': (1.86, 2.34)}, {'text': 'então', 'timestamp': (2.42, 2.62)}, {'text': 'ele', 'timestamp': (2.8, 2.9)}, {'text': 'ele', 'timestamp': (3.08, 3.18)}, {'text': 'está', 'timestamp': (3.24, 3.34)}, {'text': 'sempre', 'timestamp': (3.42, 3.62)}, {'text': 'adequado', 'timestamp': (3.68, 4.28)}, {'text': 'ao', 'timestamp': (4.4, 4.44)}, {'text': 'papel', 'timestamp': (4.5, 4.8)}, {'text': 'de', 'timestamp': (4.88, 4.94)}, {'text': 'homem', 'timestamp': (5.02, 5.2)}];0,0;0,0;0,0;0,0
./audios/SP_D2_333_469.24_471.65751.wav;469,24;471,65751;ele faz muito na televisão um homem rural;ele faz muito na televisão um homem rural;2,417509999999993;ele faz muito na televisão um homem rural;;[{'text': 'ele', 'timestamp': (0.06, 0.14)}, {'text': 'faz', 'timestamp': (0.2, 0.34)}, {'text': 'muito', 'timestamp': (0.44, 0.62)}, {'text': 'na', 'timestamp': (0.7, 0.82)}, {'text': 'televisão', 'timestamp': (0.9, 1.28)}, {'text': 'um', 'timestamp': (1.4, 1.44)}, {'text': 'homem', 'timestamp': (1.54, 1.74)}, {'text': 'rural', 'timestamp': (1.9, 2.22)}];0,0;0,0;0,0;0,0
./audios/SP_D2_333_471.88596_472.5922.wav;471,88596;472,5922;então está bem;então está bem;0,7062399999999798;então está bem;;[{'text': 'então', 'timestamp': (0.9, 1.1)}, {'text': 'está', 'timestamp': (1.18, 1.32)}, {'text': 'bem', 'timestamp': (1.44, 1.54)}];0,0;0,0;0,0;0,0
./audios/SP_D2_333_473.2855_478.8876.wav;473,2855;478,8876;mas... ele tem uma pronúncia bem acaipirada... do interior do Estado de São Paulo;mas ele tem uma pronúncia bem acaipirada do interior do estado de são paulo;5,602100000000007;mas ele tem uma pronúncia bem caipirada do interior do estado de são paulo;;[{'text': 'mas', 'timestamp': (0.24, 0.52)}, {'text': 'ele', 'timestamp': (0.98, 1.12)}, {'text': 'tem', 'timestamp': (1.38, 1.48)}, {'text': 'uma', 'timestamp': (1.56, 1.64)}, {'text': 'pronúncia', 'timestamp': (1.68, 2.04)}, {'text': 'bem', 'timestamp': (2.24, 2.38)}, {'text': 'caipirada', 'timestamp': (2.56, 3.2)}, {'text': 'do', 'timestamp': (3.58, 3.66)}, {'text': 'interior', 'timestamp': (3.82, 4.22)}, {'text': 'do', 'timestamp': (4.42, 4.48)}, {'text': 'estado', 'timestamp': (4.56, 4.86)}, {'text': 'de', 'timestamp': (4.92, 4.98)}, {'text': 'são', 'timestamp': (5.06, 5.16)}, {'text': 'paulo', 'timestamp': (5.26, 5.46)}];0,07142857142857142;0,07142857142857142;0,1377551020408163;0,013333333333333334
./audios/SP_D2_333_479.472_486.11334.wav;479,472;486,11334;então não é uma questão de de formação da escola de arte dramática onde as pronúncias já estão... os jogos já estão feitos como se diz;então não é uma questão de de formação da escola de arte dramática onde as pronúncias já estão os jogos já estão feitos como se diz;6,641340000000014;então não é uma questão de formação da escola de arte dramática onde as pronúncias são jogos estão feitos como se disse;;[{'text': 'então', 'timestamp': (0.12, 0.38)}, {'text': 'não', 'timestamp': (0.7, 0.82)}, {'text': 'é', 'timestamp': (0.92, 0.94)}, {'text': 'uma', 'timestamp': (1.08, 1.16)}, {'text': 'questão', 'timestamp': (1.26, 1.6)}, {'text': 'de', 'timestamp': (1.96, 2.04)}, {'text': 'formação', 'timestamp': (2.28, 2.68)}, {'text': 'da', 'timestamp': (2.72, 2.78)}, {'text': 'escola', 'timestamp': (2.82, 3.02)}, {'text': 'de', 'timestamp': (3.06, 3.1)}, {'text': 'arte', 'timestamp': (3.14, 3.26)}, {'text': 'dramática', 'timestamp': (3.32, 3.86)}, {'text': 'onde', 'timestamp': (3.92, 4.02)}, {'text': 'as', 'timestamp': (4.06, 4.12)}, {'text': 'pronúncias', 'timestamp': (4.18, 4.54)}, {'text': 'são', 'timestamp': (4.72, 4.86)}, {'text': 'jogos', 'timestamp': (5.28, 5.5)}, {'text': 'estão', 'timestamp': (5.6, 5.8)}, {'text': 'feitos', 'timestamp': (5.9, 6.1)}, {'text': 'como', 'timestamp': (6.14, 6.24)}, {'text': 'se', 'timestamp': (6.32, 6.38)}, {'text': 'disse', 'timestamp': (6.44, 6.56)}];0,23076923076923078;0,23076923076923078;0,30069930069930073;0,1297709923664122
./audios/SP_D2_333_486.65501_488.40611.wav;486,65501;488,40611;isso seria de curso primá::rio;isso seria de curso primário;1,751100000000008;isso seria de curso primário;;[{'text': 'isso', 'timestamp': (0.1, 0.24)}, {'text': 'seria', 'timestamp': (0.34, 0.56)}, {'text': 'de', 'timestamp': (0.62, 0.68)}, {'text': 'curso', 'timestamp': (0.78, 1.0)}, {'text': 'primário', 'timestamp': (1.1, 1.66)}];0,0;0,0;0,0;0,0
./audios/SP_D2_333_488.72977_491.21904.wav;488,72977;491,21904;ensinar um brasileiro a falar;ensinar um brasileiro a falar;2,489270000000033;ensinar o brasileiro a falar;;[{'text': 'ensinar', 'timestamp': (0.16, 0.76)}, {'text': 'o', 'timestamp': (0.84, 0.88)}, {'text': 'brasileiro', 'timestamp': (0.98, 1.6)}, {'text': 'a', 'timestamp': (1.78, 1.8)}, {'text': 'falar', 'timestamp': (1.92, 2.26)}];0,2;0,2;0,3599999999999999;0,06896551724137931
./audios/SP_D2_333_491.57519_493.37132.wav;491,57519;493,37132;pelo menos quando quer falar bem;pelo menos quando quer falar bem;1,7961300000000051;pelo menos quando quer falar bem;;[{'text': 'pelo', 'timestamp': (0.06, 0.18)}, {'text': 'menos', 'timestamp': (0.26, 0.42)}, {'text': 'quando', 'timestamp': (0.48, 0.66)}, {'text': 'quer', 'timestamp': (0.92, 1.12)}, {'text': 'falar', 'timestamp': (1.26, 1.54)}, {'text': 'bem', 'timestamp': (1.64, 1.74)}];0,0;0,0;0,0;0,0
./audios/SP_D2_333_493.37132_495.4829.wav;493,37132;495,4829;depois ele pode partir para as gírias;depois ele pode partir para as gírias;2,1115799999999467;depois ele pode partir para as gírias;;[{'text': 'depois', 'timestamp': (0.1, 0.32)}, {'text': 'ele', 'timestamp': (0.38, 0.46)}, {'text': 'pode', 'timestamp': (0.56, 0.72)}, {'text': 'partir', 'timestamp': (0.82, 1.1)}, {'text': 'para', 'timestamp': (1.22, 1.34)}, {'text': 'as', 'timestamp': (1.38, 1.42)}, {'text': 'gírias', 'timestamp': (1.54, 1.9)}];0,0;0,0;0,0;0,0
./audios/SP_D2_333_495.735_514.55242.wav;495,735;514,55242;acho que há uma língua n/... como a nossa que está se construindo todos os dias como o país também que está se construindo todos os dias... ela tem que se acrescentar com influências... éh francesas... alemãs e e e italianas como é o caso de São Paulo... e não vejo nisso... deturpar o o idioma;acho que há uma língua n como a nossa que está se construindo todos os dias como o país também que está se construindo todos os dias ela tem que se acrescentar com influências eh francesas alemãs e e e italianas como é o caso de são paulo e não vejo nisso deturpar o o idioma;18,81741999999997;acho que há uma língua uma nossa que está se construindo todos os dias como o país também que está se construindo todos os dias ela tem que se acrescentar com influências francesas alemãs e italianas como é o caso de são paulo e não vejo nisso deturpar o idioma;;[{'text': 'acho', 'timestamp': (0.08, 0.24)}, {'text': 'que', 'timestamp': (0.3, 0.38)}, {'text': 'há', 'timestamp': (0.42, 0.46)}, {'text': 'uma', 'timestamp': (0.54, 0.64)}, {'text': 'língua', 'timestamp': (0.74, 0.98)}, {'text': 'uma', 'timestamp': (1.1, 1.9)}, {'text': 'nossa', 'timestamp': (2.02, 2.32)}, {'text': 'que', 'timestamp': (2.34, 2.42)}, {'text': 'está', 'timestamp': (2.44, 2.56)}, {'text': 'se', 'timestamp': (2.62, 2.66)}, {'text': 'construindo', 'timestamp': (2.76, 3.14)}, {'text': 'todos', 'timestamp': (3.26, 3.42)}, {'text': 'os', 'timestamp': (3.52, 3.56)}, {'text': 'dias', 'timestamp': (3.62, 3.74)}, {'text': 'como', 'timestamp': (3.84, 3.94)}, {'text': 'o', 'timestamp': (4.0, 4.02)}, {'text': 'país', 'timestamp': (4.08, 4.32)}, {'text': 'também', 'timestamp': (4.42, 4.64)}, {'text': 'que', 'timestamp': (4.7, 4.78)}, {'text': 'está', 'timestamp': (4.8, 4.94)}, {'text': 'se', 'timestamp': (5.0, 5.06)}, {'text': 'construindo', 'timestamp': (5.14, 5.44)}, {'text': 'todos', 'timestamp': (5.54, 5.68)}, {'text': 'os', 'timestamp': (5.78, 5.84)}, {'text': 'dias', 'timestamp': (5.92, 6.12)}, {'text': 'ela', 'timestamp': (6.64, 6.7)}, {'text': 'tem', 'timestamp': (6.88, 7.02)}, {'text': 'que', 'timestamp': (7.06, 7.14)}, {'text': 'se', 'timestamp': (7.18, 7.22)}, {'text': 'acrescentar', 'timestamp': (7.26, 7.94)}, {'text': 'com', 'timestamp': (8.12, 8.2)}, {'text': 'influências', 'timestamp': (8.26, 8.88)}, {'text': 'francesas', 'timestamp': (9.66, 10.48)}, {'text': 'alemãs', 'timestamp': (10.96, 11.56)}, {'text': 'e', 'timestamp': (13.0, 13.02)}, {'text': 'italianas', 'timestamp': (13.08, 13.56)}, {'text': 'como', 'timestamp': (13.62, 13.72)}, {'text': 'é', 'timestamp': (13.74, 13.76)}, {'text': 'o', 'timestamp': (13.8, 13.82)}, {'text': 'caso', 'timestamp': (13.88, 14.04)}, {'text': 'de', 'timestamp': (14.08, 14.12)}, {'text': 'são', 'timestamp': (14.18, 14.3)}, {'text': 'paulo', 'timestamp': (14.42, 14.68)}, {'text': 'e', 'timestamp': (15.14, 15.16)}, {'text': 'não', 'timestamp': (15.24, 15.34)}, {'text': 'vejo', 'timestamp': (15.44, 15.7)}, {'text': 'nisso', 'timestamp': (15.84, 16.2)}, {'text': 'deturpar', 'timestamp': (17.04, 17.88)}, {'text': 'o', 'timestamp': (17.96, 18.0)}, {'text': 'idioma', 'timestamp': (18.3, 18.68)}];0,125;0,125;0,14250000000000007;0,05454545454545454
./audios/SP_D2_333_514.55242_517.58412.wav;514,55242;517,58412;eu acho que com isso nós o acrescentamos;eu acho que com isso nós o acrescentamos;3,0317000000000007;eu acho que com isso nós o acrescentamos;;[{'text': 'eu', 'timestamp': (0.08, 0.16)}, {'text': 'acho', 'timestamp': (0.26, 0.46)}, {'text': 'que', 'timestamp': (0.56, 0.62)}, {'text': 'com', 'timestamp': (0.74, 0.86)}, {'text': 'isso', 'timestamp': (0.96, 1.16)}, {'text': 'nós', 'timestamp': (1.26, 1.42)}, {'text': 'o', 'timestamp': (1.52, 1.54)}, {'text': 'acrescentamos', 'timestamp': (1.6, 2.78)}];0,0;0,0;0,0;0,0
./audios/SP_D2_333_520.60047_521.68763.wav;520,60047;521,68763;[como você não vai;como você não vai;1,0871600000000399;e e você não vê pai;;[{'text': 'e', 'timestamp': (0.14, 0.16)}, {'text': 'e', 'timestamp': (0.3, 0.32)}, {'text': 'você', 'timestamp': (0.38, 0.52)}, {'text': 'não', 'timestamp': (0.62, 0.68)}, {'text': 'vê', 'timestamp': (0.74, 0.78)}, {'text': 'pai', 'timestamp': (0.86, 1.0)}];1,0;0,6666666666666666;0,8333333333333334;0,4117647058823529
./audios/SP_D2_333_531.78951_532.51991.wav;531,78951;532,51991;[mas olha;mas olha;0,7304000000000315;maiores;;[{'text': 'maiores', 'timestamp': (1.06, 1.62)}];1,0;1,0;1,0;0,625
./audios/SP_D2_333_533.45186_535.12477.wav;533,45186;535,12477;bom isso [também mas isso já;bom isso também mas isso já;1,6729100000000017;bom isso também mas é tão;;[{'text': 'bom', 'timestamp': (0.04, 0.14)}, {'text': 'isso', 'timestamp': (0.24, 0.36)}, {'text': 'também', 'timestamp': (0.44, 0.7)}, {'text': 'mas', 'timestamp': (0.84, 0.9)}, {'text': 'é', 'timestamp': (0.96, 0.98)}, {'text': 'tão', 'timestamp': (1.38, 1.46)}];0,3333333333333333;0,3333333333333333;0,5555555555555556;0,25925925925925924
./audios/SP_D2_333_538.80543_541.28.wav;538,80543;541,28;[é mas isso tam/ isso eu acho realmente muito [ruim;é mas isso tam isso eu acho realmente muito ruim;2,4745699999999715;mas isso isso eu acho realmente muito;;[{'text': 'mas', 'timestamp': (0.32, 0.46)}, {'text': 'isso', 'timestamp': (0.54, 0.68)}, {'text': 'isso', 'timestamp': (0.9, 1.0)}, {'text': 'eu', 'timestamp': (1.02, 1.08)}, {'text': 'acho', 'timestamp': (1.18, 1.4)}, {'text': 'realmente', 'timestamp': (1.64, 1.96)}, {'text': 'muito', 'timestamp': (2.08, 2.18)}];0,3;0,3;0,30000000000000004;0,22916666666666666
./audios/SP_D2_333_541.50471_542.62212.wav;541,50471;542,62212;[mas quando você vê;mas quando você vê;1,1174099999999498;agora quando quando a mente;;[{'text': 'agora', 'timestamp': (0.02, 0.2)}, {'text': 'quando', 'timestamp': (0.3, 0.46)}, {'text': 'quando', 'timestamp': (0.56, 0.72)}, {'text': 'a', 'timestamp': (0.8, 0.82)}, {'text': 'mente', 'timestamp': (0.94, 1.06)}];1,0;0,8;0,95;0,9444444444444444
./audios/SP_D2_333_546.84615_547.08.wav;546,84615;547,08;hum;uh;0,23385000000007494;tu;;[{'text': 'tu', 'timestamp': (0.96, 1.04)}];1,0;1,0;1,0;1,0
./audios/SP_D2_333_547.08_547.28637.wav;547,08;547,28637;é;é;0,20636999999999261;e;;[{'text': 'e', 'timestamp': (1.08, 1.1)}];1,0;1,0;1,0;1,0
./audios/SP_D2_333_550.58972_552.12654.wav;550,58972;552,12654;é pró/ [propri braziliani;é pró propri braziliani;1,5368199999999206;é pro próprio baseada no;;[{'text': 'é', 'timestamp': (0.08, 0.1)}, {'text': 'pro', 'timestamp': (0.34, 0.62)}, {'text': 'próprio', 'timestamp': (0.64, 0.88)}, {'text': 'baseada', 'timestamp': (0.94, 1.3)}, {'text': 'no', 'timestamp': (1.4, 1.46)}];1,0;0,8;0,95;0,43478260869565216
./audios/SP_D2_333_555.06003_556.05035.wav;555,06003;556,05035;[eles [imprimirem a;eles imprimirem a;0,990319999999997;o oprimissem;;[{'text': 'o', 'timestamp': (1.0, 1.02)}, {'text': 'oprimissem', 'timestamp': (1.24, 1.78)}];1,0;1,0;1,0;0,5882352941176471
./audios/SP_D2_333_557.98481_558.12.wav;557,98481;558,12;é;é;0,13518999999996595;é;;[{'text': 'é', 'timestamp': (1.0, 1.02)}];0,0;0,0;0,0;0,0
./audios/SP_D2_333_558.12_558.75457.wav;558,12;558,75457;[mas;mas;0,6345699999999397;não se;;[{'text': 'não', 'timestamp': (1.04, 1.18)}, {'text': 'se', 'timestamp': (1.42, 1.48)}];2,0;1,0;1,0;1,6666666666666667
./audios/SP_D2_333_562.6_586.45257.wav;562,6;586,45257;mas olha a propó::sito da língua da terra jovem e da terra antiga da terra de origem que no caso seria Portugal... eu::... há muitos anos quando eu já estava acho que começando na minha carreira de jornalista... eu::: tive uma uma entrevista... com uma senhora que era embaixatriz do::... do Canadá... em éh:: no Bra/ éh:: no Brasil;mas olha a propósito da língua da terra jovem e da terra antiga da terra de origem que no caso seria portugal eu há muitos anos quando eu já estava acho que começando na minha carreira de jornalista eu tive uma uma entrevista com uma senhora que era embaixatriz do do canadá em eh no bra eh no brasil;23,852570000000014;mas olha a propósito da língua da terra jovem e da terra antiga da terra de origem que caterina em portugal eu há muitos anos quando eu estava acho que começando mesmo na minha carreira de jornalista eu tive uma entrevista com uma senhora que era embaixatriz do do canadá no brasil;;[{'text': 'mas', 'timestamp': (0.1, 0.24)}, {'text': 'olha', 'timestamp': (0.3, 0.42)}, {'text': 'a', 'timestamp': (0.54, 0.56)}, {'text': 'propósito', 'timestamp': (0.64, 1.32)}, {'text': 'da', 'timestamp': (1.42, 1.48)}, {'text': 'língua', 'timestamp': (1.66, 2.02)}, {'text': 'da', 'timestamp': (2.12, 2.16)}, {'text': 'terra', 'timestamp': (2.36, 2.62)}, {'text': 'jovem', 'timestamp': (2.86, 3.28)}, {'text': 'e', 'timestamp': (3.42, 3.44)}, {'text': 'da', 'timestamp': (3.54, 3.6)}, {'text': 'terra', 'timestamp': (3.74, 3.98)}, {'text': 'antiga', 'timestamp': (4.28, 4.82)}, {'text': 'da', 'timestamp': (4.9, 4.96)}, {'text': 'terra', 'timestamp': (5.06, 5.26)}, {'text': 'de', 'timestamp': (5.32, 5.36)}, {'text': 'origem', 'timestamp': (5.44, 5.84)}, {'text': 'que', 'timestamp': (5.88, 6.16)}, {'text': 'caterina', 'timestamp': (6.24, 6.56)}, {'text': 'em', 'timestamp': (6.58, 6.62)}, {'text': 'portugal', 'timestamp': (6.68, 7.02)}, {'text': 'eu', 'timestamp': (7.92, 8.04)}, {'text': 'há', 'timestamp': (8.68, 8.74)}, {'text': 'muitos', 'timestamp': (8.8, 9.1)}, {'text': 'anos', 'timestamp': (9.22, 9.52)}, {'text': 'quando', 'timestamp': (9.58, 9.74)}, {'text': 'eu', 'timestamp': (9.78, 9.82)}, {'text': 'estava', 'timestamp': (9.9, 10.22)}, {'text': 'acho', 'timestamp': (10.26, 10.36)}, {'text': 'que', 'timestamp': (10.4, 10.46)}, {'text': 'começando', 'timestamp': (10.54, 11.08)}, {'text': 'mesmo', 'timestamp': (11.18, 11.38)}, {'text': 'na', 'timestamp': (11.42, 11.48)}, {'text': 'minha', 'timestamp': (11.52, 11.62)}, {'text': 'carreira', 'timestamp': (11.66, 11.92)}, {'text': 'de', 'timestamp': (11.94, 12.0)}, {'text': 'jornalista', 'timestamp': (12.04, 12.54)}, {'text': 'eu', 'timestamp': (14.0, 14.12)}, {'text': 'tive', 'timestamp': (15.0, 15.2)}, {'text': 'uma', 'timestamp': (15.64, 15.72)}, {'text': 'entrevista', 'timestamp': (15.76, 16.46)}, {'text': 'com', 'timestamp': (17.24, 17.32)}, {'text': 'uma', 'timestamp': (17.38, 17.46)}, {'text': 'senhora', 'timestamp': (17.58, 18.0)}, {'text': 'que', 'timestamp': (18.12, 18.2)}, {'text': 'era', 'timestamp': (18.24, 18.36)}, {'text': 'embaixatriz', 'timestamp': (18.4, 19.1)}, {'text': 'do', 'timestamp': (19.18, 19.24)}, {'text': 'do', 'timestamp': (20.24, 20.3)}, {'text': 'canadá', 'timestamp': (20.4, 20.88)}, {'text': 'no', 'timestamp': (23.42, 23.46)}, {'text': 'brasil', 'timestamp': (23.5, 23.78)}];0,1864406779661017;0,18333333333333332;0,2174054758800522;0,13333333333333333
./audios/SP_D2_333_587.19722_588.73856.wav;587,19722;588,73856;Madame ( );madame;1,541339999999991;madam jandezi;;[{'text': 'madam', 'timestamp': (0.08, 0.38)}, {'text': 'jandezi', 'timestamp': (0.5, 1.2)}];2,0;1,0;1,0;1,1666666666666667
./audios/SP_D2_333_589.07565_594.62869.wav;589,07565;594,62869;o:: marido dela o embaixador era poeta é é... era um embaixador poeta um embaixador intelectual;o marido dela o embaixador era poeta é é era um embaixador poeta um embaixador intelectual;5,55304000000001;o marido dela o embaixador era poeta era um embaixador perto um embaixador intelectual;;[{'text': 'o', 'timestamp': (0.08, 0.1)}, {'text': 'marido', 'timestamp': (0.34, 0.62)}, {'text': 'dela', 'timestamp': (0.68, 0.84)}, {'text': 'o', 'timestamp': (0.92, 0.94)}, {'text': 'embaixador', 'timestamp': (0.98, 1.4)}, {'text': 'era', 'timestamp': (1.48, 1.56)}, {'text': 'poeta', 'timestamp': (1.72, 2.16)}, {'text': 'era', 'timestamp': (3.06, 3.34)}, {'text': 'um', 'timestamp': (3.42, 3.48)}, {'text': 'embaixador', 'timestamp': (3.54, 3.92)}, {'text': 'perto', 'timestamp': (4.04, 4.32)}, {'text': 'um', 'timestamp': (4.38, 4.44)}, {'text': 'embaixador', 'timestamp': (4.48, 4.84)}, {'text': 'intelectual', 'timestamp': (4.92, 5.4)}];0,1875;0,1875;0,2455357142857143;0,07777777777777778
./audios/SP_D2_333_595.60495_599.48044.wav;595,60495;599,48044;e::: tinha muitos:: livros diversos publicados em francês;e tinha muitos livros diversos publicados em francês;3,8754900000000134;e tinha muitos livros diversos publicados em francisco;;[{'text': 'e', 'timestamp': (0.08, 0.1)}, {'text': 'tinha', 'timestamp': (0.74, 0.9)}, {'text': 'muitos', 'timestamp': (0.98, 1.22)}, {'text': 'livros', 'timestamp': (1.5, 1.74)}, {'text': 'diversos', 'timestamp': (1.82, 2.3)}, {'text': 'publicados', 'timestamp': (2.4, 2.9)}, {'text': 'em', 'timestamp': (2.96, 3.02)}, {'text': 'francisco', 'timestamp': (3.12, 3.84)}];0,125;0,125;0,234375;0,057692307692307696
./audios/SP_D2_333_599.48044_601.29052.wav;599,48044;601,29052;porque ela era do Canadá francês;porque ela era do canadá francês;1,8100799999999708;porque ela era do canadá francês;;[{'text': 'porque', 'timestamp': (0.04, 0.2)}, {'text': 'ela', 'timestamp': (0.26, 0.32)}, {'text': 'era', 'timestamp': (0.36, 0.44)}, {'text': 'do', 'timestamp': (0.52, 0.58)}, {'text': 'canadá', 'timestamp': (0.66, 0.92)}, {'text': 'francês', 'timestamp': (1.04, 1.6)}];0,0;0,0;0,0;0,0
./audios/SP_D2_333_602.29575_606.40228.wav;602,29575;606,40228;e ela me disse uma coisa muito interessante que se verifica muito nos países novos;e ela me disse uma coisa muito interessante que se verifica muito nos países novos;4,106530000000021;e ela me disse uma coisa muito interessante que se verifica muito nos países novos;;[{'text': 'e', 'timestamp': (0.02, 0.04)}, {'text': 'ela', 'timestamp': (0.22, 0.34)}, {'text': 'me', 'timestamp': (0.46, 0.5)}, {'text': 'disse', 'timestamp': (0.6, 0.8)}, {'text': 'uma', 'timestamp': (0.82, 0.9)}, {'text': 'coisa', 'timestamp': (0.96, 1.14)}, {'text': 'muito', 'timestamp': (1.22, 1.36)}, {'text': 'interessante', 'timestamp': (1.46, 1.9)}, {'text': 'que', 'timestamp': (1.96, 2.02)}, {'text': 'se', 'timestamp': (2.08, 2.12)}, {'text': 'verifica', 'timestamp': (2.18, 2.66)}, {'text': 'muito', 'timestamp': (2.74, 2.86)}, {'text': 'nos', 'timestamp': (2.98, 3.08)}, {'text': 'países', 'timestamp': (3.16, 3.52)}, {'text': 'novos', 'timestamp': (3.62, 3.9)}];0,0;0,0;0,0;0,0
./audios/SP_D2_333_606.52024_639.40697.wav;606,52024;639,40697;enquanto... o inglês ficou::... o francês no caso do Canadá francês o francês... éh foi... éh... se crian::do... diariamente se acrescentando... na:: na França enquanto a língua francesa foi se acrescentando... foi-se amoldando aos tempos... no Canadá francês... ouve-se dos... camponeses franceses expressões... de Rebelais... expressões de um francês clássico;enquanto o inglês ficou o francês no caso do canadá francês o francês eh foi eh se criando diariamente se acrescentando na na frança enquanto a língua francesa foi se acrescentando foise amoldando aos tempos no canadá francês ouvese dos camponeses franceses expressões de rebelais expressões de um francês clássico;32,88673000000006;enquanto o inglês ficou o francês no caso do canadá francês o francês foi e se criando diariamente se acrescentando na frança enquanto a língua francesa foi se acrescentando foi se amoldando aos tempos no canadá francês houve sidos camponeses franceses expressões de radler expresclássico;;[{'text': 'enquanto', 'timestamp': (0.06, 0.64)}, {'text': 'o', 'timestamp': (1.76, 1.78)}, {'text': 'inglês', 'timestamp': (1.96, 2.4)}, {'text': 'ficou', 'timestamp': (2.7, 3.2)}, {'text': 'o', 'timestamp': (3.78, 3.82)}, {'text': 'francês', 'timestamp': (3.9, 4.46)}, {'text': 'no', 'timestamp': (4.76, 4.82)}, {'text': 'caso', 'timestamp': (4.9, 5.12)}, {'text': 'do', 'timestamp': (5.22, 5.28)}, {'text': 'canadá', 'timestamp': (5.48, 5.7)}, {'text': 'francês', 'timestamp': (5.8, 6.12)}, {'text': 'o', 'timestamp': (6.2, 6.28)}, {'text': 'francês', 'timestamp': (6.34, 6.76)}, {'text': 'foi', 'timestamp': (7.88, 8.08)}, {'text': 'e', 'timestamp': (8.68, 8.7)}, {'text': 'se', 'timestamp': (10.04, 10.08)}, {'text': 'criando', 'timestamp': (10.24, 10.88)}, {'text': 'diariamente', 'timestamp': (11.28, 12.06)}, {'text': 'se', 'timestamp': (12.28, 12.32)}, {'text': 'acrescentando', 'timestamp': (12.4, 13.38)}, {'text': 'na', 'timestamp': (14.82, 14.88)}, {'text': 'frança', 'timestamp': (15.0, 15.42)}, {'text': 'enquanto', 'timestamp': (15.72, 16.02)}, {'text': 'a', 'timestamp': (16.1, 16.12)}, {'text': 'língua', 'timestamp': (16.2, 16.42)}, {'text': 'francesa', 'timestamp': (16.5, 17.0)}, {'text': 'foi', 'timestamp': (17.1, 17.2)}, {'text': 'se', 'timestamp': (17.28, 17.34)}, {'text': 'acrescentando', 'timestamp': (17.38, 18.14)}, {'text': 'foi', 'timestamp': (18.62, 18.74)}, {'text': 'se', 'timestamp': (18.82, 18.86)}, {'text': 'amoldando', 'timestamp': (18.92, 19.56)}, {'text': 'aos', 'timestamp': (19.66, 19.78)}, {'text': 'tempos', 'timestamp': (19.98, 20.44)}, {'text': 'no', 'timestamp': (21.44, 21.52)}, {'text': 'canadá', 'timestamp': (21.8, 22.2)}, {'text': 'francês', 'timestamp': (22.44, 23.02)}, {'text': 'houve', 'timestamp': (24.02, 24.34)}, {'text': 'sidos', 'timestamp': (24.52, 24.9)}, {'text': 'camponeses', 'timestamp': (25.54, 26.28)}, {'text': 'franceses', 'timestamp': (26.36, 27.04)}, {'text': 'expressões', 'timestamp': (27.44, 28.1)}, {'text': 'de', 'timestamp': (28.74, 28.78)}, {'text': 'radler', 'timestamp': (28.86, 29.3)}, {'text': 'expresclássico', 'timestamp': (30.6, 31.48)}];0,26;0,2549019607843137;0,3582222222222222;0,1178343949044586
./audios/SP_D2_333_640.16071_648.19643.wav;640,16071;648,19643;então é muito engraçado porque o imigrante... preservou... a linguagem do seu país... no momento em que ele imigrou;então é muito engraçado porque o imigrante preservou a linguagem do seu país no momento em que ele imigrou;8,03571999999997;então é muito engraçado porque o imigrante preservou a linguagem do seu país no momento em que ele migrou;;[{'text': 'então', 'timestamp': (0.1, 0.24)}, {'text': 'é', 'timestamp': (0.32, 0.34)}, {'text': 'muito', 'timestamp': (0.4, 0.52)}, {'text': 'engraçado', 'timestamp': (0.6, 1.26)}, {'text': 'porque', 'timestamp': (1.4, 1.58)}, {'text': 'o', 'timestamp': (1.62, 1.64)}, {'text': 'imigrante', 'timestamp': (1.72, 2.4)}, {'text': 'preservou', 'timestamp': (3.04, 3.76)}, {'text': 'a', 'timestamp': (4.12, 4.14)}, {'text': 'linguagem', 'timestamp': (4.22, 4.9)}, {'text': 'do', 'timestamp': (5.14, 5.2)}, {'text': 'seu', 'timestamp': (5.3, 5.42)}, {'text': 'país', 'timestamp': (5.54, 5.86)}, {'text': 'no', 'timestamp': (6.32, 6.4)}, {'text': 'momento', 'timestamp': (6.46, 6.86)}, {'text': 'em', 'timestamp': (6.98, 7.02)}, {'text': 'que', 'timestamp': (7.1, 7.18)}, {'text': 'ele', 'timestamp': (7.22, 7.32)}, {'text': 'migrou', 'timestamp': (7.44, 7.8)}];0,05263157894736842;0,05263157894736842;0,1024930747922439;0,009433962264150943
./audios/SP_D2_333_648.34973_654.4481.wav;648,34973;654,4481;e guardou esta linguagem para seus filhos para sua descendência... como um patrimônio;e guardou esta linguagem para seus filhos para sua descendência como um patrimônio;6,098369999999932;e guardou esta linguagem para seus filhos para a sua descendência como um patrimônio;;[{'text': 'e', 'timestamp': (0.04, 0.06)}, {'text': 'guardou', 'timestamp': (0.18, 0.82)}, {'text': 'esta', 'timestamp': (1.04, 1.3)}, {'text': 'linguagem', 'timestamp': (1.42, 2.14)}, {'text': 'para', 'timestamp': (2.28, 2.42)}, {'text': 'seus', 'timestamp': (2.52, 2.7)}, {'text': 'filhos', 'timestamp': (2.86, 3.2)}, {'text': 'para', 'timestamp': (3.3, 3.42)}, {'text': 'a', 'timestamp': (3.44, 3.48)}, {'text': 'sua', 'timestamp': (3.52, 3.62)}, {'text': 'descendência', 'timestamp': (3.68, 4.48)}, {'text': 'como', 'timestamp': (5.14, 5.28)}, {'text': 'um', 'timestamp': (5.34, 5.38)}, {'text': 'patrimônio', 'timestamp': (5.46, 6.04)}];0,07692307692307693;0,07142857142857142;0,0714285714285714;0,024390243902439025
./audios/SP_D2_333_654.4481_657.13016.wav;654,4481;657,13016;como se fosse realmente um reTRAto da sua Pátria;como se fosse realmente um retrato da sua pátria;2,6820600000000923;como se fosse realmente o retrato da sua pátria;;[{'text': 'como', 'timestamp': (0.08, 0.18)}, {'text': 'se', 'timestamp': (0.28, 0.34)}, {'text': 'fosse', 'timestamp': (0.44, 0.64)}, {'text': 'realmente', 'timestamp': (0.76, 1.14)}, {'text': 'o', 'timestamp': (1.22, 1.26)}, {'text': 'retrato', 'timestamp': (1.32, 1.76)}, {'text': 'da', 'timestamp': (1.84, 1.9)}, {'text': 'sua', 'timestamp': (1.98, 2.1)}, {'text': 'pátria', 'timestamp': (2.24, 2.64)}];0,1111111111111111;0,1111111111111111;0,2098765432098766;0,041666666666666664
./audios/SP_D2_333_657.67388_666.23083.wav;657,67388;666,23083;então essa linguagem vai evoluindo no seu país de origem... e no país... jovem para o qual ela foi transposta ela fica mais ou menos estagnada;então essa linguagem vai evoluindo no seu país de origem e no país jovem para o qual ela foi transposta ela fica mais ou menos estagnada;8,556949999999915;então essa linguagem vai evoluindo no seu país de origem e no país jovem para o qual ela foi transposta ela fica mais ou menos estagnada;;[{'text': 'então', 'timestamp': (0.06, 0.26)}, {'text': 'essa', 'timestamp': (0.34, 0.52)}, {'text': 'linguagem', 'timestamp': (0.62, 1.18)}, {'text': 'vai', 'timestamp': (1.3, 1.44)}, {'text': 'evoluindo', 'timestamp': (1.56, 2.14)}, {'text': 'no', 'timestamp': (2.26, 2.32)}, {'text': 'seu', 'timestamp': (2.42, 2.52)}, {'text': 'país', 'timestamp': (2.62, 2.84)}, {'text': 'de', 'timestamp': (2.9, 2.96)}, {'text': 'origem', 'timestamp': (3.02, 3.42)}, {'text': 'e', 'timestamp': (3.94, 3.96)}, {'text': 'no', 'timestamp': (4.02, 4.1)}, {'text': 'país', 'timestamp': (4.18, 4.46)}, {'text': 'jovem', 'timestamp': (4.92, 5.18)}, {'text': 'para', 'timestamp': (5.26, 5.34)}, {'text': 'o', 'timestamp': (5.36, 5.4)}, {'text': 'qual', 'timestamp': (5.46, 5.58)}, {'text': 'ela', 'timestamp': (5.62, 5.72)}, {'text': 'foi', 'timestamp': (5.84, 5.94)}, {'text': 'transposta', 'timestamp': (6.04, 6.74)}, {'text': 'ela', 'timestamp': (6.9, 7.0)}, {'text': 'fica', 'timestamp': (7.12, 7.28)}, {'text': 'mais', 'timestamp': (7.32, 7.44)}, {'text': 'ou', 'timestamp': (7.48, 7.52)}, {'text': 'menos', 'timestamp': (7.54, 7.66)}, {'text': 'estagnada', 'timestamp': (7.74, 8.38)}];0,0;0,0;0,0;0,0
./audios/SP_D2_333_667.04278_671.09515.wav;667,04278;671,09515;que é o caso dessa área... francesa do Canadá;que é o caso dessa área francesa do canadá;4,052369999999996;que é o caso dessa área francesa do canadá;;[{'text': 'que', 'timestamp': (0.02, 0.1)}, {'text': 'é', 'timestamp': (0.14, 0.16)}, {'text': 'o', 'timestamp': (0.22, 0.24)}, {'text': 'caso', 'timestamp': (0.44, 0.84)}, {'text': 'dessa', 'timestamp': (1.04, 1.36)}, {'text': 'área', 'timestamp': (1.58, 2.0)}, {'text': 'francesa', 'timestamp': (2.48, 3.22)}, {'text': 'do', 'timestamp': (3.32, 3.36)}, {'text': 'canadá', 'timestamp': (3.48, 3.88)}];0,0;0,0;0,0;0,0
./audios/SP_D2_333_671.69075_673.32139.wav;671,69075;673,32139;eu achei isso muito curioso;eu achei isso muito curioso;1,6306399999999712;eu achei isso muito curioso;;[{'text': 'eu', 'timestamp': (0.08, 0.12)}, {'text': 'achei', 'timestamp': (0.18, 0.4)}, {'text': 'isso', 'timestamp': (0.46, 0.6)}, {'text': 'muito', 'timestamp': (0.7, 0.86)}, {'text': 'curioso', 'timestamp': (0.96, 1.46)}];0,0;0,0;0,0;0,0
./audios/SP_D2_333_673.70656_684.73668.wav;673,70656;684,73668;porque me disseram também que em vários lugares do sertão... nosso se ou/ se ouve ainda... éh:: vocábulos... hã mais hã clássicos;porque me disseram também que em vários lugares do sertão nosso se ou se ouve ainda eh vocábulos ah mais ah clássicos;11,03012000000001;porque me disseram também que em vários lugares do sertão nosso se se ouve ainda vocábulos mais clássicos;;[{'text': 'porque', 'timestamp': (0.1, 0.28)}, {'text': 'me', 'timestamp': (0.36, 0.42)}, {'text': 'disseram', 'timestamp': (0.46, 0.84)}, {'text': 'também', 'timestamp': (0.94, 1.24)}, {'text': 'que', 'timestamp': (1.32, 1.38)}, {'text': 'em', 'timestamp': (1.46, 1.52)}, {'text': 'vários', 'timestamp': (1.62, 1.9)}, {'text': 'lugares', 'timestamp': (1.98, 2.46)}, {'text': 'do', 'timestamp': (2.56, 2.6)}, {'text': 'sertão', 'timestamp': (2.74, 3.26)}, {'text': 'nosso', 'timestamp': (4.46, 4.94)}, {'text': 'se', 'timestamp': (5.3, 5.34)}, {'text': 'se', 'timestamp': (5.84, 5.9)}, {'text': 'ouve', 'timestamp': (6.0, 6.24)}, {'text': 'ainda', 'timestamp': (6.36, 6.8)}, {'text': 'vocábulos', 'timestamp': (8.04, 8.76)}, {'text': 'mais', 'timestamp': (9.88, 10.02)}, {'text': 'clássicos', 'timestamp': (10.46, 10.96)}];0,18181818181818182;0,18181818181818182;0,18181818181818177;0,10256410256410256
./audios/SP_D2_333_684.73668_688.09213.wav;684,73668;688,09213;já em completamente em desuso... [não é?;já em completamente em desuso não é;3,355450000000019;já é completamente em desuso papai;;[{'text': 'já', 'timestamp': (0.2, 0.26)}, {'text': 'é', 'timestamp': (0.32, 0.34)}, {'text': 'completamente', 'timestamp': (0.48, 0.9)}, {'text': 'em', 'timestamp': (1.0, 1.04)}, {'text': 'desuso', 'timestamp': (1.08, 2.88)}, {'text': 'papai', 'timestamp': (2.94, 3.22)}];0,42857142857142855;0,42857142857142855;0,6190476190476191;0,2
./audios/SP_D2_333_699.90107_700.29724.wav;699,90107;700,29724;é::;é;0,3961699999999837;terá;;[{'text': 'terá', 'timestamp': (1.0, 1.2)}];1,0;1,0;1,0;4,0
./audios/SP_D2_333_701.12234_707.87956.wav;701,12234;707,87956;[tem muita coisa... de mistura com a linGUA::gem do caboclo que aliás é uma linguagem... [originalíssima e inteligente;tem muita coisa de mistura com a linguagem do caboclo que aliás é uma linguagem originalíssima e inteligente;6,757219999999961;muita coisa de mistura com a linguagem do caboclo que aliás é uma linguagem original e o novo;;[{'text': 'muita', 'timestamp': (0.22, 0.36)}, {'text': 'coisa', 'timestamp': (0.44, 0.6)}, {'text': 'de', 'timestamp': (1.0, 1.06)}, {'text': 'mistura', 'timestamp': (1.14, 1.48)}, {'text': 'com', 'timestamp': (1.58, 1.66)}, {'text': 'a', 'timestamp': (1.72, 1.76)}, {'text': 'linguagem', 'timestamp': (1.82, 2.54)}, {'text': 'do', 'timestamp': (2.64, 2.7)}, {'text': 'caboclo', 'timestamp': (2.78, 3.22)}, {'text': 'que', 'timestamp': (3.3, 3.36)}, {'text': 'aliás', 'timestamp': (3.4, 3.64)}, {'text': 'é', 'timestamp': (3.7, 3.72)}, {'text': 'uma', 'timestamp': (3.76, 3.82)}, {'text': 'linguagem', 'timestamp': (3.94, 4.42)}, {'text': 'original', 'timestamp': (4.8, 5.16)}, {'text': 'e', 'timestamp': (5.3, 5.4)}, {'text': 'o', 'timestamp': (5.7, 5.72)}, {'text': 'novo', 'timestamp': (6.22, 6.46)}];0,2222222222222222;0,21052631578947367;0,30555555555555547;0,19444444444444445
./audios/SP_D2_333_708.27744_709.60521.wav;708,27744;709,60521;é [emprego do vós;é emprego do vós;1,3277700000001005;e inclui o emprego do moço;;[{'text': 'e', 'timestamp': (0.06, 0.08)}, {'text': 'inclui', 'timestamp': (0.34, 0.62)}, {'text': 'o', 'timestamp': (0.64, 0.66)}, {'text': 'emprego', 'timestamp': (0.68, 0.92)}, {'text': 'do', 'timestamp': (0.98, 1.02)}, {'text': 'moço', 'timestamp': (1.08, 1.3)}];1,0;0,6666666666666666;0,8333333333333334;0,875
./audios/SP_D2_333_709.95031_710.25447.wav;709,95031;710,25447;é;é;0,3041600000000244;se;;[{'text': 'se', 'timestamp': (0.9, 1.04)}];1,0;1,0;1,0;2,0
./audios/SP_D2_333_736.49824_748.484.wav;736,49824;748,484;não e [num... é engraçado e no meio [assim do POvo... em São Paulo eu me lembro quando eu era... moci::nha eu tive uma empreGAda... éh que ela atendia o telefone e dizia... ''aqui é a casa de madame Helena'';não e num é engraçado e no meio assim do povo em são paulo eu me lembro quando eu era mocinha eu tive uma empregada eh que ela atendia o telefone e dizia aqui é a casa de madame helena;11,985760000000028;e engraçada e no meio precio em são paulo eu me lembro quando eu era mocinha eu tive uma empregada que ela atende o telefone e dizia aqui a casa de madame;;[{'text': 'e', 'timestamp': (1.26, 1.28)}, {'text': 'engraçada', 'timestamp': (1.42, 1.8)}, {'text': 'e', 'timestamp': (1.84, 1.9)}, {'text': 'no', 'timestamp': (1.94, 2.0)}, {'text': 'meio', 'timestamp': (2.08, 2.24)}, {'text': 'precio', 'timestamp': (2.26, 2.8)}, {'text': 'em', 'timestamp': (3.58, 3.64)}, {'text': 'são', 'timestamp': (3.78, 3.88)}, {'text': 'paulo', 'timestamp': (4.0, 4.16)}, {'text': 'eu', 'timestamp': (4.18, 4.26)}, {'text': 'me', 'timestamp': (4.28, 4.32)}, {'text': 'lembro', 'timestamp': (4.36, 4.5)}, {'text': 'quando', 'timestamp': (4.56, 4.7)}, {'text': 'eu', 'timestamp': (4.72, 4.76)}, {'text': 'era', 'timestamp': (4.8, 4.88)}, {'text': 'mocinha', 'timestamp': (5.12, 5.76)}, {'text': 'eu', 'timestamp': (5.92, 5.96)}, {'text': 'tive', 'timestamp': (6.04, 6.2)}, {'text': 'uma', 'timestamp': (6.26, 6.34)}, {'text': 'empregada', 'timestamp': (6.4, 7.02)}, {'text': 'que', 'timestamp': (8.08, 8.16)}, {'text': 'ela', 'timestamp': (8.18, 8.26)}, {'text': 'atende', 'timestamp': (8.3, 8.54)}, {'text': 'o', 'timestamp': (8.64, 8.68)}, {'text': 'telefone', 'timestamp': (8.72, 9.28)}, {'text': 'e', 'timestamp': (9.38, 9.4)}, {'text': 'dizia', 'timestamp': (9.44, 9.82)}, {'text': 'aqui', 'timestamp': (10.64, 10.78)}, {'text': 'a', 'timestamp': (10.86, 10.88)}, {'text': 'casa', 'timestamp': (10.92, 11.08)}, {'text': 'de', 'timestamp': (11.1, 11.14)}, {'text': 'madame', 'timestamp': (11.18, 11.62)}];0,275;0,275;0,34296875000000004;0,20108695652173914
./audios/SP_D2_333_749.42181_752.79927.wav;749,42181;752,79927;aí... eu fiz ver que não se dizia assim;aí eu fiz ver que não se dizia assim;3,377459999999928;aí eu fiz ver que não se dizia assim;;[{'text': 'aí', 'timestamp': (0.12, 0.22)}, {'text': 'eu', 'timestamp': (1.14, 1.22)}, {'text': 'fiz', 'timestamp': (1.34, 1.58)}, {'text': 'ver', 'timestamp': (1.76, 1.94)}, {'text': 'que', 'timestamp': (2.1, 2.16)}, {'text': 'não', 'timestamp': (2.28, 2.36)}, {'text': 'se', 'timestamp': (2.46, 2.52)}, {'text': 'dizia', 'timestamp': (2.6, 2.94)}, {'text': 'assim', 'timestamp': (2.98, 3.26)}];0,0;0,0;0,0;0,0
./audios/SP_D2_333_752.79927_754.56667.wav;752,79927;754,56667;que não que eu que eu não era madame Helena;que não que eu que eu não era madame helena;1,767400000000066;que nunca não era ma demilha na;;[{'text': 'que', 'timestamp': (0.0, 0.1)}, {'text': 'nunca', 'timestamp': (0.2, 0.62)}, {'text': 'não', 'timestamp': (0.7, 0.76)}, {'text': 'era', 'timestamp': (0.82, 0.94)}, {'text': 'ma', 'timestamp': (1.02, 1.08)}, {'text': 'demilha', 'timestamp': (1.14, 1.58)}, {'text': 'na', 'timestamp': (1.62, 1.66)}];0,8;0,7272727272727273;0,8714285714285714;0,5116279069767442
./audios/SP_D2_333_754.56667_755.4806.wav;754,56667;755,4806;e:: expliquei;e expliquei;0,9139299999999366;e expliquei;;[{'text': 'e', 'timestamp': (1.1, 1.12)}, {'text': 'expliquei', 'timestamp': (1.42, 1.86)}];0,0;0,0;0,0;0,0
./audios/SP_D2_333_755.4806_779.56632.wav;755,4806;779,56632;eu diSSE... ''olha fulana você não:: não me chama de madame Helena... porque maDAme aqui no Brasil... é mais ou menos empregado no caso casa de madame... como se fosse uma casa de uma coleteira --não tenho nada contra a a classe das coleteiras prezo muito... mas enfim-- na (como se) fosse uma coleteira... uma cabeleireira... que não é o caso... de uma:: residência particular;eu disse olha fulana você não não me chama de madame helena porque madame aqui no brasil é mais ou menos empregado no caso casa de madame como se fosse uma casa de uma coleteira não tenho nada contra a a classe das coleteiras prezo muito mas enfim na como se fosse uma coleteira uma cabeleireira que não é o caso de uma residência particular;24,085720000000038;eu disse olha falando você não não me chama de madame helena porque madame aqui no brasil é mais ou menos empregado num caso casa de made como se fosse uma casa de uma coleteira não tenho nada contra a classe das coleteiras preso muito mas enfim fosse uma coleteira uma cabeleireira que não é o cas;;[{'text': 'eu', 'timestamp': (0.12, 0.16)}, {'text': 'disse', 'timestamp': (0.24, 0.8)}, {'text': 'olha', 'timestamp': (1.92, 2.04)}, {'text': 'falando', 'timestamp': (2.12, 2.38)}, {'text': 'você', 'timestamp': (2.44, 2.58)}, {'text': 'não', 'timestamp': (2.66, 2.76)}, {'text': 'não', 'timestamp': (3.0, 3.06)}, {'text': 'me', 'timestamp': (3.1, 3.16)}, {'text': 'chama', 'timestamp': (3.22, 3.38)}, {'text': 'de', 'timestamp': (3.42, 3.48)}, {'text': 'madame', 'timestamp': (3.52, 3.74)}, {'text': 'helena', 'timestamp': (3.82, 4.14)}, {'text': 'porque', 'timestamp': (4.58, 4.76)}, {'text': 'madame', 'timestamp': (4.94, 5.58)}, {'text': 'aqui', 'timestamp': (5.72, 5.86)}, {'text': 'no', 'timestamp': (5.92, 5.98)}, {'text': 'brasil', 'timestamp': (6.04, 6.42)}, {'text': 'é', 'timestamp': (7.1, 7.12)}, {'text': 'mais', 'timestamp': (7.26, 7.46)}, {'text': 'ou', 'timestamp': (7.52, 7.58)}, {'text': 'menos', 'timestamp': (7.68, 7.9)}, {'text': 'empregado', 'timestamp': (8.0, 8.58)}, {'text': 'num', 'timestamp': (8.7, 8.8)}, {'text': 'caso', 'timestamp': (8.92, 9.24)}, {'text': 'casa', 'timestamp': (9.46, 9.78)}, {'text': 'de', 'timestamp': (9.88, 9.92)}, {'text': 'made', 'timestamp': (9.98, 10.22)}, {'text': 'como', 'timestamp': (10.86, 11.0)}, {'text': 'se', 'timestamp': (11.1, 11.16)}, {'text': 'fosse', 'timestamp': (11.26, 11.42)}, {'text': 'uma', 'timestamp': (11.46, 11.56)}, {'text': 'casa', 'timestamp': (11.66, 11.82)}, {'text': 'de', 'timestamp': (11.88, 11.92)}, {'text': 'uma', 'timestamp': (11.96, 12.02)}, {'text': 'coleteira', 'timestamp': (12.14, 12.7)}, {'text': 'não', 'timestamp': (12.78, 12.84)}, {'text': 'tenho', 'timestamp': (12.88, 13.0)}, {'text': 'nada', 'timestamp': (13.1, 13.28)}, {'text': 'contra', 'timestamp': (13.42, 13.68)}, {'text': 'a', 'timestamp': (14.04, 14.06)}, {'text': 'classe', 'timestamp': (14.14, 14.38)}, {'text': 'das', 'timestamp': (14.46, 14.56)}, {'text': 'coleteiras', 'timestamp': (14.66, 15.14)}, {'text': 'preso', 'timestamp': (15.26, 15.5)}, {'text': 'muito', 'timestamp': (15.58, 15.74)}, {'text': 'mas', 'timestamp': (16.14, 16.22)}, {'text': 'enfim', 'timestamp': (16.3, 16.6)}, {'text': 'fosse', 'timestamp': (17.14, 17.3)}, {'text': 'uma', 'timestamp': (17.36, 17.44)}, {'text': 'coleteira', 'timestamp': (17.54, 18.12)}, {'text': 'uma', 'timestamp': (19.42, 19.5)}, {'text': 'cabeleireira', 'timestamp': (19.58, 20.28)}, {'text': 'que', 'timestamp': (21.34, 21.4)}, {'text': 'não', 'timestamp': (21.44, 21.52)}, {'text': 'é', 'timestamp': (21.56, 21.58)}, {'text': 'o', 'timestamp': (21.66, 21.68)}, {'text': 'cas', 'timestamp': (21.82, 22.08)}];0,2;0,2;0,2701754385964912;0,1495601173020528
./audios/SP_D2_333_779.56632_782.9896.wav;779,56632;782,9896;então você não... não diga casa de madame Helena;então você não não diga casa de madame helena;3,423279999999977;então você não não diga casa de madame perena;;[{'text': 'então', 'timestamp': (0.06, 0.24)}, {'text': 'você', 'timestamp': (0.34, 0.5)}, {'text': 'não', 'timestamp': (0.6, 0.68)}, {'text': 'não', 'timestamp': (1.6, 1.68)}, {'text': 'diga', 'timestamp': (1.74, 1.92)}, {'text': 'casa', 'timestamp': (2.06, 2.24)}, {'text': 'de', 'timestamp': (2.32, 2.36)}, {'text': 'madame', 'timestamp': (2.44, 2.8)}, {'text': 'perena', 'timestamp': (2.98, 3.34)}];0,1111111111111111;0,1111111111111111;0,2098765432098766;0,044444444444444446
./audios/SP_D2_333_782.9896_784.90883.wav;782,9896;784,90883;não e nem me chame de madame'';não e nem me chame de madame;1,9192299999999705;não e nem me chame de ma demia;;[{'text': 'não', 'timestamp': (0.04, 0.12)}, {'text': 'e', 'timestamp': (0.28, 0.3)}, {'text': 'nem', 'timestamp': (0.48, 0.64)}, {'text': 'me', 'timestamp': (0.72, 0.78)}, {'text': 'chame', 'timestamp': (0.98, 1.2)}, {'text': 'de', 'timestamp': (1.28, 1.32)}, {'text': 'ma', 'timestamp': (1.38, 1.44)}, {'text': 'demia', 'timestamp': (1.58, 1.86)}];0,2857142857142857;0,25;0,3571428571428572;0,14285714285714285
./audios/SP_D2_333_784.90883_786.34685.wav;784,90883;786,34685;--porque ela só me chamava de madame--;porque ela só me chamava de madame;1,4380200000000514;porque era só me chamava de made;;[{'text': 'porque', 'timestamp': (0.02, 0.14)}, {'text': 'era', 'timestamp': (0.16, 0.24)}, {'text': 'só', 'timestamp': (0.28, 0.36)}, {'text': 'me', 'timestamp': (0.42, 0.5)}, {'text': 'chamava', 'timestamp': (0.52, 0.76)}, {'text': 'de', 'timestamp': (0.82, 0.86)}, {'text': 'made', 'timestamp': (0.92, 1.14)}];0,2857142857142857;0,2857142857142857;0,4897959183673469;0,08823529411764706
./audios/SP_D2_333_786.7707_788.54018.wav;786,7707;788,54018;''eu acho muito desagradável ( ) você me chame dona Helena;eu acho muito desagradável você me chame dona helena;1,7694799999999304;eu acho que o e agradável chama dona helena;;[{'text': 'eu', 'timestamp': (0.06, 0.12)}, {'text': 'acho', 'timestamp': (0.14, 0.22)}, {'text': 'que', 'timestamp': (0.24, 0.3)}, {'text': 'o', 'timestamp': (0.4, 0.42)}, {'text': 'e', 'timestamp': (0.44, 0.46)}, {'text': 'agradável', 'timestamp': (0.48, 0.76)}, {'text': 'chama', 'timestamp': (1.12, 1.26)}, {'text': 'dona', 'timestamp': (1.36, 1.46)}, {'text': 'helena', 'timestamp': (1.5, 1.72)}];0,5555555555555556;0,5555555555555556;0,8024691358024691;0,2692307692307692
./audios/SP_D2_333_788.54018_789.58718.wav;788,54018;789,58718;não me chame de madame'';não me chame de madame;1,0470000000000255;nome chame de made;;[{'text': 'nome', 'timestamp': (0.04, 0.2)}, {'text': 'chame', 'timestamp': (0.28, 0.42)}, {'text': 'de', 'timestamp': (0.48, 0.52)}, {'text': 'made', 'timestamp': (0.58, 0.82)}];0,6;0,6;0,8;0,18181818181818182
./audios/SP_D2_333_790.11625_798.22567.wav;790,11625;798,22567;aí ela pôs a mão no quadril me olhou... --eu nunca hei de me esquecer isso faz tantos anos--... ''por que que a senhora não quer que eu lhe dê madamia?'';aí ela pôs a mão no quadril me olhou eu nunca hei de me esquecer isso faz tantos anos por que que a senhora não quer que eu lhe dê madamia;8,10942;aí ela pousar no no quadro olhou eu não queria me esquecer isso fará tantos anos por que a senhora não quer que eu lhe dê madama;;[{'text': 'aí', 'timestamp': (0.06, 0.1)}, {'text': 'ela', 'timestamp': (0.14, 0.24)}, {'text': 'pousar', 'timestamp': (0.38, 0.54)}, {'text': 'no', 'timestamp': (0.64, 0.68)}, {'text': 'no', 'timestamp': (0.78, 0.82)}, {'text': 'quadro', 'timestamp': (0.9, 1.2)}, {'text': 'olhou', 'timestamp': (1.46, 1.68)}, {'text': 'eu', 'timestamp': (2.02, 2.06)}, {'text': 'não', 'timestamp': (2.1, 2.16)}, {'text': 'queria', 'timestamp': (2.18, 2.32)}, {'text': 'me', 'timestamp': (2.34, 2.38)}, {'text': 'esquecer', 'timestamp': (2.4, 2.66)}, {'text': 'isso', 'timestamp': (2.72, 2.82)}, {'text': 'fará', 'timestamp': (2.88, 2.96)}, {'text': 'tantos', 'timestamp': (3.04, 3.24)}, {'text': 'anos', 'timestamp': (3.3, 3.44)}, {'text': 'por', 'timestamp': (4.28, 4.42)}, {'text': 'que', 'timestamp': (4.64, 4.72)}, {'text': 'a', 'timestamp': (4.98, 5.02)}, {'text': 'senhora', 'timestamp': (5.14, 5.48)}, {'text': 'não', 'timestamp': (5.6, 5.7)}, {'text': 'quer', 'timestamp': (5.9, 6.08)}, {'text': 'que', 'timestamp': (6.22, 6.3)}, {'text': 'eu', 'timestamp': (6.34, 6.42)}, {'text': 'lhe', 'timestamp': (6.5, 6.6)}, {'text': 'dê', 'timestamp': (6.78, 6.82)}, {'text': 'madama', 'timestamp': (7.14, 7.9)}];0,3548387096774194;0,3548387096774194;0,5221027479091995;0,2028985507246377
./audios/SP_D2_333_798.367_799.44114.wav;798,367;799,44114;mas eu achei [( );mas eu achei;1,0741400000000567;mas eu acho que a daria;;[{'text': 'mas', 'timestamp': (0.06, 0.16)}, {'text': 'eu', 'timestamp': (0.24, 0.28)}, {'text': 'acho', 'timestamp': (0.32, 0.42)}, {'text': 'que', 'timestamp': (0.46, 0.54)}, {'text': 'a', 'timestamp': (0.58, 0.6)}, {'text': 'daria', 'timestamp': (0.66, 1.02)}];1,3333333333333333;0,6666666666666666;0,7777777777777778;0,9166666666666666
./audios/SP_D2_333_800.48197_800.67277.wav;800,48197;800,67277;é;é;0,19079999999996744;é;;[{'text': 'é', 'timestamp': (1.04, 1.06)}];0,0;0,0;0,0;0,0
./audios/SP_D2_333_810.66008_823.44794.wav;810,66008;823,44794;a evolução da tevê... eu estou vendo:: a tevê evidentemente... muito presa a singularidades brasileiras... e não se pode mesmo... analisá-la... fora do contexto brasileiro;a evolução da tevê eu estou vendo a tevê evidentemente muito presa a singularidades brasileiras e não se pode mesmo analisála fora do contexto brasileiro;12,787860000000023;a evolução da tv eu estou vendo a tv evidentemente muito presa às singularidades brasileiras e não se pode mesmo analisa fora do contexto brasileiro;;[{'text': 'a', 'timestamp': (0.1, 0.12)}, {'text': 'evolução', 'timestamp': (0.2, 0.62)}, {'text': 'da', 'timestamp': (0.68, 0.72)}, {'text': 'tv', 'timestamp': (0.78, 0.96)}, {'text': 'eu', 'timestamp': (1.52, 1.6)}, {'text': 'estou', 'timestamp': (1.68, 1.96)}, {'text': 'vendo', 'timestamp': (2.08, 2.74)}, {'text': 'a', 'timestamp': (2.8, 2.82)}, {'text': 'tv', 'timestamp': (2.9, 3.1)}, {'text': 'evidentemente', 'timestamp': (3.32, 3.96)}, {'text': 'muito', 'timestamp': (4.66, 4.88)}, {'text': 'presa', 'timestamp': (5.06, 5.38)}, {'text': 'às', 'timestamp': (5.6, 5.66)}, {'text': 'singularidades', 'timestamp': (5.78, 6.62)}, {'text': 'brasileiras', 'timestamp': (6.72, 7.4)}, {'text': 'e', 'timestamp': (8.32, 8.34)}, {'text': 'não', 'timestamp': (8.6, 8.7)}, {'text': 'se', 'timestamp': (8.78, 8.82)}, {'text': 'pode', 'timestamp': (8.96, 9.18)}, {'text': 'mesmo', 'timestamp': (9.34, 9.6)}, {'text': 'analisa', 'timestamp': (10.14, 10.58)}, {'text': 'fora', 'timestamp': (11.24, 11.5)}, {'text': 'do', 'timestamp': (11.58, 11.62)}, {'text': 'contexto', 'timestamp': (11.7, 12.18)}, {'text': 'brasileiro', 'timestamp': (12.28, 12.74)}];0,16;0,16;0,2944000000000001;0,05228758169934641
./audios/SP_D2_333_824.18446_841.42161.wav;824,18446;841,42161;então quando se pede à tevê... a altura o nível... de uma televisão:: europeia... digo ''meu Deus mas por que só a televisão... tem que ter esta altura... quando as outras... os outros setores... estão ainda claudicando mesmo sob diversos aspectos?'';então quando se pede à tevê a altura o nível de uma televisão europeia digo meu deus mas por que só a televisão tem que ter esta altura quando as outras os outros setores estão ainda claudicando mesmo sob diversos aspectos;17,237150000000042;então quando se pede a tv a altura o nível de uma televisão europeia digo meu deus mas por que só a televisão tem que ter essa altura quando os outros setores estão ainda claudicando sobre diversos aspectos;;[{'text': 'então', 'timestamp': (0.06, 0.22)}, {'text': 'quando', 'timestamp': (0.3, 0.44)}, {'text': 'se', 'timestamp': (0.54, 0.6)}, {'text': 'pede', 'timestamp': (0.72, 0.94)}, {'text': 'a', 'timestamp': (0.98, 1.0)}, {'text': 'tv', 'timestamp': (1.12, 1.34)}, {'text': 'a', 'timestamp': (2.32, 2.34)}, {'text': 'altura', 'timestamp': (2.42, 2.86)}, {'text': 'o', 'timestamp': (2.88, 2.9)}, {'text': 'nível', 'timestamp': (3.1, 3.46)}, {'text': 'de', 'timestamp': (4.02, 4.08)}, {'text': 'uma', 'timestamp': (4.14, 4.22)}, {'text': 'televisão', 'timestamp': (4.3, 4.86)}, {'text': 'europeia', 'timestamp': (5.5, 6.24)}, {'text': 'digo', 'timestamp': (7.34, 7.48)}, {'text': 'meu', 'timestamp': (7.54, 7.64)}, {'text': 'deus', 'timestamp': (7.7, 7.86)}, {'text': 'mas', 'timestamp': (7.94, 8.02)}, {'text': 'por', 'timestamp': (8.14, 8.22)}, {'text': 'que', 'timestamp': (8.3, 8.36)}, {'text': 'só', 'timestamp': (8.6, 8.64)}, {'text': 'a', 'timestamp': (8.78, 8.8)}, {'text': 'televisão', 'timestamp': (8.86, 9.38)}, {'text': 'tem', 'timestamp': (9.94, 10.02)}, {'text': 'que', 'timestamp': (10.1, 10.18)}, {'text': 'ter', 'timestamp': (10.24, 10.34)}, {'text': 'essa', 'timestamp': (10.42, 10.56)}, {'text': 'altura', 'timestamp': (10.64, 10.96)}, {'text': 'quando', 'timestamp': (11.4, 11.56)}, {'text': 'os', 'timestamp': (13.0, 13.04)}, {'text': 'outros', 'timestamp': (13.12, 13.3)}, {'text': 'setores', 'timestamp': (13.38, 13.84)}, {'text': 'estão', 'timestamp': (14.22, 14.46)}, {'text': 'ainda', 'timestamp': (14.54, 14.72)}, {'text': 'claudicando', 'timestamp': (14.84, 15.42)}, {'text': 'sobre', 'timestamp': (15.94, 16.08)}, {'text': 'diversos', 'timestamp': (16.14, 16.5)}, {'text': 'aspectos', 'timestamp': (16.58, 17.12)}];0,17073170731707318;0,17073170731707318;0,258023106546855;0,0945945945945946
./audios/SP_D2_333_842.59048_848.54592.wav;842,59048;848,54592;eu acho então que nesse caso comparativamente até que a televisão está além;eu acho então que nesse caso comparativamente até que a televisão está além;5,955440000000067;eu acho então que nesse caso comparativamente até que a televisão está a lei;;[{'text': 'eu', 'timestamp': (0.06, 0.16)}, {'text': 'acho', 'timestamp': (0.28, 0.52)}, {'text': 'então', 'timestamp': (0.58, 0.84)}, {'text': 'que', 'timestamp': (1.16, 1.26)}, {'text': 'nesse', 'timestamp': (1.36, 1.62)}, {'text': 'caso', 'timestamp': (1.78, 2.14)}, {'text': 'comparativamente', 'timestamp': (2.38, 3.34)}, {'text': 'até', 'timestamp': (3.6, 3.9)}, {'text': 'que', 'timestamp': (4.04, 4.12)}, {'text': 'a', 'timestamp': (4.2, 4.22)}, {'text': 'televisão', 'timestamp': (4.26, 4.7)}, {'text': 'está', 'timestamp': (4.88, 5.14)}, {'text': 'a', 'timestamp': (5.48, 5.5)}, {'text': 'lei', 'timestamp': (5.66, 5.82)}];0,15384615384615385;0,14285714285714285;0,20879120879120883;0,04
./audios/SP_D2_333_849.51049_858.66232.wav;849,51049;858,66232;porque... éh muitas pessoas que têm viajado ultimamente --ultimamente eu não tenho viajado--... têm dito por exemplo quem em vá/ diversos países da Europa a televisão está muito ruim;porque eh muitas pessoas que têm viajado ultimamente ultimamente eu não tenho viajado têm dito por exemplo quem em vá diversos países da europa a televisão está muito ruim;9,151830000000018;porque muitas pessoas que têm viajado ativamente furtivamente eu não tenho viajado e tem dito por exemplo que em diversos países da europa a televisão está muito ruim;;[{'text': 'porque', 'timestamp': (0.14, 0.46)}, {'text': 'muitas', 'timestamp': (1.56, 1.78)}, {'text': 'pessoas', 'timestamp': (1.86, 2.06)}, {'text': 'que', 'timestamp': (2.12, 2.18)}, {'text': 'têm', 'timestamp': (2.22, 2.28)}, {'text': 'viajado', 'timestamp': (2.38, 2.7)}, {'text': 'ativamente', 'timestamp': (2.8, 3.14)}, {'text': 'furtivamente', 'timestamp': (3.2, 3.52)}, {'text': 'eu', 'timestamp': (3.54, 3.6)}, {'text': 'não', 'timestamp': (3.62, 3.68)}, {'text': 'tenho', 'timestamp': (3.72, 3.84)}, {'text': 'viajado', 'timestamp': (3.9, 4.26)}, {'text': 'e', 'timestamp': (5.2, 5.22)}, {'text': 'tem', 'timestamp': (5.26, 5.36)}, {'text': 'dito', 'timestamp': (5.42, 5.56)}, {'text': 'por', 'timestamp': (5.64, 5.7)}, {'text': 'exemplo', 'timestamp': (5.76, 5.96)}, {'text': 'que', 'timestamp': (6.02, 6.08)}, {'text': 'em', 'timestamp': (6.1, 6.18)}, {'text': 'diversos', 'timestamp': (6.5, 6.82)}, {'text': 'países', 'timestamp': (6.88, 7.16)}, {'text': 'da', 'timestamp': (7.2, 7.24)}, {'text': 'europa', 'timestamp': (7.28, 7.64)}, {'text': 'a', 'timestamp': (7.8, 7.82)}, {'text': 'televisão', 'timestamp': (7.88, 8.16)}, {'text': 'está', 'timestamp': (8.22, 8.34)}, {'text': 'muito', 'timestamp': (8.5, 8.7)}, {'text': 'ruim', 'timestamp': (8.82, 8.96)}];0,2413793103448276;0,23333333333333334;0,3485221674876847;0,0935672514619883
./audios/SP_D2_333_859.24_862.51357.wav;859,24;862,51357;porque a televisão sendo estatal ela é muito uniformiZAda;porque a televisão sendo estatal ela é muito uniformizada;3,2735699999999497;porque a televisão sendo estatal é muito uniformizada;;[{'text': 'porque', 'timestamp': (0.04, 0.2)}, {'text': 'a', 'timestamp': (0.24, 0.26)}, {'text': 'televisão', 'timestamp': (0.3, 0.64)}, {'text': 'sendo', 'timestamp': (0.74, 0.9)}, {'text': 'estatal', 'timestamp': (0.98, 1.46)}, {'text': 'é', 'timestamp': (1.76, 1.78)}, {'text': 'muito', 'timestamp': (1.84, 1.96)}, {'text': 'uniformizada', 'timestamp': (2.06, 3.06)}];0,1111111111111111;0,1111111111111111;0,11111111111111116;0,07017543859649122
./audios/SP_D2_333_863.13148_865.7649.wav;863,13148;865,7649;não há:: espetáculos diversificados;não há espetáculos diversificados;2,633420000000001;e não há espetáculos diversificados;;[{'text': 'e', 'timestamp': (0.08, 0.1)}, {'text': 'não', 'timestamp': (0.18, 0.3)}, {'text': 'há', 'timestamp': (0.38, 0.44)}, {'text': 'espetáculos', 'timestamp': (0.78, 1.46)}, {'text': 'diversificados', 'timestamp': (1.52, 2.52)}];0,25;0,2;0,19999999999999996;0,06060606060606061
./audios/SP_D2_333_865.7649_873.08531.wav;865,7649;873,08531;o telespectador... o:: o fica sempre... preso... a filmes.. ou a:: conferências;o telespectador o o fica sempre preso a filmes ou a conferências;7,320410000000038;o ter espectador o fica sempre preso a filmes ou a conferências;;[{'text': 'o', 'timestamp': (0.04, 0.06)}, {'text': 'ter', 'timestamp': (0.1, 0.2)}, {'text': 'espectador', 'timestamp': (0.26, 0.9)}, {'text': 'o', 'timestamp': (2.16, 2.18)}, {'text': 'fica', 'timestamp': (2.3, 2.48)}, {'text': 'sempre', 'timestamp': (2.66, 2.96)}, {'text': 'preso', 'timestamp': (3.48, 3.78)}, {'text': 'a', 'timestamp': (4.28, 4.3)}, {'text': 'filmes', 'timestamp': (4.56, 5.02)}, {'text': 'ou', 'timestamp': (5.66, 5.76)}, {'text': 'a', 'timestamp': (5.94, 5.96)}, {'text': 'conferências', 'timestamp': (6.36, 7.14)}];0,16666666666666666;0,16666666666666666;0,30555555555555547;0,0625
./audios/SP_D2_333_873.38918_889.22006.wav;873,38918;889,22006;há pouco tempo uma amiga minha esteve em Paris e [disse... [que há... (mas não) dois canais em Paris num horário que nós chamamos nobre... num... o Ministro da Educação (e) da Cultura fazia... uma:: conferência... sobre Teilhard de Chardin;há pouco tempo uma amiga minha esteve em paris e disse que há mas não dois canais em paris num horário que nós chamamos nobre num o ministro da educação e da cultura fazia uma conferência sobre teilhard de chardin;15,83087999999998;há pouco tempo uma amiga minha esteve em paris e disse a dois canais em paris no horário que nós chamamos nobre no o ministro da educação da cultura fazia uma conferência sobre telhas de sarda;;[{'text': 'há', 'timestamp': (0.1, 0.14)}, {'text': 'pouco', 'timestamp': (0.24, 0.42)}, {'text': 'tempo', 'timestamp': (0.5, 0.66)}, {'text': 'uma', 'timestamp': (0.72, 0.82)}, {'text': 'amiga', 'timestamp': (0.86, 1.04)}, {'text': 'minha', 'timestamp': (1.12, 1.26)}, {'text': 'esteve', 'timestamp': (1.3, 1.56)}, {'text': 'em', 'timestamp': (1.62, 1.68)}, {'text': 'paris', 'timestamp': (1.74, 2.06)}, {'text': 'e', 'timestamp': (2.24, 2.26)}, {'text': 'disse', 'timestamp': (2.34, 2.68)}, {'text': 'a', 'timestamp': (3.44, 3.46)}, {'text': 'dois', 'timestamp': (4.64, 4.84)}, {'text': 'canais', 'timestamp': (4.98, 5.4)}, {'text': 'em', 'timestamp': (5.48, 5.52)}, {'text': 'paris', 'timestamp': (5.62, 5.9)}, {'text': 'no', 'timestamp': (6.04, 6.14)}, {'text': 'horário', 'timestamp': (6.22, 6.52)}, {'text': 'que', 'timestamp': (6.6, 6.66)}, {'text': 'nós', 'timestamp': (6.72, 6.84)}, {'text': 'chamamos', 'timestamp': (6.92, 7.28)}, {'text': 'nobre', 'timestamp': (7.4, 7.72)}, {'text': 'no', 'timestamp': (8.38, 8.54)}, {'text': 'o', 'timestamp': (9.12, 9.14)}, {'text': 'ministro', 'timestamp': (9.22, 9.64)}, {'text': 'da', 'timestamp': (9.72, 9.76)}, {'text': 'educação', 'timestamp': (9.84, 10.32)}, {'text': 'da', 'timestamp': (10.4, 10.44)}, {'text': 'cultura', 'timestamp': (10.52, 10.78)}, {'text': 'fazia', 'timestamp': (10.9, 11.34)}, {'text': 'uma', 'timestamp': (12.18, 12.28)}, {'text': 'conferência', 'timestamp': (12.58, 13.5)}, {'text': 'sobre', 'timestamp': (14.24, 14.46)}, {'text': 'telhas', 'timestamp': (14.58, 15.0)}, {'text': 'de', 'timestamp': (15.04, 15.08)}, {'text': 'sarda', 'timestamp': (15.2, 15.62)}];0,225;0,225;0,3326388888888888;0,12206572769953052
./audios/SP_D2_333_889.81635_895.30851.wav;889,81635;895,30851;mas aquilo sem ilustração sem coisíssima alguma das pessoas todas no hotel do saguão do hotel dormirem;mas aquilo sem ilustração sem coisíssima alguma das pessoas todas no hotel do saguão do hotel dormirem;5,492159999999899;mas aquilo sem ilustração sem coisíssima alguma das pessoas todas no hotel do saga no pote dormirem;;[{'text': 'mas', 'timestamp': (0.06, 0.24)}, {'text': 'aquilo', 'timestamp': (0.34, 0.66)}, {'text': 'sem', 'timestamp': (0.78, 0.9)}, {'text': 'ilustração', 'timestamp': (0.96, 1.66)}, {'text': 'sem', 'timestamp': (1.82, 1.92)}, {'text': 'coisíssima', 'timestamp': (1.98, 2.4)}, {'text': 'alguma', 'timestamp': (2.48, 2.66)}, {'text': 'das', 'timestamp': (2.72, 2.82)}, {'text': 'pessoas', 'timestamp': (2.9, 3.2)}, {'text': 'todas', 'timestamp': (3.3, 3.52)}, {'text': 'no', 'timestamp': (3.6, 3.66)}, {'text': 'hotel', 'timestamp': (3.74, 4.04)}, {'text': 'do', 'timestamp': (4.16, 4.22)}, {'text': 'saga', 'timestamp': (4.32, 4.54)}, {'text': 'no', 'timestamp': (4.6, 4.64)}, {'text': 'pote', 'timestamp': (4.68, 4.84)}, {'text': 'dormirem', 'timestamp': (5.0, 5.36)}];0,17647058823529413;0,17647058823529413;0,32179930795847755;0,058823529411764705
./audios/SP_D2_333_895.30851_895.82729.wav;895,30851;895,82729;todas;todas;0,5187799999999925;podas;;[{'text': 'podas', 'timestamp': (1.06, 1.32)}];1,0;1,0;1,0;0,2
./audios/SP_D2_333_896.39512_904.02376.wav;896,39512;904,02376;porque é uma coisa... absolutamente ANtitelevisivo uma pessoa falando em fa/... em face das câmeras sem ilustração sem nada não é?;porque é uma coisa absolutamente antitelevisivo uma pessoa falando em fa em face das câmeras sem ilustração sem nada não é;7,6286400000000185;o que é uma coisa absolutamente ante televisão com uma pessoa falando e fácio das câmaras sem ilustração sem nada não é;;[{'text': 'o', 'timestamp': (0.26, 0.28)}, {'text': 'que', 'timestamp': (0.32, 0.38)}, {'text': 'é', 'timestamp': (0.44, 0.48)}, {'text': 'uma', 'timestamp': (0.54, 0.6)}, {'text': 'coisa', 'timestamp': (0.7, 0.86)}, {'text': 'absolutamente', 'timestamp': (1.34, 1.86)}, {'text': 'ante', 'timestamp': (2.1, 2.3)}, {'text': 'televisão', 'timestamp': (2.42, 2.86)}, {'text': 'com', 'timestamp': (2.92, 2.98)}, {'text': 'uma', 'timestamp': (3.0, 3.08)}, {'text': 'pessoa', 'timestamp': (3.14, 3.34)}, {'text': 'falando', 'timestamp': (3.44, 3.8)}, {'text': 'e', 'timestamp': (4.74, 4.76)}, {'text': 'fácio', 'timestamp': (4.82, 5.08)}, {'text': 'das', 'timestamp': (5.16, 5.28)}, {'text': 'câmaras', 'timestamp': (5.42, 5.78)}, {'text': 'sem', 'timestamp': (5.94, 6.06)}, {'text': 'ilustração', 'timestamp': (6.12, 6.66)}, {'text': 'sem', 'timestamp': (6.8, 6.9)}, {'text': 'nada', 'timestamp': (7.0, 7.26)}, {'text': 'não', 'timestamp': (7.4, 7.46)}, {'text': 'é', 'timestamp': (7.5, 7.52)}];0,47619047619047616;0,4166666666666667;0,5757575757575758;0,16393442622950818
./audios/SP_D2_333_904.47254_911.03321.wav;904,47254;911,03321;quer dizer era o... era o o era o::... a conferência... filmada assim (era);quer dizer era o era o o era o a conferência filmada assim era;6,560670000000073;quer dizer era e é a conferência filmada assim;;[{'text': 'quer', 'timestamp': (0.04, 0.12)}, {'text': 'dizer', 'timestamp': (0.16, 0.28)}, {'text': 'era', 'timestamp': (0.36, 0.46)}, {'text': 'e', 'timestamp': (1.58, 1.6)}, {'text': 'é', 'timestamp': (1.86, 1.88)}, {'text': 'a', 'timestamp': (3.36, 3.38)}, {'text': 'conferência', 'timestamp': (3.46, 4.1)}, {'text': 'filmada', 'timestamp': (5.44, 6.04)}, {'text': 'assim', 'timestamp': (6.1, 6.38)}];0,5;0,5;0,6111111111111112;0,27419354838709675
./audios/SP_D2_333_911.03321_912.69143.wav;911,03321;912,69143;então... foi uma coisa terrível;então foi uma coisa terrível;1,6582199999999148;então foi uma coisa terrível;;[{'text': 'então', 'timestamp': (0.06, 0.26)}, {'text': 'foi', 'timestamp': (0.82, 0.9)}, {'text': 'uma', 'timestamp': (0.96, 1.04)}, {'text': 'coisa', 'timestamp': (1.1, 1.26)}, {'text': 'terrível', 'timestamp': (1.34, 1.58)}];0,0;0,0;0,0;0,0
./audios/SP_D2_333_912.69143_915.96335.wav;912,69143;915,96335;e a outra também era um OUtro professor também dando uma aula não sei do quê;e a outra também era um outro professor também dando uma aula não sei do quê;3,271920000000023;e a outra também era um outro professor também dando uma aula não sei do que;;[{'text': 'e', 'timestamp': (0.08, 0.1)}, {'text': 'a', 'timestamp': (0.16, 0.18)}, {'text': 'outra', 'timestamp': (0.28, 0.5)}, {'text': 'também', 'timestamp': (0.58, 0.8)}, {'text': 'era', 'timestamp': (0.86, 0.96)}, {'text': 'um', 'timestamp': (1.0, 1.06)}, {'text': 'outro', 'timestamp': (1.14, 1.3)}, {'text': 'professor', 'timestamp': (1.38, 1.74)}, {'text': 'também', 'timestamp': (1.82, 2.0)}, {'text': 'dando', 'timestamp': (2.16, 2.34)}, {'text': 'uma', 'timestamp': (2.42, 2.5)}, {'text': 'aula', 'timestamp': (2.6, 2.72)}, {'text': 'não', 'timestamp': (2.78, 2.86)}, {'text': 'sei', 'timestamp': (2.88, 2.96)}, {'text': 'do', 'timestamp': (3.02, 3.06)}, {'text': 'que', 'timestamp': (3.08, 3.18)}];0,0625;0,0625;0,12109375;0,013157894736842105
./audios/SP_D2_333_916.6559_919.87831.wav;916,6559;919,87831;esporadicamente há concertos de grandes orquestras;esporadicamente há concertos de grandes orquestras;3,2224100000000817;esporadicamente há concertos de grandes orquestras;;[{'text': 'esporadicamente', 'timestamp': (0.16, 1.04)}, {'text': 'há', 'timestamp': (1.18, 1.22)}, {'text': 'concertos', 'timestamp': (1.36, 1.86)}, {'text': 'de', 'timestamp': (1.94, 2.0)}, {'text': 'grandes', 'timestamp': (2.12, 2.48)}, {'text': 'orquestras', 'timestamp': (2.56, 3.08)}];0,0;0,0;0,0;0,0
./audios/SP_D2_333_920.11187_923.04991.wav;920,11187;923,04991;mas aqui nós não temos os Concertos para a Juventude da Globo?;mas aqui nós não temos os concertos para a juventude da globo;2,938040000000001;mas aqui nós não temos os concertos para juventude da globo;;[{'text': 'mas', 'timestamp': (0.06, 0.2)}, {'text': 'aqui', 'timestamp': (0.26, 0.4)}, {'text': 'nós', 'timestamp': (0.48, 0.56)}, {'text': 'não', 'timestamp': (0.62, 0.7)}, {'text': 'temos', 'timestamp': (0.76, 0.96)}, {'text': 'os', 'timestamp': (1.02, 1.08)}, {'text': 'concertos', 'timestamp': (1.16, 1.6)}, {'text': 'para', 'timestamp': (1.66, 1.82)}, {'text': 'juventude', 'timestamp': (1.86, 2.34)}, {'text': 'da', 'timestamp': (2.48, 2.54)}, {'text': 'globo', 'timestamp': (2.62, 2.86)}];0,08333333333333333;0,08333333333333333;0,08333333333333337;0,03278688524590164
./audios/SP_D2_333_923.52215_925.90977.wav;923,52215;925,90977;e não temos boas orquestras também ( );e não temos boas orquestras também;2,38761999999997;e não temos boas orquestras também nem;;[{'text': 'e', 'timestamp': (0.06, 0.08)}, {'text': 'não', 'timestamp': (0.16, 0.24)}, {'text': 'temos', 'timestamp': (0.34, 0.56)}, {'text': 'boas', 'timestamp': (0.66, 0.86)}, {'text': 'orquestras', 'timestamp': (0.96, 1.44)}, {'text': 'também', 'timestamp': (1.52, 1.8)}, {'text': 'nem', 'timestamp': (1.88, 2.0)}];0,16666666666666666;0,14285714285714285;0,1428571428571429;0,11764705882352941
./audios/SP_D2_333_925.90977_928.31388.wav;925,90977;928,31388;inclusive na Tupi temos boas orquestras e temos;inclusive na tupi temos boas orquestras e temos;2,4041100000000597;inclusive na tupi temos bons orquestras e temos;;[{'text': 'inclusive', 'timestamp': (0.0, 0.24)}, {'text': 'na', 'timestamp': (0.3, 0.34)}, {'text': 'tupi', 'timestamp': (0.42, 0.64)}, {'text': 'temos', 'timestamp': (0.76, 0.94)}, {'text': 'bons', 'timestamp': (1.04, 1.22)}, {'text': 'orquestras', 'timestamp': (1.3, 1.9)}, {'text': 'e', 'timestamp': (1.96, 2.0)}, {'text': 'temos', 'timestamp': (2.08, 2.28)}];0,125;0,125;0,234375;0,02127659574468085
./audios/SP_D2_333_928.96_935.18079.wav;928,96;935,18079;e no que tange a nossa música popular eu acho que:: agora a televisão está abrindo as portas;e no que tange a nossa música popular eu acho que agora a televisão está abrindo as portas;6,220789999999965;e no que tange a nossa música popular eu acho que agora a televisão está abrindo as portas;;[{'text': 'e', 'timestamp': (0.08, 0.1)}, {'text': 'no', 'timestamp': (0.16, 0.22)}, {'text': 'que', 'timestamp': (0.28, 0.36)}, {'text': 'tange', 'timestamp': (0.5, 0.8)}, {'text': 'a', 'timestamp': (0.9, 0.92)}, {'text': 'nossa', 'timestamp': (1.0, 1.24)}, {'text': 'música', 'timestamp': (1.36, 1.7)}, {'text': 'popular', 'timestamp': (1.8, 2.26)}, {'text': 'eu', 'timestamp': (2.44, 2.5)}, {'text': 'acho', 'timestamp': (2.58, 2.8)}, {'text': 'que', 'timestamp': (2.9, 2.96)}, {'text': 'agora', 'timestamp': (3.5, 4.06)}, {'text': 'a', 'timestamp': (4.3, 4.32)}, {'text': 'televisão', 'timestamp': (4.38, 4.72)}, {'text': 'está', 'timestamp': (4.8, 5.0)}, {'text': 'abrindo', 'timestamp': (5.08, 5.34)}, {'text': 'as', 'timestamp': (5.44, 5.5)}, {'text': 'portas', 'timestamp': (5.64, 6.02)}];0,0;0,0;0,0;0,0
./audios/SP_D2_333_935.65221_936.97255.wav;935,65221;936,97255;para a nossa música popuLAR;para a nossa música popular;1,3203399999999874;para a nossa música popular;;[{'text': 'para', 'timestamp': (0.06, 0.22)}, {'text': 'a', 'timestamp': (0.24, 0.26)}, {'text': 'nossa', 'timestamp': (0.34, 0.54)}, {'text': 'música', 'timestamp': (0.62, 0.84)}, {'text': 'popular', 'timestamp': (0.92, 1.18)}];0,0;0,0;0,0;0,0
./audios/SP_D2_333_937.19992_938.36632.wav;937,19992;938,36632;coisa que o rádio não faz;coisa que o rádio não faz;1,1663999999999533;coisa que o rádio não faz;;[{'text': 'coisa', 'timestamp': (0.04, 0.22)}, {'text': 'que', 'timestamp': (0.3, 0.36)}, {'text': 'o', 'timestamp': (0.4, 0.42)}, {'text': 'rádio', 'timestamp': (0.46, 0.66)}, {'text': 'não', 'timestamp': (0.72, 0.78)}, {'text': 'faz', 'timestamp': (0.88, 1.02)}];0,0;0,0;0,0;0,0
./audios/SP_D2_333_938.36632_942.96339.wav;938,36632;942,96339;porque o rádio quando se ouve um rádio brasileiro... tem-se a impressão que se está nos Estados Unidos não é?;porque o rádio quando se ouve um rádio brasileiro temse a impressão que se está nos estados unidos não é;4,597070000000031;porque o rádio quando se ouve o rádio brasileiro tem se a pressão que se está nos estados unidos no;;[{'text': 'porque', 'timestamp': (0.0, 0.14)}, {'text': 'o', 'timestamp': (0.2, 0.22)}, {'text': 'rádio', 'timestamp': (0.28, 0.62)}, {'text': 'quando', 'timestamp': (0.7, 0.86)}, {'text': 'se', 'timestamp': (0.96, 1.02)}, {'text': 'ouve', 'timestamp': (1.06, 1.2)}, {'text': 'o', 'timestamp': (1.28, 1.3)}, {'text': 'rádio', 'timestamp': (1.34, 1.58)}, {'text': 'brasileiro', 'timestamp': (1.66, 2.12)}, {'text': 'tem', 'timestamp': (2.52, 2.62)}, {'text': 'se', 'timestamp': (2.68, 2.72)}, {'text': 'a', 'timestamp': (2.74, 2.76)}, {'text': 'pressão', 'timestamp': (2.82, 3.08)}, {'text': 'que', 'timestamp': (3.12, 3.2)}, {'text': 'se', 'timestamp': (3.24, 3.28)}, {'text': 'está', 'timestamp': (3.32, 3.44)}, {'text': 'nos', 'timestamp': (3.52, 3.58)}, {'text': 'estados', 'timestamp': (3.62, 3.84)}, {'text': 'unidos', 'timestamp': (3.88, 4.1)}, {'text': 'no', 'timestamp': (4.24, 4.38)}];0,3;0,2857142857142857;0,4375;0,07692307692307693
./audios/SP_D2_333_943.33726_945.24733.wav;943,33726;945,24733;é o dia inteirinho música pop;é o dia inteirinho música pop;1,9100700000000188;é o dia terin música pop;;[{'text': 'é', 'timestamp': (0.08, 0.1)}, {'text': 'o', 'timestamp': (0.18, 0.2)}, {'text': 'dia', 'timestamp': (0.3, 0.36)}, {'text': 'terin', 'timestamp': (0.52, 0.78)}, {'text': 'música', 'timestamp': (0.96, 1.24)}, {'text': 'pop', 'timestamp': (1.4, 1.74)}];0,16666666666666666;0,16666666666666666;0,30555555555555547;0,1724137931034483
./audios/SP_D2_333_951.84886_952.08984.wav;951,84886;952,08984;é;é;0,24098000000003594;é;;[{'text': 'é', 'timestamp': (1.04, 1.06)}];0,0;0,0;0,0;0,0
./audios/SP_D2_333_953.22035_953.80455.wav;953,22035;953,80455;[profissional;profissional;0,5841999999998961;grace o giro;;[{'text': 'grace', 'timestamp': (1.0, 1.24)}, {'text': 'o', 'timestamp': (1.3, 1.32)}, {'text': 'giro', 'timestamp': (1.4, 1.68)}];3,0;1,0;1,0;0,9166666666666666
./audios/SP_D2_333_961.90688_962.08944.wav;961,90688;962,08944;hã;ah;0,18255999999996675;é;;[{'text': 'é', 'timestamp': (1.06, 1.08)}];1,0;1,0;1,0;1,0
./audios/SP_D2_333_965.91924_967.26402.wav;965,91924;967,26402;[não sabiam nada [não é?;não sabiam nada não é;1,3447800000000143;não é a minada;;[{'text': 'não', 'timestamp': (0.0, 0.16)}, {'text': 'é', 'timestamp': (0.24, 0.26)}, {'text': 'a', 'timestamp': (0.44, 0.48)}, {'text': 'minada', 'timestamp': (0.5, 1.28)}];0,8;0,8;0,95;0,5714285714285714
./audios/SP_D2_333_980.4524_980.96441.wav;980,4524;980,96441;[é;é;0,512010000000032;é ele;;[{'text': 'é', 'timestamp': (1.04, 1.06)}, {'text': 'ele', 'timestamp': (1.32, 1.58)}];1,0;0,5;0,5;4,0
./audios/SP_D2_333_981.57792_985.59717.wav;981,57792;985,59717;[na Globo eles têm aquele [( );na globo eles têm aquele;4,019250000000056;na globo eles têm aquele pode já caberá;;[{'text': 'na', 'timestamp': (0.0, 0.16)}, {'text': 'globo', 'timestamp': (0.28, 0.54)}, {'text': 'eles', 'timestamp': (0.58, 0.72)}, {'text': 'têm', 'timestamp': (0.82, 1.04)}, {'text': 'aquele', 'timestamp': (1.1, 1.38)}, {'text': 'pode', 'timestamp': (1.78, 1.96)}, {'text': 'já', 'timestamp': (2.4, 2.46)}, {'text': 'caberá', 'timestamp': (2.62, 3.16)}];0,6;0,375;0,375;0,625
./audios/SP_D2_333_985.59717_994.23636.wav;985,59717;994,23636;na::: na Tupi eles têm daquela:::... aquela moça --como é que ela chama interessante--... é uma... a Aída... não;na na tupi eles têm daquela aquela moça como é que ela chama interessante é uma a aída não;8,639189999999985;é na na atopia eles têm aquela aquela moça um aquela chama interessante é uma abada;;[{'text': 'é', 'timestamp': (0.04, 0.06)}, {'text': 'na', 'timestamp': (0.12, 0.18)}, {'text': 'na', 'timestamp': (0.88, 0.92)}, {'text': 'atopia', 'timestamp': (0.94, 1.28)}, {'text': 'eles', 'timestamp': (1.34, 1.44)}, {'text': 'têm', 'timestamp': (1.52, 1.64)}, {'text': 'aquela', 'timestamp': (1.76, 2.02)}, {'text': 'aquela', 'timestamp': (2.82, 3.62)}, {'text': 'moça', 'timestamp': (3.76, 4.02)}, {'text': 'um', 'timestamp': (4.42, 4.46)}, {'text': 'aquela', 'timestamp': (4.5, 4.66)}, {'text': 'chama', 'timestamp': (4.74, 4.9)}, {'text': 'interessante', 'timestamp': (5.0, 5.52)}, {'text': 'é', 'timestamp': (6.3, 6.32)}, {'text': 'uma', 'timestamp': (6.42, 6.52)}, {'text': 'abada', 'timestamp': (7.0, 7.64)}];0,5263157894736842;0,5;0,6710526315789473;0,2111111111111111
./audios/SP_D2_333_994.93203_995.98318.wav;994,93203;995,98318;[me esqueci agora o nome dela;me esqueci agora o nome dela;1,0511499999998932;se se pare no dado;;[{'text': 'se', 'timestamp': (0.04, 0.1)}, {'text': 'se', 'timestamp': (0.18, 0.24)}, {'text': 'pare', 'timestamp': (0.38, 0.5)}, {'text': 'no', 'timestamp': (0.62, 0.7)}, {'text': 'dado', 'timestamp': (0.74, 0.94)}];1,0;1,0;1,0;0,6071428571428571
./audios/SP_D2_333_996.47861_997.83218.wav;996,47861;997,83218;[que é:: da::;que é da;1,3535699999999906;demo da dos;;[{'text': 'demo', 'timestamp': (0.0, 0.3)}, {'text': 'da', 'timestamp': (0.42, 0.5)}, {'text': 'dos', 'timestamp': (1.16, 1.32)}];1,0;1,0;1,0;1,0
./audios/SP_D2_333_999.86_1003.11862.wav;999,86;1003,11862;me esqueci o nome da da coreógrafa em que apresenta os;me esqueci o nome da da coreógrafa em que apresenta os;3,258619999999951;esqueci o nome da da coriógrafa e que apresenta o;;[{'text': 'esqueci', 'timestamp': (0.06, 0.32)}, {'text': 'o', 'timestamp': (0.44, 0.48)}, {'text': 'nome', 'timestamp': (0.52, 0.68)}, {'text': 'da', 'timestamp': (0.94, 1.0)}, {'text': 'da', 'timestamp': (1.1, 1.14)}, {'text': 'coriógrafa', 'timestamp': (1.24, 1.98)}, {'text': 'e', 'timestamp': (2.2, 2.22)}, {'text': 'que', 'timestamp': (2.32, 2.4)}, {'text': 'apresenta', 'timestamp': (2.44, 2.9)}, {'text': 'o', 'timestamp': (2.98, 3.0)}];0,36363636363636365;0,36363636363636365;0,5545454545454546;0,1111111111111111
./audios/SP_D2_333_1003.11862_1004.4.wav;1003,11862;1004,4;Aládia Centenaro;aládia centenaro;1,2813800000000128;a la dia centenário;;[{'text': 'a', 'timestamp': (0.18, 0.2)}, {'text': 'la', 'timestamp': (0.26, 0.32)}, {'text': 'dia', 'timestamp': (0.42, 0.52)}, {'text': 'centenário', 'timestamp': (0.6, 1.08)}];2,0;1,0;1,0;0,3125
./audios/SP_D2_333_1004.88_1005.65522.wav;1004,88;1005,65522;da da Tupi;da da tupi;0,7752199999999903;badatupi;;[{'text': 'badatupi', 'timestamp': (1.08, 1.56)}];1,0;1,0;1,0;0,3
./audios/SP_D2_333_1005.65522_1008.76283.wav;1005,65522;1008,76283;é Aládia Centenaro e o João Carlos Berarti é o da::;é aládia centenaro e o joão carlos berarti é o da;3,1076100000000224;alaria safenado e joão carlos berat é o da;;[{'text': 'alaria', 'timestamp': (0.08, 0.32)}, {'text': 'safenado', 'timestamp': (0.4, 0.98)}, {'text': 'e', 'timestamp': (1.02, 1.04)}, {'text': 'joão', 'timestamp': (1.14, 1.26)}, {'text': 'carlos', 'timestamp': (1.36, 1.64)}, {'text': 'berat', 'timestamp': (1.72, 2.2)}, {'text': 'é', 'timestamp': (2.46, 2.48)}, {'text': 'o', 'timestamp': (2.6, 2.62)}, {'text': 'da', 'timestamp': (2.76, 2.82)}];0,45454545454545453;0,45454545454545453;0,6363636363636365;0,2653061224489796
./audios/SP_D2_333_1011.98977_1025.94146.wav;1011,98977;1025,94146;[acho e acho --agora então bato numa tecla que eu sempre bati-- acho que a televisão brasileira... irá encontrar do ponto de vista ficcioNAL... irá encontrar o seu caminho... é através da tão malfadada TElenovela;acho e acho agora então bato numa tecla que eu sempre bati acho que a televisão brasileira irá encontrar do ponto de vista ficcional irá encontrar o seu caminho é através da tão malfadada telenovela;13,951689999999985;acho e acho agora então eu bato numa tecla em que eu sempre bati acho que a televisão brasileira irá encontrar do ponto de vista ficcional irá encontrar o seu caminho é através da tão malfadada telenovela;;[{'text': 'acho', 'timestamp': (0.04, 0.38)}, {'text': 'e', 'timestamp': (0.48, 0.5)}, {'text': 'acho', 'timestamp': (0.8, 1.14)}, {'text': 'agora', 'timestamp': (1.34, 1.66)}, {'text': 'então', 'timestamp': (1.72, 1.96)}, {'text': 'eu', 'timestamp': (2.06, 2.1)}, {'text': 'bato', 'timestamp': (2.18, 2.38)}, {'text': 'numa', 'timestamp': (2.46, 2.6)}, {'text': 'tecla', 'timestamp': (2.74, 3.02)}, {'text': 'em', 'timestamp': (3.04, 3.08)}, {'text': 'que', 'timestamp': (3.1, 3.18)}, {'text': 'eu', 'timestamp': (3.2, 3.24)}, {'text': 'sempre', 'timestamp': (3.3, 3.48)}, {'text': 'bati', 'timestamp': (3.58, 3.8)}, {'text': 'acho', 'timestamp': (4.14, 4.42)}, {'text': 'que', 'timestamp': (4.54, 4.62)}, {'text': 'a', 'timestamp': (4.66, 4.68)}, {'text': 'televisão', 'timestamp': (4.7, 5.06)}, {'text': 'brasileira', 'timestamp': (5.14, 5.64)}, {'text': 'irá', 'timestamp': (6.48, 6.6)}, {'text': 'encontrar', 'timestamp': (6.76, 7.34)}, {'text': 'do', 'timestamp': (7.58, 7.64)}, {'text': 'ponto', 'timestamp': (7.72, 7.9)}, {'text': 'de', 'timestamp': (7.98, 8.02)}, {'text': 'vista', 'timestamp': (8.1, 8.28)}, {'text': 'ficcional', 'timestamp': (8.38, 8.94)}, {'text': 'irá', 'timestamp': (9.9, 10.04)}, {'text': 'encontrar', 'timestamp': (10.16, 10.54)}, {'text': 'o', 'timestamp': (10.62, 10.64)}, {'text': 'seu', 'timestamp': (10.74, 10.86)}, {'text': 'caminho', 'timestamp': (10.92, 11.2)}, {'text': 'é', 'timestamp': (11.42, 11.44)}, {'text': 'através', 'timestamp': (11.54, 12.06)}, {'text': 'da', 'timestamp': (12.12, 12.18)}, {'text': 'tão', 'timestamp': (12.32, 12.42)}, {'text': 'malfadada', 'timestamp': (12.48, 13.08)}, {'text': 'telenovela', 'timestamp': (13.26, 13.86)}];0,05714285714285714;0,05405405405405406;0,05405405405405406;0,030303030303030304
./audios/SP_D2_333_1026.54187_1029.88.wav;1026,54187;1029,88;porque a telenovela... como ela é feita aqui é um gênero nosso;porque a telenovela como ela é feita aqui é um gênero nosso;3,338130000000092;porque a telenovela como ela é feita aqui é um gênero nosso;;[{'text': 'porque', 'timestamp': (0.06, 0.22)}, {'text': 'a', 'timestamp': (0.26, 0.28)}, {'text': 'telenovela', 'timestamp': (0.34, 0.9)}, {'text': 'como', 'timestamp': (1.18, 1.32)}, {'text': 'ela', 'timestamp': (1.38, 1.46)}, {'text': 'é', 'timestamp': (1.52, 1.54)}, {'text': 'feita', 'timestamp': (1.66, 1.86)}, {'text': 'aqui', 'timestamp': (1.92, 2.08)}, {'text': 'é', 'timestamp': (2.24, 2.26)}, {'text': 'um', 'timestamp': (2.32, 2.36)}, {'text': 'gênero', 'timestamp': (2.5, 2.76)}, {'text': 'nosso', 'timestamp': (2.9, 3.2)}];0,0;0,0;0,0;0,0
./audios/SP_D2_333_1029.88_1038.51345.wav;1029,88;1038,51345;é um gênero... que o estrangeiro... o estrangeiro... de bom nível intê/ intelectual que chega ao Brasil... se enamora das boas novelas bem entendido;é um gênero que o estrangeiro o estrangeiro de bom nível intê intelectual que chega ao brasil se enamora das boas novelas bem entendido;8,633449999999812;é um gênero que o estrangeiro o estrangeiro de bom nível intelectual que chega ao brasil se a namora das boas ou veras bem entendido;;[{'text': 'é', 'timestamp': (0.06, 0.08)}, {'text': 'um', 'timestamp': (0.14, 0.18)}, {'text': 'gênero', 'timestamp': (0.28, 0.52)}, {'text': 'que', 'timestamp': (0.9, 0.96)}, {'text': 'o', 'timestamp': (0.98, 1.0)}, {'text': 'estrangeiro', 'timestamp': (1.06, 1.74)}, {'text': 'o', 'timestamp': (2.32, 2.34)}, {'text': 'estrangeiro', 'timestamp': (2.4, 2.96)}, {'text': 'de', 'timestamp': (3.32, 3.36)}, {'text': 'bom', 'timestamp': (3.44, 3.56)}, {'text': 'nível', 'timestamp': (3.62, 3.84)}, {'text': 'intelectual', 'timestamp': (4.44, 4.86)}, {'text': 'que', 'timestamp': (4.92, 5.12)}, {'text': 'chega', 'timestamp': (5.16, 5.32)}, {'text': 'ao', 'timestamp': (5.38, 5.42)}, {'text': 'brasil', 'timestamp': (5.44, 5.68)}, {'text': 'se', 'timestamp': (6.48, 6.54)}, {'text': 'a', 'timestamp': (6.58, 6.62)}, {'text': 'namora', 'timestamp': (6.66, 7.02)}, {'text': 'das', 'timestamp': (7.12, 7.22)}, {'text': 'boas', 'timestamp': (7.32, 7.5)}, {'text': 'ou', 'timestamp': (7.6, 7.64)}, {'text': 'veras', 'timestamp': (7.7, 7.9)}, {'text': 'bem', 'timestamp': (7.98, 8.06)}, {'text': 'entendido', 'timestamp': (8.1, 8.46)}];0,20833333333333334;0,19230769230769232;0,265;0,08148148148148149
./audios/SP_D2_333_1038.51345_1044.71073.wav;1038,51345;1044,71073;então Gabriela... conversei com um professor francês que disse que jamais isso veria nada parecido em Paris;então gabriela conversei com um professor francês que disse que jamais isso veria nada parecido em paris;6,197280000000092;então gabriela conversei com o professor francesa que disse que jamais isso não veria nada parecido em paris;;[{'text': 'então', 'timestamp': (0.04, 0.2)}, {'text': 'gabriela', 'timestamp': (0.3, 0.7)}, {'text': 'conversei', 'timestamp': (1.26, 1.56)}, {'text': 'com', 'timestamp': (1.6, 1.66)}, {'text': 'o', 'timestamp': (1.72, 1.74)}, {'text': 'professor', 'timestamp': (1.76, 2.1)}, {'text': 'francesa', 'timestamp': (2.18, 2.66)}, {'text': 'que', 'timestamp': (2.74, 2.8)}, {'text': 'disse', 'timestamp': (2.88, 3.02)}, {'text': 'que', 'timestamp': (3.06, 3.12)}, {'text': 'jamais', 'timestamp': (3.26, 3.78)}, {'text': 'isso', 'timestamp': (3.98, 4.2)}, {'text': 'não', 'timestamp': (4.26, 4.32)}, {'text': 'veria', 'timestamp': (4.38, 4.64)}, {'text': 'nada', 'timestamp': (4.74, 4.9)}, {'text': 'parecido', 'timestamp': (5.02, 5.4)}, {'text': 'em', 'timestamp': (5.5, 5.54)}, {'text': 'paris', 'timestamp': (5.62, 5.92)}];0,17647058823529413;0,16666666666666666;0,2647058823529411;0,07692307692307693
./audios/SP_D2_333_1045.10544_1050.57946.wav;1045,10544;1050,57946;que achava que a televisão que se fazia lá... ah do ponto de vista ficcional... era... infinitamente pior;que achava que a televisão que se fazia lá ah do ponto de vista ficcional era infinitamente pior;5,474019999999882;que achava que a televisão que se fazia lá do ponto de vista ficcional era infinitamente pior;;[{'text': 'que', 'timestamp': (0.04, 0.14)}, {'text': 'achava', 'timestamp': (0.16, 0.4)}, {'text': 'que', 'timestamp': (0.44, 0.5)}, {'text': 'a', 'timestamp': (0.52, 0.54)}, {'text': 'televisão', 'timestamp': (0.56, 0.82)}, {'text': 'que', 'timestamp': (0.84, 0.92)}, {'text': 'se', 'timestamp': (0.96, 1.02)}, {'text': 'fazia', 'timestamp': (1.06, 1.28)}, {'text': 'lá', 'timestamp': (1.4, 1.44)}, {'text': 'do', 'timestamp': (2.32, 2.36)}, {'text': 'ponto', 'timestamp': (2.42, 2.56)}, {'text': 'de', 'timestamp': (2.62, 2.66)}, {'text': 'vista', 'timestamp': (2.7, 2.88)}, {'text': 'ficcional', 'timestamp': (2.98, 3.42)}, {'text': 'era', 'timestamp': (4.06, 4.16)}, {'text': 'infinitamente', 'timestamp': (4.46, 4.96)}, {'text': 'pior', 'timestamp': (5.08, 5.26)}];0,05555555555555555;0,05555555555555555;0,05555555555555558;0,03125
./audios/SP_D2_333_1050.81114_1055.73827.wav;1050,81114;1055,73827;porque... eles não têm:: eles éh em matéria de ficção são os velhos filmes não é?;porque eles não têm eles eh em matéria de ficção são os velhos filmes não é;4,927130000000034;porque eles não têm eles em matéria de ficção são os velhos filmes não;;[{'text': 'porque', 'timestamp': (0.1, 0.38)}, {'text': 'eles', 'timestamp': (0.86, 1.14)}, {'text': 'não', 'timestamp': (1.26, 1.38)}, {'text': 'têm', 'timestamp': (1.58, 1.82)}, {'text': 'eles', 'timestamp': (2.14, 2.3)}, {'text': 'em', 'timestamp': (2.5, 2.8)}, {'text': 'matéria', 'timestamp': (2.86, 3.16)}, {'text': 'de', 'timestamp': (3.2, 3.24)}, {'text': 'ficção', 'timestamp': (3.32, 3.64)}, {'text': 'são', 'timestamp': (3.8, 3.9)}, {'text': 'os', 'timestamp': (3.94, 4.02)}, {'text': 'velhos', 'timestamp': (4.08, 4.34)}, {'text': 'filmes', 'timestamp': (4.44, 4.68)}, {'text': 'não', 'timestamp': (4.72, 4.8)}];0,125;0,125;0,125;0,06666666666666667
./audios/SP_D2_333_1055.73827_1057.21408.wav;1055,73827;1057,21408;que são ( ) que nós vimos;que são que nós vimos;1,4758099999999104;que são e como é que nós vemos;;[{'text': 'que', 'timestamp': (0.0, 0.06)}, {'text': 'são', 'timestamp': (0.08, 0.2)}, {'text': 'e', 'timestamp': (0.3, 0.32)}, {'text': 'como', 'timestamp': (0.46, 0.62)}, {'text': 'é', 'timestamp': (0.64, 0.66)}, {'text': 'que', 'timestamp': (0.8, 0.86)}, {'text': 'nós', 'timestamp': (0.96, 1.06)}, {'text': 'vemos', 'timestamp': (1.12, 1.34)}];0,8;0,5;0,6;0,47619047619047616
./audios/SP_D2_333_1057.56_1061.86596.wav;1057,56;1061,86596;onde predomina o mercado... do que eu chamo do lixo americano;onde predomina o mercado do que eu chamo do lixo americano;4,305960000000141;onde predomina o mercado o que eu chamo do lixo americano;;[{'text': 'onde', 'timestamp': (0.12, 0.24)}, {'text': 'predomina', 'timestamp': (0.34, 0.78)}, {'text': 'o', 'timestamp': (0.98, 1.0)}, {'text': 'mercado', 'timestamp': (1.06, 1.58)}, {'text': 'o', 'timestamp': (2.24, 2.26)}, {'text': 'que', 'timestamp': (2.32, 2.38)}, {'text': 'eu', 'timestamp': (2.44, 2.48)}, {'text': 'chamo', 'timestamp': (2.64, 2.88)}, {'text': 'do', 'timestamp': (3.04, 3.1)}, {'text': 'lixo', 'timestamp': (3.24, 3.58)}, {'text': 'americano', 'timestamp': (3.82, 4.26)}];0,09090909090909091;0,09090909090909091;0,17355371900826455;0,017241379310344827
./audios/SP_D2_333_1062.13034_1064.68185.wav;1062,13034;1064,68185;do que já está caduco... mais ou menos nos Estados Unidos;do que já está caduco mais ou menos nos estados unidos;2,5515100000000075;do que já está caduco mais ou menos os estados unidos;;[{'text': 'do', 'timestamp': (0.06, 0.1)}, {'text': 'que', 'timestamp': (0.14, 0.22)}, {'text': 'já', 'timestamp': (0.3, 0.34)}, {'text': 'está', 'timestamp': (0.4, 0.56)}, {'text': 'caduco', 'timestamp': (0.7, 1.14)}, {'text': 'mais', 'timestamp': (1.54, 1.66)}, {'text': 'ou', 'timestamp': (1.7, 1.74)}, {'text': 'menos', 'timestamp': (1.78, 1.94)}, {'text': 'os', 'timestamp': (2.02, 2.06)}, {'text': 'estados', 'timestamp': (2.08, 2.26)}, {'text': 'unidos', 'timestamp': (2.3, 2.5)}];0,09090909090909091;0,09090909090909091;0,17355371900826455;0,018518518518518517
./audios/SP_D2_333_1065.15075_1066.9016.wav;1065,15075;1066,9016;isso repetitivamente;isso repetitivamente;1,7508499999999003;isso repetitivamente;;[{'text': 'isso', 'timestamp': (0.1, 0.24)}, {'text': 'repetitivamente', 'timestamp': (0.38, 1.48)}];0,0;0,0;0,0;0,0
./audios/SP_D2_333_1067.48_1072.82963.wav;1067,48;1072,82963;porque ainda se passasse uma vez (não)... o mesmo filme é passado DEZ vinte vezes não é?;porque ainda se passasse uma vez não o mesmo filme é passado dez vinte vezes não é;5,349629999999934;porque ainda se passasse uma vez não o mesmo filme passado dez vinte vezes no;;[{'text': 'porque', 'timestamp': (0.12, 0.3)}, {'text': 'ainda', 'timestamp': (0.34, 0.5)}, {'text': 'se', 'timestamp': (0.58, 0.64)}, {'text': 'passasse', 'timestamp': (0.72, 1.1)}, {'text': 'uma', 'timestamp': (1.16, 1.24)}, {'text': 'vez', 'timestamp': (1.34, 1.48)}, {'text': 'não', 'timestamp': (1.58, 1.7)}, {'text': 'o', 'timestamp': (2.12, 2.14)}, {'text': 'mesmo', 'timestamp': (2.26, 2.52)}, {'text': 'filme', 'timestamp': (2.66, 2.86)}, {'text': 'passado', 'timestamp': (3.1, 3.68)}, {'text': 'dez', 'timestamp': (4.0, 4.28)}, {'text': 'vinte', 'timestamp': (4.4, 4.58)}, {'text': 'vezes', 'timestamp': (4.72, 5.04)}, {'text': 'no', 'timestamp': (5.16, 5.22)}];0,17647058823529413;0,17647058823529413;0,2313725490196079;0,06097560975609756
./audios/SP_D2_333_1073.67279_1081.86777.wav;1073,67279;1081,86777;então para nós encontrarmos do ponto de vista ficcional... a nossa linguagem televisiva... eu acho que será mesmo através da telenovela;então para nós encontrarmos do ponto de vista ficcional a nossa linguagem televisiva eu acho que será mesmo através da telenovela;8,194979999999987;então para nós encontrarmos do ponto de vista ficcional a nossa linguagem televisiva eu acho que será mesmo através da telenovela;;[{'text': 'então', 'timestamp': (0.08, 0.24)}, {'text': 'para', 'timestamp': (0.32, 0.42)}, {'text': 'nós', 'timestamp': (0.5, 0.68)}, {'text': 'encontrarmos', 'timestamp': (0.78, 1.44)}, {'text': 'do', 'timestamp': (1.48, 1.54)}, {'text': 'ponto', 'timestamp': (1.64, 1.84)}, {'text': 'de', 'timestamp': (1.92, 1.96)}, {'text': 'vista', 'timestamp': (2.04, 2.26)}, {'text': 'ficcional', 'timestamp': (2.38, 2.92)}, {'text': 'a', 'timestamp': (3.18, 3.2)}, {'text': 'nossa', 'timestamp': (3.36, 3.78)}, {'text': 'linguagem', 'timestamp': (4.08, 4.62)}, {'text': 'televisiva', 'timestamp': (4.74, 5.32)}, {'text': 'eu', 'timestamp': (5.82, 5.86)}, {'text': 'acho', 'timestamp': (5.9, 6.0)}, {'text': 'que', 'timestamp': (6.04, 6.12)}, {'text': 'será', 'timestamp': (6.18, 6.34)}, {'text': 'mesmo', 'timestamp': (6.56, 6.82)}, {'text': 'através', 'timestamp': (7.0, 7.4)}, {'text': 'da', 'timestamp': (7.46, 7.5)}, {'text': 'telenovela', 'timestamp': (7.62, 8.14)}];0,0;0,0;0,0;0,0
./audios/SP_D2_333_1081.86777_1084.8371.wav;1081,86777;1084,8371;e acho que estamos encontrando esta este caminho;e acho que estamos encontrando esta este caminho;2,9693299999999;e acho que nós estamos encontrando uma história de sticamente;;[{'text': 'e', 'timestamp': (0.08, 0.1)}, {'text': 'acho', 'timestamp': (0.24, 0.36)}, {'text': 'que', 'timestamp': (0.4, 0.46)}, {'text': 'nós', 'timestamp': (0.5, 0.6)}, {'text': 'estamos', 'timestamp': (0.66, 0.98)}, {'text': 'encontrando', 'timestamp': (1.06, 1.64)}, {'text': 'uma', 'timestamp': (1.72, 1.8)}, {'text': 'história', 'timestamp': (1.82, 2.12)}, {'text': 'de', 'timestamp': (2.14, 2.26)}, {'text': 'sticamente', 'timestamp': (2.32, 2.8)}];0,625;0,5;0,6875;0,4166666666666667
./audios/SP_D2_333_1091.97713_1094.68114.wav;1091,97713;1094,68114;[(pois é que aceita) as faixas que aceitam [uma novela;pois é que aceita as faixas que aceitam uma novela;2,7040099999999256;eu estava em santacatarina casa é pois é;;[{'text': 'eu', 'timestamp': (0.22, 0.28)}, {'text': 'estava', 'timestamp': (0.32, 0.56)}, {'text': 'em', 'timestamp': (0.6, 0.64)}, {'text': 'santacatarina', 'timestamp': (0.66, 1.54)}, {'text': 'casa', 'timestamp': (1.74, 1.96)}, {'text': 'é', 'timestamp': (2.08, 2.1)}, {'text': 'pois', 'timestamp': (2.3, 2.58)}, {'text': 'é', 'timestamp': (2.6, 2.62)}];1,0;1,0;1,0;0,76
./audios/SP_D2_333_1101.2_1101.44.wav;1101,2;1101,44;hum;uh;0,2400000000000091;e;;[{'text': 'e', 'timestamp': (1.08, 1.1)}];1,0;1,0;1,0;1,0
./audios/SP_D2_333_1109.91839_1110.13271.wav;1109,91839;1110,13271;hum;uh;0,21432000000004336;e;;[{'text': 'e', 'timestamp': (0.8, 0.82)}];1,0;1,0;1,0;1,0
./audios/SP_D2_333_1110.86655_1112.08712.wav;1110,86655;1112,08712;em [Florianópolis ou não?;em florianópolis ou não;1,2205699999999524;e florence e flória;;[{'text': 'e', 'timestamp': (0.08, 0.1)}, {'text': 'florence', 'timestamp': (0.16, 0.58)}, {'text': 'e', 'timestamp': (0.82, 0.84)}, {'text': 'flória', 'timestamp': (0.92, 1.12)}];1,0;1,0;1,0;0,6521739130434783
./audios/SP_D2_333_1113.17505_1113.80406.wav;1113,17505;1113,80406;[em Florianópolis;em florianópolis;0,6290099999998802;onde é;;[{'text': 'onde', 'timestamp': (1.3, 1.52)}, {'text': 'é', 'timestamp': (1.62, 1.64)}];1,0;1,0;1,0;0,875
./audios/SP_D2_333_1156.5203_1157.4.wav;1156,5203;1157,4;[mas você [veja;mas você veja;0,8797000000001844;ora você veja;;[{'text': 'ora', 'timestamp': (1.04, 1.12)}, {'text': 'você', 'timestamp': (1.3, 1.44)}, {'text': 'veja', 'timestamp': (1.54, 1.78)}];0,3333333333333333;0,3333333333333333;0,5555555555555556;0,23076923076923078
./audios/SP_D2_333_1158.39856_1158.82148.wav;1158,39856;1158,82148;[(hã);ah;0,4229199999999764;a verão;;[{'text': 'a', 'timestamp': (1.0, 1.02)}, {'text': 'verão', 'timestamp': (1.06, 1.26)}];2,0;1,0;1,0;3,0
./audios/SP_D2_333_1164.76_1165.44.wav;1164,76;1165,44;[e você vai (diz/);e você vai diz;0,6800000000000637;você vai comer;;[{'text': 'você', 'timestamp': (1.1, 1.26)}, {'text': 'vai', 'timestamp': (1.32, 1.38)}, {'text': 'comer', 'timestamp': (1.44, 1.6)}];0,5;0,5;0,6666666666666667;0,5
./audios/SP_D2_333_1171.1706_1172.29597.wav;1171,1706;1172,29597;[se a Maria morreu ou não;se a maria morreu ou não;1,1253699999999753;a maria morreono;;[{'text': 'a', 'timestamp': (0.14, 0.16)}, {'text': 'maria', 'timestamp': (0.2, 0.4)}, {'text': 'morreono', 'timestamp': (0.48, 0.98)}];0,6666666666666666;0,6666666666666666;0,7777777777777778;0,3333333333333333
./audios/SP_D2_333_1173.664_1195.11332.wav;1173,664;1195,11332;mas você sabe que a... eu me lembro quando... o:: o chanceler Gibson Barbosa era nosso... Ministro das Relações Exteriores não é?... --éh eu estive com ele em Brasília--... então se dizia lá que ele... ah:: na na hora em que ia para o ar O Bem Amado ele se trancava no:: [gabinete dele... e dizia que ele tinha despachos urgentes;mas você sabe que a eu me lembro quando o o chanceler gibson barbosa era nosso ministro das relações exteriores não é eh eu estive com ele em brasília então se dizia lá que ele ah na na hora em que ia para o ar o bem amado ele se trancava no gabinete dele e dizia que ele tinha despachos urgentes;21,449319999999943;sabe que eu me lembro quando o chanceler gibson barbosa era nosso ministro das relações interiores e eu estive com ele em brasília então se dizia lá que ele na na hora em que aprovar o bem amado ele se treintava no caminante dele e dizinha despachos urgentes;;[{'text': 'sabe', 'timestamp': (0.46, 0.7)}, {'text': 'que', 'timestamp': (0.78, 0.86)}, {'text': 'eu', 'timestamp': (1.62, 1.66)}, {'text': 'me', 'timestamp': (1.72, 1.76)}, {'text': 'lembro', 'timestamp': (1.84, 2.02)}, {'text': 'quando', 'timestamp': (2.1, 2.3)}, {'text': 'o', 'timestamp': (3.72, 3.74)}, {'text': 'chanceler', 'timestamp': (3.82, 4.16)}, {'text': 'gibson', 'timestamp': (4.26, 4.56)}, {'text': 'barbosa', 'timestamp': (4.62, 5.06)}, {'text': 'era', 'timestamp': (5.12, 5.2)}, {'text': 'nosso', 'timestamp': (5.3, 5.54)}, {'text': 'ministro', 'timestamp': (6.18, 6.5)}, {'text': 'das', 'timestamp': (6.56, 6.66)}, {'text': 'relações', 'timestamp': (6.7, 7.02)}, {'text': 'interiores', 'timestamp': (7.1, 7.5)}, {'text': 'e', 'timestamp': (7.68, 7.72)}, {'text': 'eu', 'timestamp': (8.72, 9.04)}, {'text': 'estive', 'timestamp': (9.1, 9.3)}, {'text': 'com', 'timestamp': (9.36, 9.42)}, {'text': 'ele', 'timestamp': (9.44, 9.54)}, {'text': 'em', 'timestamp': (9.58, 9.62)}, {'text': 'brasília', 'timestamp': (9.66, 10.2)}, {'text': 'então', 'timestamp': (11.08, 11.24)}, {'text': 'se', 'timestamp': (11.36, 11.4)}, {'text': 'dizia', 'timestamp': (11.48, 11.76)}, {'text': 'lá', 'timestamp': (11.86, 11.9)}, {'text': 'que', 'timestamp': (12.1, 12.16)}, {'text': 'ele', 'timestamp': (12.34, 12.5)}, {'text': 'na', 'timestamp': (14.22, 14.28)}, {'text': 'na', 'timestamp': (14.54, 14.6)}, {'text': 'hora', 'timestamp': (14.7, 14.9)}, {'text': 'em', 'timestamp': (14.94, 14.98)}, {'text': 'que', 'timestamp': (15.02, 15.1)}, {'text': 'aprovar', 'timestamp': (15.22, 15.48)}, {'text': 'o', 'timestamp': (15.52, 15.56)}, {'text': 'bem', 'timestamp': (15.62, 15.74)}, {'text': 'amado', 'timestamp': (15.8, 16.26)}, {'text': 'ele', 'timestamp': (16.52, 16.64)}, {'text': 'se', 'timestamp': (16.74, 16.8)}, {'text': 'treintava', 'timestamp': (16.88, 17.3)}, {'text': 'no', 'timestamp': (17.4, 17.46)}, {'text': 'caminante', 'timestamp': (17.72, 18.12)}, {'text': 'dele', 'timestamp': (18.24, 18.48)}, {'text': 'e', 'timestamp': (19.04, 19.06)}, {'text': 'dizinha', 'timestamp': (19.18, 19.52)}, {'text': 'despachos', 'timestamp': (19.58, 20.12)}, {'text': 'urgentes', 'timestamp': (20.22, 20.76)}];0,3114754098360656;0,3114754098360656;0,39754098360655743;0,16891891891891891
./audios/SP_D2_333_1195.65526_1196.95215.wav;1195,65526;1196,95215;e ficava lá trancado;e ficava lá trancado;1,2968900000000758;e ficava lá trancado;;[{'text': 'e', 'timestamp': (0.06, 0.1)}, {'text': 'ficava', 'timestamp': (0.16, 0.44)}, {'text': 'lá', 'timestamp': (0.52, 0.56)}, {'text': 'trancado', 'timestamp': (0.66, 1.08)}];0,0;0,0;0,0;0,0
./audios/SP_D2_333_1197.20444_1201.72.wav;1197,20444;1201,72;então eu pensava --eu chegava aqui em casa... a minha cozinheira não perdia O Bem Amado não é?--;então eu pensava eu chegava aqui em casa a minha cozinheira não perdia o bem amado não é;4,51556000000005;então eu pensava eu chegava aqui em casa a minha cozinheira não perdeu o bem amado né;;[{'text': 'então', 'timestamp': (0.08, 0.24)}, {'text': 'eu', 'timestamp': (0.3, 0.38)}, {'text': 'pensava', 'timestamp': (0.44, 0.74)}, {'text': 'eu', 'timestamp': (0.78, 0.84)}, {'text': 'chegava', 'timestamp': (0.9, 1.16)}, {'text': 'aqui', 'timestamp': (1.18, 1.32)}, {'text': 'em', 'timestamp': (1.38, 1.44)}, {'text': 'casa', 'timestamp': (1.52, 1.88)}, {'text': 'a', 'timestamp': (2.4, 2.42)}, {'text': 'minha', 'timestamp': (2.48, 2.62)}, {'text': 'cozinheira', 'timestamp': (2.7, 3.14)}, {'text': 'não', 'timestamp': (3.22, 3.3)}, {'text': 'perdeu', 'timestamp': (3.38, 3.66)}, {'text': 'o', 'timestamp': (3.68, 3.7)}, {'text': 'bem', 'timestamp': (3.74, 3.86)}, {'text': 'amado', 'timestamp': (3.94, 4.2)}, {'text': 'né', 'timestamp': (4.32, 4.4)}];0,16666666666666666;0,16666666666666666;0,2647058823529411;0,056818181818181816
./audios/SP_D2_333_1202.3939_1223.70823.wav;1202,3939;1223,70823;então eu dizia ''mas é uma coisa estranha... neste Brasil inteiro neste país continente neste exato momento... naquela hora... --parece que não sei se era oi/ dez da noite--... dez da noite... o:: as criaturas mais diversas as faixas sociais mais diversas... estão presas a esse... esse enredo essa história que se processa'';então eu dizia mas é uma coisa estranha neste brasil inteiro neste país continente neste exato momento naquela hora parece que não sei se era oi dez da noite dez da noite o as criaturas mais diversas as faixas sociais mais diversas estão presas a esse esse enredo essa história que se processa;21,314329999999927;então eu disse mas é uma coisa estranha neste brazolino inteiro neste país continente neste exato momento naquela hora parece que não sei se era o desta noite de da noite as criaturas mais diversas as faixas sociais mais diversas estão presas a esse in história que se processa;;[{'text': 'então', 'timestamp': (0.1, 0.24)}, {'text': 'eu', 'timestamp': (0.26, 0.3)}, {'text': 'disse', 'timestamp': (0.32, 0.46)}, {'text': 'mas', 'timestamp': (0.54, 0.62)}, {'text': 'é', 'timestamp': (0.68, 0.7)}, {'text': 'uma', 'timestamp': (0.74, 0.82)}, {'text': 'coisa', 'timestamp': (0.88, 1.02)}, {'text': 'estranha', 'timestamp': (1.1, 1.52)}, {'text': 'neste', 'timestamp': (1.78, 2.08)}, {'text': 'brazolino', 'timestamp': (2.22, 2.74)}, {'text': 'inteiro', 'timestamp': (2.78, 3.1)}, {'text': 'neste', 'timestamp': (3.16, 3.36)}, {'text': 'país', 'timestamp': (3.46, 3.68)}, {'text': 'continente', 'timestamp': (3.82, 4.34)}, {'text': 'neste', 'timestamp': (4.66, 4.98)}, {'text': 'exato', 'timestamp': (5.32, 5.74)}, {'text': 'momento', 'timestamp': (5.84, 6.16)}, {'text': 'naquela', 'timestamp': (6.72, 7.04)}, {'text': 'hora', 'timestamp': (7.14, 7.4)}, {'text': 'parece', 'timestamp': (7.92, 8.06)}, {'text': 'que', 'timestamp': (8.08, 8.14)}, {'text': 'não', 'timestamp': (8.16, 8.24)}, {'text': 'sei', 'timestamp': (8.26, 8.32)}, {'text': 'se', 'timestamp': (8.36, 8.4)}, {'text': 'era', 'timestamp': (8.42, 8.5)}, {'text': 'o', 'timestamp': (8.54, 8.56)}, {'text': 'desta', 'timestamp': (8.72, 9.0)}, {'text': 'noite', 'timestamp': (9.06, 9.28)}, {'text': 'de', 'timestamp': (9.84, 9.88)}, {'text': 'da', 'timestamp': (10.14, 10.2)}, {'text': 'noite', 'timestamp': (10.32, 10.62)}, {'text': 'as', 'timestamp': (12.42, 12.48)}, {'text': 'criaturas', 'timestamp': (12.6, 13.1)}, {'text': 'mais', 'timestamp': (13.26, 13.46)}, {'text': 'diversas', 'timestamp': (13.54, 14.06)}, {'text': 'as', 'timestamp': (14.16, 14.22)}, {'text': 'faixas', 'timestamp': (14.34, 14.68)}, {'text': 'sociais', 'timestamp': (14.78, 15.18)}, {'text': 'mais', 'timestamp': (15.34, 15.52)}, {'text': 'diversas', 'timestamp': (15.58, 15.98)}, {'text': 'estão', 'timestamp': (16.48, 16.7)}, {'text': 'presas', 'timestamp': (16.88, 17.32)}, {'text': 'a', 'timestamp': (17.54, 17.56)}, {'text': 'esse', 'timestamp': (18.16, 19.12)}, {'text': 'in', 'timestamp': (19.2, 19.26)}, {'text': 'história', 'timestamp': (19.34, 19.76)}, {'text': 'que', 'timestamp': (19.82, 19.9)}, {'text': 'se', 'timestamp': (19.96, 20.02)}, {'text': 'processa', 'timestamp': (20.1, 20.58)}];0,18867924528301888;0,18867924528301888;0,2880246438197921;0,10238907849829351
./audios/SP_D2_333_1223.70823_1235.82913.wav;1223,70823;1235,82913;e por falar nisto... eu dei essa notícia ontem não sei se você sabe... que O Bem Amado... traduzido para o espanhol El Bien Amado... está percorrendo toda a América Latina;e por falar nisto eu dei essa notícia ontem não sei se você sabe que o bem amado traduzido para o espanhol el bien amado está percorrendo toda a américa latina;12,12090000000012;e por falar nisso eu dei essa notícia ontem e não sei se você sabe que o bem amado traduzido para o espanhol elgin amado está percorrendo toda américa latina;;[{'text': 'e', 'timestamp': (0.12, 0.14)}, {'text': 'por', 'timestamp': (0.26, 0.34)}, {'text': 'falar', 'timestamp': (0.44, 0.68)}, {'text': 'nisso', 'timestamp': (0.8, 1.2)}, {'text': 'eu', 'timestamp': (2.04, 2.12)}, {'text': 'dei', 'timestamp': (2.26, 2.38)}, {'text': 'essa', 'timestamp': (2.46, 2.6)}, {'text': 'notícia', 'timestamp': (2.66, 3.06)}, {'text': 'ontem', 'timestamp': (3.2, 3.4)}, {'text': 'e', 'timestamp': (3.46, 3.48)}, {'text': 'não', 'timestamp': (3.52, 3.58)}, {'text': 'sei', 'timestamp': (3.64, 3.72)}, {'text': 'se', 'timestamp': (3.8, 3.86)}, {'text': 'você', 'timestamp': (3.92, 4.1)}, {'text': 'sabe', 'timestamp': (4.3, 4.54)}, {'text': 'que', 'timestamp': (5.28, 5.36)}, {'text': 'o', 'timestamp': (5.4, 5.42)}, {'text': 'bem', 'timestamp': (5.52, 5.66)}, {'text': 'amado', 'timestamp': (5.76, 6.16)}, {'text': 'traduzido', 'timestamp': (6.66, 7.16)}, {'text': 'para', 'timestamp': (7.34, 7.5)}, {'text': 'o', 'timestamp': (7.54, 7.56)}, {'text': 'espanhol', 'timestamp': (7.68, 8.12)}, {'text': 'elgin', 'timestamp': (8.4, 8.82)}, {'text': 'amado', 'timestamp': (8.94, 9.3)}, {'text': 'está', 'timestamp': (9.72, 9.88)}, {'text': 'percorrendo', 'timestamp': (10.04, 10.5)}, {'text': 'toda', 'timestamp': (10.7, 10.86)}, {'text': 'américa', 'timestamp': (10.96, 11.38)}, {'text': 'latina', 'timestamp': (11.46, 11.94)}];0,16129032258064516;0,15625;0,21612903225806446;0,050314465408805034
./audios/SP_D2_333_1236.28552_1241.35756.wav;1236,28552;1241,35756;está sendo um sucesso... enorme... no:: em Montevidéu;está sendo um sucesso enorme no em montevidéu;5,072040000000015;está sendo um sucesso enorme em montevideo;;[{'text': 'está', 'timestamp': (0.08, 0.22)}, {'text': 'sendo', 'timestamp': (0.38, 0.56)}, {'text': 'um', 'timestamp': (0.66, 0.7)}, {'text': 'sucesso', 'timestamp': (0.8, 1.32)}, {'text': 'enorme', 'timestamp': (1.6, 2.16)}, {'text': 'em', 'timestamp': (4.2, 4.24)}, {'text': 'montevideo', 'timestamp': (4.3, 4.88)}];0,25;0,25;0,3571428571428572;0,1111111111111111
./audios/SP_D2_333_1241.48_1244.69265.wav;1241,48;1244,69265;que foi a última... praça em que ele está se exibindo;que foi a última praça em que ele está se exibindo;3,2126499999999396;que foi a última praça em que ele está se exibido;;[{'text': 'que', 'timestamp': (0.06, 0.14)}, {'text': 'foi', 'timestamp': (0.32, 0.56)}, {'text': 'a', 'timestamp': (0.8, 0.82)}, {'text': 'última', 'timestamp': (0.9, 1.24)}, {'text': 'praça', 'timestamp': (1.58, 1.94)}, {'text': 'em', 'timestamp': (2.0, 2.06)}, {'text': 'que', 'timestamp': (2.1, 2.2)}, {'text': 'ele', 'timestamp': (2.22, 2.28)}, {'text': 'está', 'timestamp': (2.36, 2.46)}, {'text': 'se', 'timestamp': (2.54, 2.58)}, {'text': 'exibido', 'timestamp': (2.66, 3.02)}];0,09090909090909091;0,09090909090909091;0,17355371900826455;0,02
./audios/SP_D2_333_1245.28_1246.64223.wav;1245,28;1246,64223;e se exibindo dublado;e se exibindo dublado;1,362229999999954;e se exibindo dublado;;[{'text': 'e', 'timestamp': (0.08, 0.1)}, {'text': 'se', 'timestamp': (0.24, 0.3)}, {'text': 'exibindo', 'timestamp': (0.36, 0.66)}, {'text': 'dublado', 'timestamp': (0.8, 1.26)}];0,0;0,0;0,0;0,0
./audios/SP_D2_333_1246.64223_1253.47326.wav;1246,64223;1253,47326;porque até então... as nossas emissoras solicitadas exportavam apenas o:: o texto;porque até então as nossas emissoras solicitadas exportavam apenas o o texto;6,831030000000055;porque até então as nossas emissoras solicitadas exportavam apenas o texto;;[{'text': 'porque', 'timestamp': (0.02, 0.2)}, {'text': 'até', 'timestamp': (0.24, 0.36)}, {'text': 'então', 'timestamp': (0.46, 0.78)}, {'text': 'as', 'timestamp': (1.62, 1.74)}, {'text': 'nossas', 'timestamp': (1.88, 2.14)}, {'text': 'emissoras', 'timestamp': (2.22, 2.66)}, {'text': 'solicitadas', 'timestamp': (2.76, 3.56)}, {'text': 'exportavam', 'timestamp': (3.76, 4.5)}, {'text': 'apenas', 'timestamp': (4.72, 5.24)}, {'text': 'o', 'timestamp': (6.1, 6.12)}, {'text': 'texto', 'timestamp': (6.26, 6.7)}];0,08333333333333333;0,08333333333333333;0,08333333333333337;0,02631578947368421
./audios/SP_D2_333_1253.96271_1259.79542.wav;1253,96271;1259,79542;que era depois traduzido... e feito... em diversos países (on/)... pelos artistas éh locais;que era depois traduzido e feito em diversos países on pelos artistas eh locais;5,832709999999906;que era depois traduzido e feito em diversos países pelos artistas locais;;[{'text': 'que', 'timestamp': (0.04, 0.12)}, {'text': 'era', 'timestamp': (0.16, 0.24)}, {'text': 'depois', 'timestamp': (0.32, 0.58)}, {'text': 'traduzido', 'timestamp': (0.66, 1.12)}, {'text': 'e', 'timestamp': (1.4, 1.42)}, {'text': 'feito', 'timestamp': (1.58, 1.82)}, {'text': 'em', 'timestamp': (2.42, 2.5)}, {'text': 'diversos', 'timestamp': (2.56, 2.92)}, {'text': 'países', 'timestamp': (3.02, 3.44)}, {'text': 'pelos', 'timestamp': (3.98, 4.18)}, {'text': 'artistas', 'timestamp': (4.24, 4.7)}, {'text': 'locais', 'timestamp': (5.32, 5.66)}];0,14285714285714285;0,14285714285714285;0,1428571428571429;0,0759493670886076
./audios/SP_D2_333_1260.22231_1262.15771.wav;1260,22231;1262,15771;mas O Bem Amado foi dublado;mas o bem amado foi dublado;1,935399999999845;mas o bem amado foi dublado;;[{'text': 'mas', 'timestamp': (0.04, 0.16)}, {'text': 'o', 'timestamp': (0.22, 0.26)}, {'text': 'bem', 'timestamp': (0.34, 0.48)}, {'text': 'amado', 'timestamp': (0.58, 0.94)}, {'text': 'foi', 'timestamp': (1.14, 1.28)}, {'text': 'dublado', 'timestamp': (1.38, 1.78)}];0,0;0,0;0,0;0,0
./audios/SP_D2_333_1262.33839_1266.57244.wav;1262,33839;1266,57244;como nós dublamos os filmes americanos... eles duBLAram O Bem Amado;como nós dublamos os filmes americanos eles dublaram o bem amado;4,234050000000025;como nós dublamos os filmes americanos eles dublaram o bem amado;;[{'text': 'como', 'timestamp': (0.04, 0.16)}, {'text': 'nós', 'timestamp': (0.24, 0.36)}, {'text': 'dublamos', 'timestamp': (0.46, 0.96)}, {'text': 'os', 'timestamp': (1.04, 1.1)}, {'text': 'filmes', 'timestamp': (1.2, 1.5)}, {'text': 'americanos', 'timestamp': (1.58, 2.08)}, {'text': 'eles', 'timestamp': (2.6, 2.76)}, {'text': 'dublaram', 'timestamp': (2.86, 3.42)}, {'text': 'o', 'timestamp': (3.46, 3.5)}, {'text': 'bem', 'timestamp': (3.56, 3.68)}, {'text': 'amado', 'timestamp': (3.78, 4.06)}];0,0;0,0;0,0;0,0
./audios/SP_D2_333_1278.24226_1282.56413.wav;1278,24226;1282,56413;eu me lem/... eu imagino como será isso traduzido em castelhano né?;eu me lem eu imagino como será isso traduzido em castelhano né;4,32186999999999;eu imagino como será isso traduzido em casteliano né;;[{'text': 'eu', 'timestamp': (0.82, 0.9)}, {'text': 'imagino', 'timestamp': (1.06, 1.5)}, {'text': 'como', 'timestamp': (1.62, 1.76)}, {'text': 'será', 'timestamp': (1.94, 2.14)}, {'text': 'isso', 'timestamp': (2.32, 2.54)}, {'text': 'traduzido', 'timestamp': (2.66, 3.18)}, {'text': 'em', 'timestamp': (3.26, 3.32)}, {'text': 'casteliano', 'timestamp': (3.4, 3.96)}, {'text': 'né', 'timestamp': (4.04, 4.14)}];0,3333333333333333;0,3333333333333333;0,40740740740740744;0,1774193548387097
./audios/SP_D2_333_1282.82_1286.14481.wav;1282,82;1286,14481;porque ele tinha peculiaridades de linguagem engraçadíssimas né?;porque ele tinha peculiaridades de linguagem engraçadíssimas né;3,3248100000000704;porque ele tinha peculiaridade de linguagem engraçadíssima né;;[{'text': 'porque', 'timestamp': (0.04, 0.18)}, {'text': 'ele', 'timestamp': (0.24, 0.3)}, {'text': 'tinha', 'timestamp': (0.38, 0.56)}, {'text': 'peculiaridade', 'timestamp': (0.68, 1.4)}, {'text': 'de', 'timestamp': (1.54, 1.6)}, {'text': 'linguagem', 'timestamp': (1.68, 2.14)}, {'text': 'engraçadíssima', 'timestamp': (2.2, 2.9)}, {'text': 'né', 'timestamp': (3.0, 3.06)}];0,25;0,25;0,4375;0,031746031746031744
./audios/SP_D2_333_1294.49934_1296.48171.wav;1294,49934;1296,48171;[mas nós [recebíamos mais do que dávamos... não é?;mas nós recebíamos mais do que dávamos não é;1,9823699999999462;mas não recebi do mar do tana;;[{'text': 'mas', 'timestamp': (0.02, 0.08)}, {'text': 'não', 'timestamp': (0.12, 0.2)}, {'text': 'recebi', 'timestamp': (0.26, 0.62)}, {'text': 'do', 'timestamp': (0.68, 0.72)}, {'text': 'mar', 'timestamp': (0.86, 1.02)}, {'text': 'do', 'timestamp': (1.08, 1.14)}, {'text': 'tana', 'timestamp': (1.22, 1.46)}];0,7777777777777778;0,7777777777777778;0,9365079365079365;0,5227272727272727
./audios/SP_D2_333_1305.52_1306.56448.wav;1305,52;1306,56448;é de um [argentino?;é de um argentino;1,0444800000000214;e ela leva;;[{'text': 'e', 'timestamp': (0.54, 0.56)}, {'text': 'ela', 'timestamp': (0.74, 0.84)}, {'text': 'leva', 'timestamp': (0.88, 1.02)}];1,0;1,0;1,0;0,7647058823529411
./audios/SP_D2_333_1310.64_1311.09432.wav;1310,64;1311,09432;de lá;de lá;0,4543199999998251;de lá;;[{'text': 'de', 'timestamp': (1.08, 1.14)}, {'text': 'lá', 'timestamp': (1.2, 1.24)}];0,0;0,0;0,0;0,0
./audios/SP_D2_333_1311.76_1312.08.wav;1311,76;1312,08;é;é;0,31999999999993634;é;;[{'text': 'é', 'timestamp': (1.08, 1.1)}];0,0;0,0;0,0;0,0
./audios/SP_D2_333_1320.75737_1324.38521.wav;1320,75737;1324,38521;é não não é novidade eles... pegarem a produção inteira;é não não é novidade eles pegarem a produção inteira;3,6278399999998783;não é uma novidade eles pegarem a produção inteira;;[{'text': 'não', 'timestamp': (0.44, 0.56)}, {'text': 'é', 'timestamp': (0.66, 0.68)}, {'text': 'uma', 'timestamp': (0.72, 0.8)}, {'text': 'novidade', 'timestamp': (0.9, 1.46)}, {'text': 'eles', 'timestamp': (1.5, 1.68)}, {'text': 'pegarem', 'timestamp': (2.04, 2.38)}, {'text': 'a', 'timestamp': (2.44, 2.48)}, {'text': 'produção', 'timestamp': (2.54, 2.98)}, {'text': 'inteira', 'timestamp': (3.06, 3.5)}];0,3;0,3;0,4555555555555556;0,1346153846153846
./audios/SP_D2_333_1324.38521_1325.61057.wav;1324,38521;1325,61057;globalmente [não é?;globalmente não é;1,225360000000137;globalmente né;;[{'text': 'globalmente', 'timestamp': (0.02, 0.74)}, {'text': 'né', 'timestamp': (0.92, 1.04)}];0,6666666666666666;0,6666666666666666;0,8333333333333334;0,17647058823529413
./audios/SP_D2_333_1325.82754_1327.32746.wav;1325,82754;1327,32746;com os nossos artistas;com os nossos artistas;1,4999199999999746;com os nossos artistas;;[{'text': 'com', 'timestamp': (0.02, 0.08)}, {'text': 'os', 'timestamp': (0.12, 0.18)}, {'text': 'nossos', 'timestamp': (0.28, 0.58)}, {'text': 'artistas', 'timestamp': (0.66, 1.28)}];0,0;0,0;0,0;0,0
./audios/SP_D2_333_1327.72451_1340.2.wav;1327,72451;1340,2;porque... o Vietri mesmo já hum... já vendeu aquele:: Nino o Italianinho... todas aquelas novelas dele ele já vendeu... para países de fala::: espaNHOla ele já vendeu tudo aquilo;porque o vietri mesmo já uh já vendeu aquele nino o italianinho todas aquelas novelas dele ele já vendeu para países de fala espanhola ele já vendeu tudo aquilo;12,475490000000036;porque o vietri mesmo já vendeu aquele menino italianinho todas aquelas novelas dele ele já vendeu para países e te fala espanhola ele já vendeu tudo aquilo;;[{'text': 'porque', 'timestamp': (0.04, 0.26)}, {'text': 'o', 'timestamp': (0.8, 0.82)}, {'text': 'vietri', 'timestamp': (0.92, 1.5)}, {'text': 'mesmo', 'timestamp': (1.6, 1.94)}, {'text': 'já', 'timestamp': (2.1, 2.16)}, {'text': 'vendeu', 'timestamp': (3.22, 3.6)}, {'text': 'aquele', 'timestamp': (3.74, 4.02)}, {'text': 'menino', 'timestamp': (4.26, 4.54)}, {'text': 'italianinho', 'timestamp': (4.62, 5.32)}, {'text': 'todas', 'timestamp': (5.82, 5.96)}, {'text': 'aquelas', 'timestamp': (6.04, 6.32)}, {'text': 'novelas', 'timestamp': (6.46, 6.88)}, {'text': 'dele', 'timestamp': (6.96, 7.12)}, {'text': 'ele', 'timestamp': (7.14, 7.26)}, {'text': 'já', 'timestamp': (7.38, 7.42)}, {'text': 'vendeu', 'timestamp': (7.52, 7.9)}, {'text': 'para', 'timestamp': (8.42, 8.58)}, {'text': 'países', 'timestamp': (8.66, 9.12)}, {'text': 'e', 'timestamp': (9.36, 9.38)}, {'text': 'te', 'timestamp': (9.46, 9.52)}, {'text': 'fala', 'timestamp': (9.68, 9.96)}, {'text': 'espanhola', 'timestamp': (10.48, 11.04)}, {'text': 'ele', 'timestamp': (11.2, 11.3)}, {'text': 'já', 'timestamp': (11.36, 11.42)}, {'text': 'vendeu', 'timestamp': (11.48, 11.7)}, {'text': 'tudo', 'timestamp': (11.78, 11.9)}, {'text': 'aquilo', 'timestamp': (11.98, 12.3)}];0,20689655172413793;0,2;0,26436781609195403;0,08125
./audios/SP_D2_333_1350.67204_1352.18081.wav;1350,67204;1352,18081;então é engraçá/;então é engraçá;1,5087700000001405;então a casa;;[{'text': 'então', 'timestamp': (0.08, 0.66)}, {'text': 'a', 'timestamp': (0.8, 0.82)}, {'text': 'casa', 'timestamp': (0.9, 1.14)}];0,6666666666666666;0,6666666666666666;0,8888888888888888;0,4666666666666667
./audios/SP_D2_333_1352.18081_1382.48265.wav;1352,18081;1382,48265;agora... éh::... como cô/... exportar assim globalmente toda a produção não é?... éh gravada aqui... hã... éh interpretada pelos nossos artistas... e:: e é o que é mais interessante... no caso de Gabriela... com uma trilha sonora bem brasileira não é?... em que entraram artistas... extraordinários da nossa música popular... na composição... tanto das letras quanto das músicas e na execução e na interpretação;agora eh como cô exportar assim globalmente toda a produção não é eh gravada aqui ah eh interpretada pelos nossos artistas e e é o que é mais interessante no caso de gabriela com uma trilha sonora bem brasileira não é em que entraram artistas extraordinários da nossa música popular na composição tanto das letras quanto das músicas e na execução e na interpretação;30,301839999999856;agora eh como exportar assim globalmente toda a produção não é eh gravado aqui e interpretado pelos nossos artistas e e o que é mais interessante no caso de gabriela com uma trilha sonora bem brasileira né em que entraram artistas extraordinários da nossa música popular na composição tanto das letras quanto das músicas e na execução e na interpretação;;[{'text': 'agora', 'timestamp': (0.08, 0.38)}, {'text': 'eh', 'timestamp': (1.26, 1.36)}, {'text': 'como', 'timestamp': (2.26, 2.44)}, {'text': 'exportar', 'timestamp': (3.26, 3.94)}, {'text': 'assim', 'timestamp': (4.04, 4.4)}, {'text': 'globalmente', 'timestamp': (4.5, 5.28)}, {'text': 'toda', 'timestamp': (5.52, 5.66)}, {'text': 'a', 'timestamp': (5.7, 5.72)}, {'text': 'produção', 'timestamp': (5.8, 6.28)}, {'text': 'não', 'timestamp': (6.44, 6.52)}, {'text': 'é', 'timestamp': (6.58, 6.6)}, {'text': 'eh', 'timestamp': (7.32, 7.38)}, {'text': 'gravado', 'timestamp': (7.76, 8.38)}, {'text': 'aqui', 'timestamp': (8.52, 8.76)}, {'text': 'e', 'timestamp': (10.18, 10.2)}, {'text': 'interpretado', 'timestamp': (10.68, 11.2)}, {'text': 'pelos', 'timestamp': (11.28, 11.46)}, {'text': 'nossos', 'timestamp': (11.52, 11.78)}, {'text': 'artistas', 'timestamp': (11.86, 12.48)}, {'text': 'e', 'timestamp': (13.06, 13.08)}, {'text': 'e', 'timestamp': (13.42, 13.44)}, {'text': 'o', 'timestamp': (13.46, 13.48)}, {'text': 'que', 'timestamp': (13.62, 13.7)}, {'text': 'é', 'timestamp': (13.8, 13.82)}, {'text': 'mais', 'timestamp': (13.9, 14.12)}, {'text': 'interessante', 'timestamp': (14.22, 15.02)}, {'text': 'no', 'timestamp': (15.82, 16.06)}, {'text': 'caso', 'timestamp': (16.1, 16.26)}, {'text': 'de', 'timestamp': (16.3, 16.36)}, {'text': 'gabriela', 'timestamp': (16.42, 16.86)}, {'text': 'com', 'timestamp': (17.28, 17.36)}, {'text': 'uma', 'timestamp': (17.4, 17.48)}, {'text': 'trilha', 'timestamp': (17.68, 17.96)}, {'text': 'sonora', 'timestamp': (18.16, 18.6)}, {'text': 'bem', 'timestamp': (18.8, 18.94)}, {'text': 'brasileira', 'timestamp': (19.04, 19.64)}, {'text': 'né', 'timestamp': (19.7, 19.76)}, {'text': 'em', 'timestamp': (20.26, 20.3)}, {'text': 'que', 'timestamp': (20.38, 20.46)}, {'text': 'entraram', 'timestamp': (20.52, 21.02)}, {'text': 'artistas', 'timestamp': (21.12, 21.9)}, {'text': 'extraordinários', 'timestamp': (22.52, 23.32)}, {'text': 'da', 'timestamp': (23.36, 23.4)}, {'text': 'nossa', 'timestamp': (23.48, 23.68)}, {'text': 'música', 'timestamp': (23.76, 24.04)}, {'text': 'popular', 'timestamp': (24.12, 24.54)}, {'text': 'na', 'timestamp': (25.3, 25.36)}, {'text': 'composição', 'timestamp': (25.46, 26.2)}, {'text': 'tanto', 'timestamp': (26.92, 27.1)}, {'text': 'das', 'timestamp': (27.22, 27.34)}, {'text': 'letras', 'timestamp': (27.44, 27.72)}, {'text': 'quanto', 'timestamp': (27.8, 27.96)}, {'text': 'das', 'timestamp': (28.06, 28.16)}, {'text': 'músicas', 'timestamp': (28.26, 28.54)}, {'text': 'e', 'timestamp': (28.6, 28.62)}, {'text': 'na', 'timestamp': (28.68, 28.74)}, {'text': 'execução', 'timestamp': (28.8, 29.26)}, {'text': 'e', 'timestamp': (29.32, 29.34)}, {'text': 'na', 'timestamp': (29.36, 29.4)}, {'text': 'interpretação', 'timestamp': (29.44, 30.12)}];0,125;0,125;0,18333333333333335;0,038356164383561646
./audios/SP_D2_333_1382.76064_1391.92035.wav;1382,76064;1391,92035;então... ah:: Gabriela eu acho ( ) também... parece que já está sendo negociada... como foi O Bem Amado... éh isso eu acho muito bom;então ah gabriela eu acho também parece que já está sendo negociada como foi o bem amado eh isso eu acho muito bom;9,159710000000132;então a gabriela eu acho e também parece que já está sendo negociado e como foi o bem amado e isso eu acho muito bom;;[{'text': 'então', 'timestamp': (0.08, 0.28)}, {'text': 'a', 'timestamp': (1.08, 1.1)}, {'text': 'gabriela', 'timestamp': (1.38, 1.8)}, {'text': 'eu', 'timestamp': (1.82, 1.92)}, {'text': 'acho', 'timestamp': (1.96, 2.1)}, {'text': 'e', 'timestamp': (2.28, 2.3)}, {'text': 'também', 'timestamp': (2.46, 2.7)}, {'text': 'parece', 'timestamp': (3.02, 3.18)}, {'text': 'que', 'timestamp': (3.22, 3.28)}, {'text': 'já', 'timestamp': (3.34, 3.4)}, {'text': 'está', 'timestamp': (3.42, 3.52)}, {'text': 'sendo', 'timestamp': (3.58, 3.72)}, {'text': 'negociado', 'timestamp': (3.84, 4.28)}, {'text': 'e', 'timestamp': (4.38, 4.4)}, {'text': 'como', 'timestamp': (5.06, 5.2)}, {'text': 'foi', 'timestamp': (5.32, 5.44)}, {'text': 'o', 'timestamp': (5.5, 5.52)}, {'text': 'bem', 'timestamp': (5.56, 5.7)}, {'text': 'amado', 'timestamp': (5.78, 6.14)}, {'text': 'e', 'timestamp': (8.28, 8.3)}, {'text': 'isso', 'timestamp': (8.36, 8.48)}, {'text': 'eu', 'timestamp': (8.5, 8.54)}, {'text': 'acho', 'timestamp': (8.56, 8.66)}, {'text': 'muito', 'timestamp': (8.7, 8.84)}, {'text': 'bom', 'timestamp': (8.9, 9.0)}];0,21739130434782608;0,2;0,30434782608695654;0,06140350877192982
./audios/SP_D2_333_1400.80408_1401.12148.wav;1400,80408;1401,12148;é;é;0,31739999999990687;é;;[{'text': 'é', 'timestamp': (1.1, 1.12)}];0,0;0,0;0,0;0,0
./audios/SP_D2_333_1401.3357_1402.57986.wav;1401,3357;1402,57986;como antigamente se punha né?;como antigamente se punha né;1,2441599999999653;como antigamente se puia né;;[{'text': 'como', 'timestamp': (0.02, 0.12)}, {'text': 'antigamente', 'timestamp': (0.16, 0.52)}, {'text': 'se', 'timestamp': (0.6, 0.64)}, {'text': 'puia', 'timestamp': (0.74, 0.98)}, {'text': 'né', 'timestamp': (1.04, 1.1)}];0,2;0,2;0,3599999999999999;0,07142857142857142
./audios/SP_D2_333_1411.92413_1412.58132.wav;1411,92413;1412,58132;[adequado;adequado;0,6571899999999005;adequada;;[{'text': 'adequada', 'timestamp': (1.04, 1.56)}];1,0;1,0;1,0;0,125
./audios/SP_D2_333_1417.11662_1417.75631.wav;1417,11662;1417,75631;é [( );é;0,6396899999999732;é a uma grande o;;[{'text': 'é', 'timestamp': (1.04, 1.06)}, {'text': 'a', 'timestamp': (1.24, 1.26)}, {'text': 'uma', 'timestamp': (1.28, 1.36)}, {'text': 'grande', 'timestamp': (1.4, 1.6)}, {'text': 'o', 'timestamp': (1.68, 1.7)}];4,0;0,8;0,8;15,0
./audios/SP_D2_333_1418.87248_1419.10979.wav;1418,87248;1419,10979;[é;é;0,23730999999997948;preso;;[{'text': 'preso', 'timestamp': (0.98, 1.36)}];1,0;1,0;1,0;5,0
./audios/SP_D2_333_1419.52493_1429.51992.wav;1419,52493;1429,51992;isso é muito bom:: e:::... e ain/ e::... e a novela puxa o disco porque parece que na vendagem dos discos eles são muito... requisitados esses discos de novela né?;isso é muito bom e e ain e e a novela puxa o disco porque parece que na vendagem dos discos eles são muito requisitados esses discos de novela né;9,994989999999916;e isso é muito bom e a anoviela puxa o disco porque parece que na vendagem dos discos eles são muito requisitados esses discos de nove anos né;;[{'text': 'e', 'timestamp': (0.06, 0.08)}, {'text': 'isso', 'timestamp': (0.22, 0.34)}, {'text': 'é', 'timestamp': (0.4, 0.42)}, {'text': 'muito', 'timestamp': (0.48, 0.6)}, {'text': 'bom', 'timestamp': (0.72, 0.9)}, {'text': 'e', 'timestamp': (2.46, 2.48)}, {'text': 'a', 'timestamp': (2.58, 2.6)}, {'text': 'anoviela', 'timestamp': (3.62, 3.98)}, {'text': 'puxa', 'timestamp': (4.1, 4.32)}, {'text': 'o', 'timestamp': (4.4, 4.42)}, {'text': 'disco', 'timestamp': (4.5, 4.78)}, {'text': 'porque', 'timestamp': (4.86, 5.04)}, {'text': 'parece', 'timestamp': (5.22, 5.38)}, {'text': 'que', 'timestamp': (5.4, 5.46)}, {'text': 'na', 'timestamp': (5.48, 5.56)}, {'text': 'vendagem', 'timestamp': (5.58, 5.94)}, {'text': 'dos', 'timestamp': (6.02, 6.1)}, {'text': 'discos', 'timestamp': (6.2, 6.48)}, {'text': 'eles', 'timestamp': (6.54, 6.66)}, {'text': 'são', 'timestamp': (6.72, 6.8)}, {'text': 'muito', 'timestamp': (6.84, 7.0)}, {'text': 'requisitados', 'timestamp': (7.92, 8.62)}, {'text': 'esses', 'timestamp': (8.68, 8.86)}, {'text': 'discos', 'timestamp': (8.92, 9.16)}, {'text': 'de', 'timestamp': (9.22, 9.26)}, {'text': 'nove', 'timestamp': (9.32, 9.48)}, {'text': 'anos', 'timestamp': (9.56, 9.72)}, {'text': 'né', 'timestamp': (9.76, 9.82)}];0,26666666666666666;0,25;0,3142857142857143;0,1103448275862069
./audios/SP_D2_333_1441.63587_1450.44083.wav;1441,63587;1450,44083;é e não o que [eu disse é o seguinte é é a tal coisa a televisão hã:: ao mesmo tempo que proporciona às vezes... surpresas ruins às vezes proporciona Ótimas não é?;é e não o que eu disse é o seguinte é é a tal coisa a televisão ah ao mesmo tempo que proporciona às vezes surpresas ruins às vezes proporciona ótimas não é;8,804959999999937;e nem o que o dicio o seguinte é a tal coisa a televisão e ao mesmo tempo que proporciona às vezes surpresas rui às vezes proporciona ótimas né;;[{'text': 'e', 'timestamp': (0.04, 0.06)}, {'text': 'nem', 'timestamp': (0.46, 0.58)}, {'text': 'o', 'timestamp': (0.64, 0.66)}, {'text': 'que', 'timestamp': (0.74, 0.82)}, {'text': 'o', 'timestamp': (0.84, 0.86)}, {'text': 'dicio', 'timestamp': (0.94, 1.1)}, {'text': 'o', 'timestamp': (1.14, 1.18)}, {'text': 'seguinte', 'timestamp': (1.22, 1.44)}, {'text': 'é', 'timestamp': (1.68, 1.7)}, {'text': 'a', 'timestamp': (2.06, 2.08)}, {'text': 'tal', 'timestamp': (2.14, 2.24)}, {'text': 'coisa', 'timestamp': (2.34, 2.48)}, {'text': 'a', 'timestamp': (2.52, 2.54)}, {'text': 'televisão', 'timestamp': (2.6, 2.94)}, {'text': 'e', 'timestamp': (3.22, 3.24)}, {'text': 'ao', 'timestamp': (3.72, 3.78)}, {'text': 'mesmo', 'timestamp': (3.84, 4.0)}, {'text': 'tempo', 'timestamp': (4.08, 4.2)}, {'text': 'que', 'timestamp': (4.28, 4.34)}, {'text': 'proporciona', 'timestamp': (4.48, 4.96)}, {'text': 'às', 'timestamp': (5.02, 5.08)}, {'text': 'vezes', 'timestamp': (5.14, 5.4)}, {'text': 'surpresas', 'timestamp': (6.04, 6.6)}, {'text': 'rui', 'timestamp': (6.7, 6.84)}, {'text': 'às', 'timestamp': (7.24, 7.3)}, {'text': 'vezes', 'timestamp': (7.34, 7.46)}, {'text': 'proporciona', 'timestamp': (7.6, 8.02)}, {'text': 'ótimas', 'timestamp': (8.2, 8.54)}, {'text': 'né', 'timestamp': (8.58, 8.64)}];0,30303030303030304;0,30303030303030304;0,4472309299895506;0,1282051282051282
./audios/SP_D2_333_1450.73335_1454.0626.wav;1450,73335;1454,0626;porque a Marília Medalha não costuma... aparecer muito na televisão;porque a marília medalha não costuma aparecer muito na televisão;3,329250000000002;que maria é metal e não costuma aparecer muito bem na televisão;;[{'text': 'que', 'timestamp': (0.04, 0.1)}, {'text': 'maria', 'timestamp': (0.18, 0.42)}, {'text': 'é', 'timestamp': (0.44, 0.46)}, {'text': 'metal', 'timestamp': (0.5, 0.78)}, {'text': 'e', 'timestamp': (0.86, 0.88)}, {'text': 'não', 'timestamp': (0.9, 0.98)}, {'text': 'costuma', 'timestamp': (1.06, 1.36)}, {'text': 'aparecer', 'timestamp': (1.42, 2.22)}, {'text': 'muito', 'timestamp': (2.34, 2.44)}, {'text': 'bem', 'timestamp': (2.52, 2.58)}, {'text': 'na', 'timestamp': (2.66, 2.7)}, {'text': 'televisão', 'timestamp': (2.76, 3.18)}];0,6;0,5;0,7;0,25
./audios/SP_D2_333_1455.15181_1461.52125.wav;1455,15181;1461,52125;éh:: há quem diga que a televisão compõe uma muralha de mediocriDAde... que ela paga muito bem;eh há quem diga que a televisão compõe uma muralha de mediocridade que ela paga muito bem;6,3694399999999405;e há quem diga que a televisão compõe uma muralha de mediocridade porque ela paga muito tempo;;[{'text': 'e', 'timestamp': (0.18, 0.2)}, {'text': 'há', 'timestamp': (0.68, 0.76)}, {'text': 'quem', 'timestamp': (0.92, 1.06)}, {'text': 'diga', 'timestamp': (1.18, 1.44)}, {'text': 'que', 'timestamp': (1.54, 1.62)}, {'text': 'a', 'timestamp': (1.68, 1.7)}, {'text': 'televisão', 'timestamp': (1.76, 2.24)}, {'text': 'compõe', 'timestamp': (2.46, 3.06)}, {'text': 'uma', 'timestamp': (3.14, 3.24)}, {'text': 'muralha', 'timestamp': (3.32, 3.7)}, {'text': 'de', 'timestamp': (3.74, 3.78)}, {'text': 'mediocridade', 'timestamp': (3.86, 4.54)}, {'text': 'porque', 'timestamp': (5.02, 5.2)}, {'text': 'ela', 'timestamp': (5.24, 5.3)}, {'text': 'paga', 'timestamp': (5.48, 5.72)}, {'text': 'muito', 'timestamp': (5.82, 5.96)}, {'text': 'tempo', 'timestamp': (6.1, 6.32)}];0,17647058823529413;0,17647058823529413;0,32179930795847755;0,07865168539325842
./audios/SP_D2_333_1461.75145_1465.5734.wav;1461,75145;1465,5734;então as pessoas que estão lá dentro não deixam os de fora entrar;então as pessoas que estão lá dentro não deixam os de fora entrar;3,8219500000000153;então as pessoas que estão lá dentro não deixam os de fora e entrar;;[{'text': 'então', 'timestamp': (0.1, 0.3)}, {'text': 'as', 'timestamp': (0.38, 0.44)}, {'text': 'pessoas', 'timestamp': (0.52, 0.76)}, {'text': 'que', 'timestamp': (0.8, 0.86)}, {'text': 'estão', 'timestamp': (0.88, 1.02)}, {'text': 'lá', 'timestamp': (1.06, 1.1)}, {'text': 'dentro', 'timestamp': (1.26, 1.56)}, {'text': 'não', 'timestamp': (1.7, 1.82)}, {'text': 'deixam', 'timestamp': (2.0, 2.44)}, {'text': 'os', 'timestamp': (2.6, 2.66)}, {'text': 'de', 'timestamp': (2.74, 2.78)}, {'text': 'fora', 'timestamp': (2.92, 3.12)}, {'text': 'e', 'timestamp': (3.16, 3.18)}, {'text': 'entrar', 'timestamp': (3.2, 3.56)}];0,07692307692307693;0,07142857142857142;0,0714285714285714;0,03076923076923077
./audios/SP_D2_333_1465.93602_1474.17012.wav;1465,93602;1474,17012;então muitos artistas escritores... hã compositores cantores gostariam de:::... de ter acesso à televisão;então muitos artistas escritores ah compositores cantores gostariam de de ter acesso à televisão;8,234099999999899;então muitos artistas escritores compositores cantores gostariam de ter acesso à televisão;;[{'text': 'então', 'timestamp': (0.1, 0.32)}, {'text': 'muitos', 'timestamp': (0.42, 0.64)}, {'text': 'artistas', 'timestamp': (0.74, 1.3)}, {'text': 'escritores', 'timestamp': (1.42, 2.22)}, {'text': 'compositores', 'timestamp': (3.16, 4.14)}, {'text': 'cantores', 'timestamp': (4.26, 5.02)}, {'text': 'gostariam', 'timestamp': (5.22, 5.86)}, {'text': 'de', 'timestamp': (5.96, 6.96)}, {'text': 'ter', 'timestamp': (7.12, 7.22)}, {'text': 'acesso', 'timestamp': (7.3, 7.68)}, {'text': 'à', 'timestamp': (7.74, 7.76)}, {'text': 'televisão', 'timestamp': (7.82, 8.18)}];0,14285714285714285;0,14285714285714285;0,1428571428571429;0,0625
./audios/SP_D2_333_1474.17012_1480.89517.wav;1474,17012;1480,89517;mas ela se fecha... na famosa muralha de mediocridade que (a r/) agora é um pouco discutível... e não se abre;mas ela se fecha na famosa muralha de mediocridade que a r agora é um pouco discutível e não se abre;6,72505000000001;mas ela se fecha na famosa muralha de mediocridade que agora é um pouco discutível e não se abre;;[{'text': 'mas', 'timestamp': (0.08, 0.18)}, {'text': 'ela', 'timestamp': (0.24, 0.34)}, {'text': 'se', 'timestamp': (0.44, 0.5)}, {'text': 'fecha', 'timestamp': (0.66, 1.02)}, {'text': 'na', 'timestamp': (1.72, 1.78)}, {'text': 'famosa', 'timestamp': (1.86, 2.32)}, {'text': 'muralha', 'timestamp': (2.42, 2.74)}, {'text': 'de', 'timestamp': (2.78, 2.84)}, {'text': 'mediocridade', 'timestamp': (2.88, 3.4)}, {'text': 'que', 'timestamp': (3.52, 3.6)}, {'text': 'agora', 'timestamp': (3.74, 4.08)}, {'text': 'é', 'timestamp': (4.12, 4.14)}, {'text': 'um', 'timestamp': (4.18, 4.22)}, {'text': 'pouco', 'timestamp': (4.3, 4.46)}, {'text': 'discutível', 'timestamp': (4.54, 5.04)}, {'text': 'e', 'timestamp': (5.72, 5.74)}, {'text': 'não', 'timestamp': (5.9, 6.0)}, {'text': 'se', 'timestamp': (6.18, 6.24)}, {'text': 'abre', 'timestamp': (6.36, 6.6)}];0,09523809523809523;0,09523809523809523;0,09523809523809523;0,04
./audios/SP_D2_333_1480.89517_1503.80312.wav;1480,89517;1503,80312;mas:: nesse dia... eu estava aqui na minha sala... sintonizei para o canal quatro... um programa da::... Elizeth Cardoso Brasil Som Setenta e Seis --eu gosto muito da Elizeth Cardoso--... e daí a pouco quem eu vejo Marília Medalha... cantan::do... umas músicas lin::das:: e com uma presen::ça extraordinária;mas nesse dia eu estava aqui na minha sala sintonizei para o canal quatro um programa da elizeth cardoso brasil som setenta e seis eu gosto muito da elizeth cardoso e daí a pouco quem eu vejo marília medalha cantando umas músicas lindas e com uma presença extraordinária;22,907950000000028;mas nesse dia eu estava aqui na minha sala sintonizei para o canal quatro com um programa de elisete cardoso brasil son setenta e seis eu gosto de elisete cardoso e daí a pouco que eu vejo maria medalha cantando as músicas lindas e com a presença extraordinária;;[{'text': 'mas', 'timestamp': (0.12, 0.42)}, {'text': 'nesse', 'timestamp': (0.68, 0.92)}, {'text': 'dia', 'timestamp': (1.08, 1.3)}, {'text': 'eu', 'timestamp': (2.06, 2.12)}, {'text': 'estava', 'timestamp': (2.18, 2.56)}, {'text': 'aqui', 'timestamp': (2.62, 2.74)}, {'text': 'na', 'timestamp': (2.8, 2.84)}, {'text': 'minha', 'timestamp': (2.92, 3.06)}, {'text': 'sala', 'timestamp': (3.34, 3.68)}, {'text': 'sintonizei', 'timestamp': (4.52, 5.16)}, {'text': 'para', 'timestamp': (5.26, 5.38)}, {'text': 'o', 'timestamp': (5.4, 5.42)}, {'text': 'canal', 'timestamp': (5.48, 5.74)}, {'text': 'quatro', 'timestamp': (5.96, 6.46)}, {'text': 'com', 'timestamp': (7.28, 7.38)}, {'text': 'um', 'timestamp': (7.42, 7.48)}, {'text': 'programa', 'timestamp': (7.54, 8.02)}, {'text': 'de', 'timestamp': (8.2, 8.26)}, {'text': 'elisete', 'timestamp': (9.34, 9.76)}, {'text': 'cardoso', 'timestamp': (9.86, 10.44)}, {'text': 'brasil', 'timestamp': (10.64, 10.98)}, {'text': 'son', 'timestamp': (11.18, 11.32)}, {'text': 'setenta', 'timestamp': (11.48, 11.8)}, {'text': 'e', 'timestamp': (11.86, 11.88)}, {'text': 'seis', 'timestamp': (12.02, 12.2)}, {'text': 'eu', 'timestamp': (12.28, 12.32)}, {'text': 'gosto', 'timestamp': (12.36, 12.5)}, {'text': 'de', 'timestamp': (12.54, 12.58)}, {'text': 'elisete', 'timestamp': (12.8, 13.1)}, {'text': 'cardoso', 'timestamp': (13.16, 13.58)}, {'text': 'e', 'timestamp': (14.3, 14.32)}, {'text': 'daí', 'timestamp': (14.38, 14.52)}, {'text': 'a', 'timestamp': (14.58, 14.6)}, {'text': 'pouco', 'timestamp': (14.7, 14.92)}, {'text': 'que', 'timestamp': (15.04, 15.14)}, {'text': 'eu', 'timestamp': (15.28, 15.36)}, {'text': 'vejo', 'timestamp': (15.46, 15.72)}, {'text': 'maria', 'timestamp': (15.8, 16.1)}, {'text': 'medalha', 'timestamp': (16.2, 16.62)}, {'text': 'cantando', 'timestamp': (17.38, 18.08)}, {'text': 'as', 'timestamp': (18.88, 18.98)}, {'text': 'músicas', 'timestamp': (19.1, 19.56)}, {'text': 'lindas', 'timestamp': (19.74, 20.26)}, {'text': 'e', 'timestamp': (20.84, 20.86)}, {'text': 'com', 'timestamp': (21.0, 21.12)}, {'text': 'a', 'timestamp': (21.24, 21.26)}, {'text': 'presença', 'timestamp': (21.34, 22.06)}, {'text': 'extraordinária', 'timestamp': (22.16, 22.82)}];0,22916666666666666;0,22448979591836735;0,37326388888888895;0,08888888888888889
./audios/SP_D2_333_1504.42359_1509.58774.wav;1504,42359;1509,58774;eu acho::... a Marília Medalha uma das nossas atrizes MAIS significativas;eu acho a marília medalha uma das nossas atrizes mais significativas;5,164149999999836;eu acho a marília medalha é uma das nossas atrizes mais significativas;;[{'text': 'eu', 'timestamp': (0.08, 0.16)}, {'text': 'acho', 'timestamp': (0.24, 0.48)}, {'text': 'a', 'timestamp': (1.68, 1.74)}, {'text': 'marília', 'timestamp': (1.78, 2.08)}, {'text': 'medalha', 'timestamp': (2.14, 2.46)}, {'text': 'é', 'timestamp': (2.48, 2.5)}, {'text': 'uma', 'timestamp': (2.54, 2.6)}, {'text': 'das', 'timestamp': (2.66, 2.76)}, {'text': 'nossas', 'timestamp': (2.84, 3.08)}, {'text': 'atrizes', 'timestamp': (3.16, 3.5)}, {'text': 'mais', 'timestamp': (3.66, 3.86)}, {'text': 'significativas', 'timestamp': (4.0, 4.94)}];0,09090909090909091;0,08333333333333333;0,08333333333333337;0,029411764705882353
./audios/SP_D2_333_1509.94501_1512.76266.wav;1509,94501;1512,76266;e ela está se dedicando MUIto à música popular;e ela está se dedicando muito à música popular;2,817650000000185;e ela está se identificando muito a música popular;;[{'text': 'e', 'timestamp': (0.04, 0.06)}, {'text': 'ela', 'timestamp': (0.16, 0.24)}, {'text': 'está', 'timestamp': (0.28, 0.38)}, {'text': 'se', 'timestamp': (0.44, 0.48)}, {'text': 'identificando', 'timestamp': (0.52, 0.98)}, {'text': 'muito', 'timestamp': (1.18, 1.54)}, {'text': 'a', 'timestamp': (1.86, 1.88)}, {'text': 'música', 'timestamp': (2.1, 2.4)}, {'text': 'popular', 'timestamp': (2.5, 2.74)}];0,2222222222222222;0,2222222222222222;0,3950617283950617;0,13043478260869565
./audios/SP_D2_333_1512.76266_1517.19927.wav;1512,76266;1517,19927;e SEMpre --creio-- sempre na carreira dela ela se dedicou... à nossa música;e sempre creio sempre na carreira dela ela se dedicou à nossa música;4,436609999999973;e sempre creio sempre na carreira dela ela se identificou a nossa música;;[{'text': 'e', 'timestamp': (0.04, 0.06)}, {'text': 'sempre', 'timestamp': (0.28, 0.6)}, {'text': 'creio', 'timestamp': (0.76, 0.98)}, {'text': 'sempre', 'timestamp': (1.16, 1.36)}, {'text': 'na', 'timestamp': (1.42, 1.48)}, {'text': 'carreira', 'timestamp': (1.54, 1.82)}, {'text': 'dela', 'timestamp': (1.92, 2.1)}, {'text': 'ela', 'timestamp': (2.24, 2.34)}, {'text': 'se', 'timestamp': (2.36, 2.54)}, {'text': 'identificou', 'timestamp': (2.56, 3.0)}, {'text': 'a', 'timestamp': (3.48, 3.5)}, {'text': 'nossa', 'timestamp': (3.56, 3.82)}, {'text': 'música', 'timestamp': (3.9, 4.32)}];0,15384615384615385;0,15384615384615385;0,28402366863905326;0,08823529411764706
./audios/SP_D2_333_1517.47091_1523.50834.wav;1517,47091;1523,50834;vocês devem estar lembrados do sucesso... ah da interpretação dela de Ponteio... que fô/;vocês devem estar lembrados do sucesso ah da interpretação dela de ponteio que fô;6,037430000000086;vocês devem estar lembrados do sucesso da interpretação dela de ponteiro que foi;;[{'text': 'vocês', 'timestamp': (0.22, 0.4)}, {'text': 'devem', 'timestamp': (0.46, 0.6)}, {'text': 'estar', 'timestamp': (0.62, 0.78)}, {'text': 'lembrados', 'timestamp': (0.88, 1.3)}, {'text': 'do', 'timestamp': (1.4, 1.48)}, {'text': 'sucesso', 'timestamp': (1.58, 2.2)}, {'text': 'da', 'timestamp': (3.12, 3.18)}, {'text': 'interpretação', 'timestamp': (3.24, 3.82)}, {'text': 'dela', 'timestamp': (3.92, 4.08)}, {'text': 'de', 'timestamp': (4.16, 4.22)}, {'text': 'ponteiro', 'timestamp': (4.34, 5.02)}, {'text': 'que', 'timestamp': (5.64, 5.72)}, {'text': 'foi', 'timestamp': (5.86, 5.98)}];0,21428571428571427;0,21428571428571427;0,3351648351648352;0,07407407407407407
./audios/SP_D2_333_1523.50834_1526.22661.wav;1523,50834;1526,22661;do::... [daquele menino do::;do daquele menino do;2,7182699999998476;do da que regido;;[{'text': 'do', 'timestamp': (0.08, 0.16)}, {'text': 'da', 'timestamp': (1.6, 1.64)}, {'text': 'que', 'timestamp': (1.68, 1.74)}, {'text': 'regido', 'timestamp': (1.82, 2.46)}];0,75;0,75;0,9375;0,4
./audios/SP_D2_333_1526.22661_1526.87829.wav;1526,22661;1526,87829;como é que ele chama?;como é que ele chama;0,6516800000001695;o a crestana;;[{'text': 'o', 'timestamp': (1.04, 1.06)}, {'text': 'a', 'timestamp': (1.16, 1.18)}, {'text': 'crestana', 'timestamp': (1.24, 1.6)}];1,0;1,0;1,0;0,7
./audios/SP_D2_333_1526.87829_1528.26308.wav;1526,87829;1528,26308;do autor do Ponteio?;do autor do ponteio;1,384789999999839;o move termo ponteiro;;[{'text': 'o', 'timestamp': (0.0, 0.06)}, {'text': 'move', 'timestamp': (0.16, 0.32)}, {'text': 'termo', 'timestamp': (0.4, 0.56)}, {'text': 'ponteiro', 'timestamp': (0.72, 1.28)}];1,0;1,0;1,0;0,5263157894736842
./audios/SP_D2_333_1529.11446_1530.18648.wav;1529,11446;1530,18648;Edu [Lobo não é?;edu lobo não é;1,072020000000066;e dono do la;;[{'text': 'e', 'timestamp': (0.06, 0.08)}, {'text': 'dono', 'timestamp': (0.14, 0.32)}, {'text': 'do', 'timestamp': (0.56, 0.62)}, {'text': 'la', 'timestamp': (0.66, 0.78)}];1,0;1,0;1,0;0,5714285714285714
./audios/SP_D2_333_1530.18648_1530.80679.wav;1530,18648;1530,80679;Edu Lobo;edu lobo;0,6203100000000177;pedro;;[{'text': 'pedro', 'timestamp': (1.0, 1.34)}];1,0;1,0;1,0;0,75
./audios/SP_D2_333_1531.16351_1532.76856.wav;1531,16351;1532,76856;que foi premiado num festival;que foi premiado num festival;1,605049999999892;que foi premiado num festival;;[{'text': 'que', 'timestamp': (0.02, 0.1)}, {'text': 'foi', 'timestamp': (0.16, 0.26)}, {'text': 'premiado', 'timestamp': (0.34, 0.76)}, {'text': 'num', 'timestamp': (0.84, 0.92)}, {'text': 'festival', 'timestamp': (1.0, 1.44)}];0,0;0,0;0,0;0,0
./audios/SP_D2_333_1535.74637_1537.61951.wav;1535,74637;1537,61951;( ) [eu não estou bem lembrada;eu não estou bem lembrada;1,8731399999999212;eu estou bem renda;;[{'text': 'eu', 'timestamp': (0.62, 0.66)}, {'text': 'estou', 'timestamp': (0.78, 0.94)}, {'text': 'bem', 'timestamp': (0.98, 1.06)}, {'text': 'renda', 'timestamp': (1.1, 1.24)}];0,4;0,4;0,55;0,36
./audios/SP_D2_333_1538.10114_1538.7116.wav;1538,10114;1538,7116;Chico [Buarque;chico buarque;0,6104600000001028;chico barrir;;[{'text': 'chico', 'timestamp': (1.04, 1.22)}, {'text': 'barrir', 'timestamp': (1.26, 1.62)}];0,5;0,5;0,75;0,3076923076923077
./audios/SP_D2_333_1546.86704_1547.28125.wav;1546,86704;1547,28125;[hã;ah;0,4142099999999118;as de;;[{'text': 'as', 'timestamp': (1.1, 1.2)}, {'text': 'de', 'timestamp': (1.26, 1.32)}];2,0;1,0;1,0;2,0
./audios/SP_D2_333_1555.2199_1555.85995.wav;1555,2199;1555,85995;[o [Ponteio;o ponteio;0,6400499999999738;eu corria isso;;[{'text': 'eu', 'timestamp': (0.98, 1.06)}, {'text': 'corria', 'timestamp': (1.12, 1.4)}, {'text': 'isso', 'timestamp': (1.5, 1.72)}];1,5;1,0;1,0;1,1111111111111112
./audios/SP_D2_333_1556.95772_1558.52.wav;1556,95772;1558,52;[( ) música maravilhosa;música maravilhosa;1,5622799999998733;tava diomar;;[{'text': 'tava', 'timestamp': (0.08, 0.26)}, {'text': 'diomar', 'timestamp': (0.34, 1.52)}];1,0;1,0;1,0;0,7777777777777778
./audios/SP_D2_333_1559.6_1560.90902.wav;1559,6;1560,90902;pois é [mas aí não há;pois é mas aí não há;1,309020000000146;pois é mas aí;;[{'text': 'pois', 'timestamp': (0.06, 0.18)}, {'text': 'é', 'timestamp': (0.24, 0.26)}, {'text': 'mas', 'timestamp': (0.34, 0.44)}, {'text': 'aí', 'timestamp': (0.52, 0.62)}];0,3333333333333333;0,3333333333333333;0,33333333333333337;0,35
./audios/SP_D2_333_1563.01857_1572.97814.wav;1563,01857;1572,97814;aí a Marília então... hã... éh cantou lindamente... e mais do que cantar eu acho que a Marília tem uma força dramática muito grande;aí a marília então ah eh cantou lindamente e mais do que cantar eu acho que a marília tem uma força dramática muito grande;9,959569999999985;aí a marília ente cantou lindamente e mais do que cantar eu acho que a amarília tem uma força dramática muito grande;;[{'text': 'aí', 'timestamp': (0.08, 0.18)}, {'text': 'a', 'timestamp': (0.3, 0.32)}, {'text': 'marília', 'timestamp': (0.38, 0.78)}, {'text': 'ente', 'timestamp': (0.82, 1.04)}, {'text': 'cantou', 'timestamp': (3.24, 3.6)}, {'text': 'lindamente', 'timestamp': (3.72, 4.34)}, {'text': 'e', 'timestamp': (5.22, 5.24)}, {'text': 'mais', 'timestamp': (5.38, 5.62)}, {'text': 'do', 'timestamp': (5.74, 5.8)}, {'text': 'que', 'timestamp': (5.86, 5.94)}, {'text': 'cantar', 'timestamp': (6.06, 6.5)}, {'text': 'eu', 'timestamp': (6.6, 6.66)}, {'text': 'acho', 'timestamp': (6.76, 6.9)}, {'text': 'que', 'timestamp': (6.96, 7.04)}, {'text': 'a', 'timestamp': (7.06, 7.08)}, {'text': 'amarília', 'timestamp': (7.1, 7.64)}, {'text': 'tem', 'timestamp': (7.84, 7.96)}, {'text': 'uma', 'timestamp': (8.04, 8.12)}, {'text': 'força', 'timestamp': (8.34, 8.62)}, {'text': 'dramática', 'timestamp': (8.7, 9.16)}, {'text': 'muito', 'timestamp': (9.24, 9.38)}, {'text': 'grande', 'timestamp': (9.46, 9.76)}];0,16666666666666666;0,16666666666666666;0,24242424242424243;0,06557377049180328
./audios/SP_D2_333_1572.97814_1578.52.wav;1572,97814;1578,52;o que faz com que se suponha nela... uma atriz dramática que não foi aproveitada;o que faz com que se suponha nela uma atriz dramática que não foi aproveitada;5,541860000000042;o que faz com que se suponha nela uma atriz dramática que não foi aproveitada;;[{'text': 'o', 'timestamp': (0.04, 0.06)}, {'text': 'que', 'timestamp': (0.08, 0.16)}, {'text': 'faz', 'timestamp': (0.4, 0.64)}, {'text': 'com', 'timestamp': (0.72, 0.78)}, {'text': 'que', 'timestamp': (0.86, 0.92)}, {'text': 'se', 'timestamp': (1.0, 1.06)}, {'text': 'suponha', 'timestamp': (1.18, 1.62)}, {'text': 'nela', 'timestamp': (1.76, 2.02)}, {'text': 'uma', 'timestamp': (2.74, 2.84)}, {'text': 'atriz', 'timestamp': (2.92, 3.28)}, {'text': 'dramática', 'timestamp': (3.36, 4.04)}, {'text': 'que', 'timestamp': (4.12, 4.2)}, {'text': 'não', 'timestamp': (4.26, 4.32)}, {'text': 'foi', 'timestamp': (4.5, 4.68)}, {'text': 'aproveitada', 'timestamp': (4.76, 5.38)}];0,0;0,0;0,0;0,0
./audios/SP_D2_333_1579.12343_1597.71758.wav;1579,12343;1597,71758;e é tão raro... que o ator nosso tenha esses dois predicados... --saiba interpretar::... e tenha uma boa VOZ:: e conhecimentos musicais--... que eu:: disse a ela que ela ela ainda não se conhecia ela ainda não tinha se percorrido porque ela ainda poderia ser... a estrela de um grande musical;e é tão raro que o ator nosso tenha esses dois predicados saiba interpretar e tenha uma boa voz e conhecimentos musicais que eu disse a ela que ela ela ainda não se conhecia ela ainda não tinha se percorrido porque ela ainda poderia ser a estrela de um grande musical;18,5941499999999;e é tão raro que o artor nosso tem esses dois predicados saiba interpretar e tenha uma boa voz e conhecimentos musicais que eu disse a ela que ela ainda não se conhecia ela ainda não tinha se percorrido porque ela poderia ser a estrela de um grande musical;;[{'text': 'e', 'timestamp': (0.16, 0.18)}, {'text': 'é', 'timestamp': (0.26, 0.28)}, {'text': 'tão', 'timestamp': (0.4, 0.5)}, {'text': 'raro', 'timestamp': (0.62, 0.84)}, {'text': 'que', 'timestamp': (1.32, 1.4)}, {'text': 'o', 'timestamp': (1.44, 1.46)}, {'text': 'artor', 'timestamp': (1.54, 2.02)}, {'text': 'nosso', 'timestamp': (2.28, 2.64)}, {'text': 'tem', 'timestamp': (2.86, 2.98)}, {'text': 'esses', 'timestamp': (3.06, 3.26)}, {'text': 'dois', 'timestamp': (3.32, 3.46)}, {'text': 'predicados', 'timestamp': (3.54, 4.16)}, {'text': 'saiba', 'timestamp': (4.8, 5.08)}, {'text': 'interpretar', 'timestamp': (5.18, 5.94)}, {'text': 'e', 'timestamp': (6.64, 6.66)}, {'text': 'tenha', 'timestamp': (6.82, 7.12)}, {'text': 'uma', 'timestamp': (7.2, 7.28)}, {'text': 'boa', 'timestamp': (7.36, 7.52)}, {'text': 'voz', 'timestamp': (7.64, 8.04)}, {'text': 'e', 'timestamp': (8.16, 8.18)}, {'text': 'conhecimentos', 'timestamp': (8.26, 8.74)}, {'text': 'musicais', 'timestamp': (8.82, 9.26)}, {'text': 'que', 'timestamp': (10.12, 10.2)}, {'text': 'eu', 'timestamp': (10.24, 10.34)}, {'text': 'disse', 'timestamp': (10.86, 11.08)}, {'text': 'a', 'timestamp': (11.14, 11.16)}, {'text': 'ela', 'timestamp': (11.22, 11.32)}, {'text': 'que', 'timestamp': (11.4, 11.48)}, {'text': 'ela', 'timestamp': (11.54, 12.26)}, {'text': 'ainda', 'timestamp': (12.28, 12.44)}, {'text': 'não', 'timestamp': (12.52, 12.6)}, {'text': 'se', 'timestamp': (12.68, 12.74)}, {'text': 'conhecia', 'timestamp': (12.9, 13.56)}, {'text': 'ela', 'timestamp': (13.58, 13.68)}, {'text': 'ainda', 'timestamp': (13.7, 13.84)}, {'text': 'não', 'timestamp': (13.88, 13.96)}, {'text': 'tinha', 'timestamp': (14.08, 14.24)}, {'text': 'se', 'timestamp': (14.32, 14.36)}, {'text': 'percorrido', 'timestamp': (14.46, 15.0)}, {'text': 'porque', 'timestamp': (15.14, 15.32)}, {'text': 'ela', 'timestamp': (15.38, 15.46)}, {'text': 'poderia', 'timestamp': (15.58, 16.0)}, {'text': 'ser', 'timestamp': (16.22, 16.36)}, {'text': 'a', 'timestamp': (16.88, 16.9)}, {'text': 'estrela', 'timestamp': (16.96, 17.34)}, {'text': 'de', 'timestamp': (17.42, 17.46)}, {'text': 'um', 'timestamp': (17.5, 17.54)}, {'text': 'grande', 'timestamp': (17.64, 17.86)}, {'text': 'musical', 'timestamp': (17.98, 18.4)}];0,0784313725490196;0,0784313725490196;0,11604641856742703;0,052434456928838954
./audios/SP_D2_333_1598.2279_1600.2232.wav;1598,2279;1600,2232;por causa da força interpretativa dela;por causa da força interpretativa dela;1,9952999999998156;por causa da força interpretativa de ar;;[{'text': 'por', 'timestamp': (0.0, 0.06)}, {'text': 'causa', 'timestamp': (0.1, 0.22)}, {'text': 'da', 'timestamp': (0.26, 0.3)}, {'text': 'força', 'timestamp': (0.46, 0.74)}, {'text': 'interpretativa', 'timestamp': (0.82, 1.58)}, {'text': 'de', 'timestamp': (1.68, 1.74)}, {'text': 'ar', 'timestamp': (1.78, 1.9)}];0,3333333333333333;0,2857142857142857;0,40476190476190477;0,05263157894736842
./audios/SP_D2_333_1600.7951_1602.32389.wav;1600,7951;1602,32389;que não é comum... não é?;que não é comum não é;1,5287899999998444;que não é comum o;;[{'text': 'que', 'timestamp': (0.02, 0.1)}, {'text': 'não', 'timestamp': (0.12, 0.2)}, {'text': 'é', 'timestamp': (0.24, 0.26)}, {'text': 'comum', 'timestamp': (0.38, 0.62)}, {'text': 'o', 'timestamp': (1.34, 1.36)}];0,3333333333333333;0,3333333333333333;0,4666666666666667;0,19047619047619047
./audios/SP_D2_333_1602.32389_1607.04344.wav;1602,32389;1607,04344;nó/ nós temos às vezes grandes cantores popula::res... mas que não SAbem interpretar;nó nós temos às vezes grandes cantores populares mas que não sabem interpretar;4,719550000000027;nós temos às vezes grandes creditore populares mas que não sabem interpretar;;[{'text': 'nós', 'timestamp': (0.0, 0.32)}, {'text': 'temos', 'timestamp': (0.42, 0.66)}, {'text': 'às', 'timestamp': (0.72, 0.78)}, {'text': 'vezes', 'timestamp': (0.82, 0.98)}, {'text': 'grandes', 'timestamp': (1.06, 1.34)}, {'text': 'creditore', 'timestamp': (1.42, 1.76)}, {'text': 'populares', 'timestamp': (1.9, 2.5)}, {'text': 'mas', 'timestamp': (3.12, 3.24)}, {'text': 'que', 'timestamp': (3.36, 3.44)}, {'text': 'não', 'timestamp': (3.5, 3.6)}, {'text': 'sabem', 'timestamp': (3.84, 4.16)}, {'text': 'interpretar', 'timestamp': (4.22, 4.66)}];0,15384615384615385;0,15384615384615385;0,22435897435897445;0,10256410256410256
./audios/SP_D2_333_1607.04344_1608.92304.wav;1607,04344;1608,92304;às vezes não sabem nem sequer dizer::;às vezes não sabem nem sequer dizer;1,8795999999999822;às vezes não sabem nem sequer dizer;;[{'text': 'às', 'timestamp': (0.08, 0.12)}, {'text': 'vezes', 'timestamp': (0.14, 0.26)}, {'text': 'não', 'timestamp': (0.32, 0.38)}, {'text': 'sabem', 'timestamp': (0.44, 0.6)}, {'text': 'nem', 'timestamp': (0.68, 0.76)}, {'text': 'sequer', 'timestamp': (0.86, 1.14)}, {'text': 'dizer', 'timestamp': (1.28, 1.62)}];0,0;0,0;0,0;0,0
./audios/SP_D2_333_1609.20203_1610.74962.wav;1609,20203;1610,74962;as palavras se perdem;as palavras se perdem;1,5475900000001275;as palavras se perdem;;[{'text': 'as', 'timestamp': (0.08, 0.12)}, {'text': 'palavras', 'timestamp': (0.2, 0.62)}, {'text': 'se', 'timestamp': (0.72, 0.76)}, {'text': 'perdem', 'timestamp': (0.9, 1.34)}];0,0;0,0;0,0;0,0
./audios/SP_D2_333_1611.50787_1612.15919.wav;1611,50787;1612,15919;e ela não;e ela não;0,6513200000001689;e ela não;;[{'text': 'e', 'timestamp': (1.06, 1.08)}, {'text': 'ela', 'timestamp': (1.18, 1.32)}, {'text': 'não', 'timestamp': (1.44, 1.56)}];0,0;0,0;0,0;0,0
./audios/SP_D2_333_1612.15919_1615.00806.wav;1612,15919;1615,00806;ela:: ela interpreta magnificamente;ela ela interpreta magnificamente;2,848869999999806;ela era interpreta magnificamente;;[{'text': 'ela', 'timestamp': (0.1, 0.26)}, {'text': 'era', 'timestamp': (0.7, 0.82)}, {'text': 'interpreta', 'timestamp': (0.88, 1.62)}, {'text': 'magnificamente', 'timestamp': (1.72, 2.56)}];0,25;0,25;0,4375;0,030303030303030304
./audios/SP_D2_333_1620.63535_1621.39081.wav;1620,63535;1621,39081;(que) [acho que não;que acho que não;0,7554600000000846;que o anão ela tem;;[{'text': 'que', 'timestamp': (0.98, 1.06)}, {'text': 'o', 'timestamp': (1.12, 1.14)}, {'text': 'anão', 'timestamp': (1.2, 1.48)}, {'text': 'ela', 'timestamp': (1.56, 1.66)}, {'text': 'tem', 'timestamp': (1.74, 1.9)}];1,0;0,8;0,95;0,625
./audios/SP_D2_333_1623.31121_1624.85319.wav;1623,31121;1624,85319;[é mas eu acho [que não Isa;é mas eu acho que não isa;1,5419799999999668;é mas eu acho disquete;;[{'text': 'é', 'timestamp': (0.06, 0.08)}, {'text': 'mas', 'timestamp': (0.26, 0.4)}, {'text': 'eu', 'timestamp': (0.5, 0.56)}, {'text': 'acho', 'timestamp': (0.64, 0.88)}, {'text': 'disquete', 'timestamp': (1.02, 1.48)}];0,42857142857142855;0,42857142857142855;0,5428571428571429;0,44
./audios/SP_D2_333_1625.12_1628.38912.wav;1625,12;1628,38912;eu acho que o maestro Júlio Medaglia ele é Meda-gli-a;eu acho que o maestro júlio medaglia ele é medaglia;3,2691200000001572;eu acho que a esta o juro na islândia ele é medaglia;;[{'text': 'eu', 'timestamp': (0.06, 0.16)}, {'text': 'acho', 'timestamp': (0.26, 0.38)}, {'text': 'que', 'timestamp': (0.42, 0.48)}, {'text': 'a', 'timestamp': (0.5, 0.52)}, {'text': 'esta', 'timestamp': (0.72, 0.96)}, {'text': 'o', 'timestamp': (1.0, 1.02)}, {'text': 'juro', 'timestamp': (1.1, 1.26)}, {'text': 'na', 'timestamp': (1.3, 1.36)}, {'text': 'islândia', 'timestamp': (1.44, 1.84)}, {'text': 'ele', 'timestamp': (2.0, 2.1)}, {'text': 'é', 'timestamp': (2.14, 2.18)}, {'text': 'medaglia', 'timestamp': (2.24, 3.08)}];0,5;0,4166666666666667;0,5916666666666667;0,3137254901960784
./audios/SP_D2_333_1628.56765_1630.68665.wav;1628,56765;1630,68665;e ela é Medalha de [Medalha com ele agá;e ela é medalha de medalha com ele agá;2,119000000000142;e ela é metade de metade para viajar;;[{'text': 'e', 'timestamp': (0.04, 0.06)}, {'text': 'ela', 'timestamp': (0.1, 0.2)}, {'text': 'é', 'timestamp': (0.24, 0.26)}, {'text': 'metade', 'timestamp': (0.32, 0.9)}, {'text': 'de', 'timestamp': (0.96, 1.0)}, {'text': 'metade', 'timestamp': (1.06, 1.38)}, {'text': 'para', 'timestamp': (1.46, 1.64)}, {'text': 'viajar', 'timestamp': (1.7, 1.98)}];0,5555555555555556;0,5555555555555556;0,7777777777777778;0,47368421052631576
./audios/SP_D2_333_1631.96358_1632.3853.wav;1631,96358;1632,3853;não não;não não;0,4217199999998229;não não;;[{'text': 'não', 'timestamp': (1.08, 1.18)}, {'text': 'não', 'timestamp': (1.22, 1.32)}];0,0;0,0;0,0;0,0
./audios/SP_D2_333_1633.00215_1633.63788.wav;1633,00215;1633,63788;parece que não;parece que não;0,6357299999999668;e parece que não;;[{'text': 'e', 'timestamp': (1.04, 1.06)}, {'text': 'parece', 'timestamp': (1.12, 1.32)}, {'text': 'que', 'timestamp': (1.38, 1.44)}, {'text': 'não', 'timestamp': (1.48, 1.58)}];0,3333333333333333;0,25;0,25;0,14285714285714285
./audios/SP_D2_333_1634.36681_1637.56921.wav;1634,36681;1637,56921;eu não POsso jurar sobre os evangelhos mas me parece que não;eu não posso jurar sobre os evangelhos mas me parece que não;3,202400000000125;eu não posso jurar sobre os evangélios mas me parece que não;;[{'text': 'eu', 'timestamp': (0.04, 0.08)}, {'text': 'não', 'timestamp': (0.14, 0.22)}, {'text': 'posso', 'timestamp': (0.48, 0.86)}, {'text': 'jurar', 'timestamp': (1.0, 1.24)}, {'text': 'sobre', 'timestamp': (1.32, 1.48)}, {'text': 'os', 'timestamp': (1.52, 1.56)}, {'text': 'evangélios', 'timestamp': (1.64, 2.1)}, {'text': 'mas', 'timestamp': (2.16, 2.26)}, {'text': 'me', 'timestamp': (2.32, 2.36)}, {'text': 'parece', 'timestamp': (2.46, 2.76)}, {'text': 'que', 'timestamp': (2.88, 2.94)}, {'text': 'não', 'timestamp': (3.06, 3.16)}];0,08333333333333333;0,08333333333333333;0,15972222222222232;0,03333333333333333
./audios/SP_D2_333_1638.61403_1643.01081.wav;1638,61403;1643,01081;hã:: ela seria Medalha [com ele agá... [e ele é MeDA-glia;ah ela seria medalha com ele agá e ele é medaglia;4,396780000000035;ah ela seria medalha acho que ela mora fosse ele;;[{'text': 'ah', 'timestamp': (0.1, 0.2)}, {'text': 'ela', 'timestamp': (0.56, 0.68)}, {'text': 'seria', 'timestamp': (0.78, 1.0)}, {'text': 'medalha', 'timestamp': (1.1, 1.6)}, {'text': 'acho', 'timestamp': (1.82, 1.9)}, {'text': 'que', 'timestamp': (1.92, 2.0)}, {'text': 'ela', 'timestamp': (2.06, 2.12)}, {'text': 'mora', 'timestamp': (2.18, 2.32)}, {'text': 'fosse', 'timestamp': (2.56, 2.84)}, {'text': 'ele', 'timestamp': (2.92, 3.02)}];0,6363636363636364;0,5833333333333334;0,7727272727272727;0,4489795918367347
./audios/SP_D2_333_1647.11503_1647.61381.wav;1647,11503;1647,61381;uhum;aham;0,49878000000012435;e;;[{'text': 'e', 'timestamp': (0.86, 0.92)}];1,0;1,0;1,0;1,0
./audios/SP_D2_333_1648.1536_1650.2.wav;1648,1536;1650,2;a irmã dela eu conheço que é jornalista né?;a irmã dela eu conheço que é jornalista né;2,0463999999999487;a irma dela eu conto que é jornalista né;;[{'text': 'a', 'timestamp': (0.06, 0.08)}, {'text': 'irma', 'timestamp': (0.14, 0.28)}, {'text': 'dela', 'timestamp': (0.42, 0.58)}, {'text': 'eu', 'timestamp': (0.6, 0.66)}, {'text': 'conto', 'timestamp': (0.72, 1.04)}, {'text': 'que', 'timestamp': (1.06, 1.14)}, {'text': 'é', 'timestamp': (1.18, 1.2)}, {'text': 'jornalista', 'timestamp': (1.24, 1.78)}, {'text': 'né', 'timestamp': (1.86, 1.9)}];0,2222222222222222;0,2222222222222222;0,3950617283950617;0,09523809523809523
./audios/SP_D2_333_1650.2_1651.44.wav;1650,2;1651,44;é uma moça jornalista;é uma moça jornalista;1,240000000000009;minha uma nossa germanista;;[{'text': 'minha', 'timestamp': (0.0, 0.18)}, {'text': 'uma', 'timestamp': (0.2, 0.28)}, {'text': 'nossa', 'timestamp': (0.34, 0.5)}, {'text': 'germanista', 'timestamp': (0.58, 1.16)}];0,75;0,75;0,9375;0,5714285714285714
./audios/SP_D2_333_1652.78985_1653.39925.wav;1652,78985;1653,39925;poetisa;poetisa;0,6094000000000506;intimes;;[{'text': 'intimes', 'timestamp': (1.12, 1.44)}];1,0;1,0;1,0;0,8571428571428571
./audios/SP_D2_333_1659.88682_1660.81612.wav;1659,88682;1660,81612;[o cinema nacional?;o cinema nacional;0,929300000000012;não se leva lecionar;;[{'text': 'não', 'timestamp': (1.02, 1.1)}, {'text': 'se', 'timestamp': (1.14, 1.18)}, {'text': 'leva', 'timestamp': (1.24, 1.38)}, {'text': 'lecionar', 'timestamp': (1.44, 1.84)}];1,3333333333333333;1,0;1,0;0,5882352941176471
./audios/SP_D2_333_1663.31081_1667.06284.wav;1663,31081;1667,06284;olha o cinema na/ o atu/ o atual brasileiro eu tenho visto muito pouco;olha o cinema na o atu o atual brasileiro eu tenho visto muito pouco;3,7520300000001043;olha o cinema do at atual brasileiro que eu tenho visto muito pouco;;[{'text': 'olha', 'timestamp': (0.1, 0.24)}, {'text': 'o', 'timestamp': (0.36, 0.38)}, {'text': 'cinema', 'timestamp': (0.48, 0.74)}, {'text': 'do', 'timestamp': (0.96, 1.12)}, {'text': 'at', 'timestamp': (1.24, 1.32)}, {'text': 'atual', 'timestamp': (1.6, 1.82)}, {'text': 'brasileiro', 'timestamp': (1.92, 2.5)}, {'text': 'que', 'timestamp': (2.64, 2.7)}, {'text': 'eu', 'timestamp': (2.74, 2.78)}, {'text': 'tenho', 'timestamp': (2.82, 2.94)}, {'text': 'visto', 'timestamp': (3.02, 3.14)}, {'text': 'muito', 'timestamp': (3.2, 3.32)}, {'text': 'pouco', 'timestamp': (3.42, 3.66)}];0,35714285714285715;0,3333333333333333;0,4505494505494505;0,14705882352941177
./audios/SP_D2_333_1667.68202_1673.81097.wav;1667,68202;1673,81097;eu vi:: o ano passado um filme que me deixou MUIto impressionada... porque esse filme;eu vi o ano passado um filme que me deixou muito impressionada porque esse filme;6,128950000000032;eu vi o ano passado um filme que me deixou muito impressionada porque esse filme;;[{'text': 'eu', 'timestamp': (0.06, 0.14)}, {'text': 'vi', 'timestamp': (0.32, 0.38)}, {'text': 'o', 'timestamp': (0.9, 0.92)}, {'text': 'ano', 'timestamp': (1.04, 1.2)}, {'text': 'passado', 'timestamp': (1.3, 1.84)}, {'text': 'um', 'timestamp': (1.96, 2.02)}, {'text': 'filme', 'timestamp': (2.16, 2.36)}, {'text': 'que', 'timestamp': (2.44, 2.52)}, {'text': 'me', 'timestamp': (2.58, 2.62)}, {'text': 'deixou', 'timestamp': (2.7, 3.14)}, {'text': 'muito', 'timestamp': (3.48, 3.76)}, {'text': 'impressionada', 'timestamp': (3.86, 4.46)}, {'text': 'porque', 'timestamp': (4.98, 5.2)}, {'text': 'esse', 'timestamp': (5.34, 5.5)}, {'text': 'filme', 'timestamp': (5.66, 5.94)}];0,0;0,0;0,0;0,0
./audios/SP_D2_333_1673.81097_1676.00998.wav;1673,81097;1676,00998;aliás vi dois filmes... nacionais;aliás vi dois filmes nacionais;2,199010000000044;aliás de dois sinos nacionais;;[{'text': 'aliás', 'timestamp': (0.08, 0.28)}, {'text': 'de', 'timestamp': (0.34, 0.38)}, {'text': 'dois', 'timestamp': (0.48, 0.64)}, {'text': 'sinos', 'timestamp': (0.74, 0.96)}, {'text': 'nacionais', 'timestamp': (1.44, 1.88)}];0,4;0,4;0,64;0,2
./audios/SP_D2_333_1677.03534_1702.59631.wav;1677,03534;1702,59631;é A Rainha DiAba... que me pareceu assim CEM por cento nacional... sem nenhuma influência... éh hã daqueles:: ah filmes... de gângsters americanos né? que era um marginal bem NO::sso... aquele marginal pobre triste com as... peculiaridades NOssas do submundo nosso... e:: aquele tirado da:: do Marques Rebelo A Estrela Sobe;é a rainha diaba que me pareceu assim cem por cento nacional sem nenhuma influência eh ah daqueles ah filmes de gângsters americanos né que era um marginal bem nosso aquele marginal pobre triste com as peculiaridades nossas do submundo nosso e aquele tirado da do marques rebelo a estrela sobe;25,560969999999998;é a raimediato que me pareceu assim o nacional sem nenhuma influência daqueles filmes de cantar de americano né que era um marginal bem nosso aquele marginal pobre triste com as peculiaridades nossas do submundo nosso e aquele tirado da do mal estrela sob;;[{'text': 'é', 'timestamp': (0.04, 0.06)}, {'text': 'a', 'timestamp': (0.14, 0.16)}, {'text': 'raimediato', 'timestamp': (0.24, 0.88)}, {'text': 'que', 'timestamp': (1.36, 1.44)}, {'text': 'me', 'timestamp': (1.5, 1.56)}, {'text': 'pareceu', 'timestamp': (1.64, 2.02)}, {'text': 'assim', 'timestamp': (2.06, 2.64)}, {'text': 'o', 'timestamp': (3.26, 3.28)}, {'text': 'nacional', 'timestamp': (3.34, 3.78)}, {'text': 'sem', 'timestamp': (4.34, 4.42)}, {'text': 'nenhuma', 'timestamp': (4.48, 4.7)}, {'text': 'influência', 'timestamp': (4.76, 5.56)}, {'text': 'daqueles', 'timestamp': (6.76, 7.18)}, {'text': 'filmes', 'timestamp': (7.86, 8.22)}, {'text': 'de', 'timestamp': (8.82, 8.86)}, {'text': 'cantar', 'timestamp': (9.0, 9.46)}, {'text': 'de', 'timestamp': (9.56, 9.6)}, {'text': 'americano', 'timestamp': (9.68, 10.24)}, {'text': 'né', 'timestamp': (10.36, 10.4)}, {'text': 'que', 'timestamp': (10.5, 10.58)}, {'text': 'era', 'timestamp': (10.62, 10.68)}, {'text': 'um', 'timestamp': (10.7, 10.76)}, {'text': 'marginal', 'timestamp': (10.78, 11.18)}, {'text': 'bem', 'timestamp': (11.34, 11.5)}, {'text': 'nosso', 'timestamp': (11.64, 12.22)}, {'text': 'aquele', 'timestamp': (13.12, 13.36)}, {'text': 'marginal', 'timestamp': (13.44, 13.86)}, {'text': 'pobre', 'timestamp': (14.1, 14.54)}, {'text': 'triste', 'timestamp': (14.78, 15.16)}, {'text': 'com', 'timestamp': (15.26, 15.34)}, {'text': 'as', 'timestamp': (15.38, 15.48)}, {'text': 'peculiaridades', 'timestamp': (17.32, 18.14)}, {'text': 'nossas', 'timestamp': (18.28, 18.84)}, {'text': 'do', 'timestamp': (18.9, 18.94)}, {'text': 'submundo', 'timestamp': (19.08, 19.62)}, {'text': 'nosso', 'timestamp': (19.74, 20.18)}, {'text': 'e', 'timestamp': (21.14, 21.16)}, {'text': 'aquele', 'timestamp': (21.6, 21.98)}, {'text': 'tirado', 'timestamp': (22.16, 22.6)}, {'text': 'da', 'timestamp': (22.76, 22.82)}, {'text': 'do', 'timestamp': (23.3, 23.36)}, {'text': 'mal', 'timestamp': (23.46, 23.74)}, {'text': 'estrela', 'timestamp': (23.86, 24.22)}, {'text': 'sob', 'timestamp': (24.44, 24.72)}];0,29411764705882354;0,28846153846153844;0,38992869875222813;0,17064846416382254
./audios/SP_D2_333_1702.97694_1706.55208.wav;1702,97694;1706,55208;que eu também achei magnífico... como retrato de uma época;que eu também achei magnífico como retrato de uma época;3,5751399999999194;que eu também achei magnífico como o retrato de uma época;;[{'text': 'que', 'timestamp': (0.02, 0.08)}, {'text': 'eu', 'timestamp': (0.1, 0.16)}, {'text': 'também', 'timestamp': (0.22, 0.44)}, {'text': 'achei', 'timestamp': (0.54, 0.76)}, {'text': 'magnífico', 'timestamp': (0.84, 1.48)}, {'text': 'como', 'timestamp': (1.86, 1.98)}, {'text': 'o', 'timestamp': (2.02, 2.04)}, {'text': 'retrato', 'timestamp': (2.12, 2.68)}, {'text': 'de', 'timestamp': (2.76, 2.8)}, {'text': 'uma', 'timestamp': (2.84, 2.92)}, {'text': 'época', 'timestamp': (3.02, 3.42)}];0,1;0,09090909090909091;0,09090909090909094;0,03636363636363636
./audios/SP_D2_333_1707.05162_1709.92615.wav;1707,05162;1709,92615;como justiça que o cinema fez a um grande escritor;como justiça que o cinema fez a um grande escritor;2,8745300000000498;como a justiça que o cinema fez é um grande escritor;;[{'text': 'como', 'timestamp': (0.02, 0.12)}, {'text': 'a', 'timestamp': (0.18, 0.2)}, {'text': 'justiça', 'timestamp': (0.26, 0.78)}, {'text': 'que', 'timestamp': (0.88, 0.96)}, {'text': 'o', 'timestamp': (0.98, 1.0)}, {'text': 'cinema', 'timestamp': (1.06, 1.34)}, {'text': 'fez', 'timestamp': (1.44, 1.58)}, {'text': 'é', 'timestamp': (1.62, 1.64)}, {'text': 'um', 'timestamp': (1.66, 1.72)}, {'text': 'grande', 'timestamp': (1.8, 2.02)}, {'text': 'escritor', 'timestamp': (2.08, 2.54)}];0,2;0,18181818181818182;0,26363636363636356;0,06
./audios/SP_D2_333_1710.47494_1711.45707.wav;1710,47494;1711,45707;que foi Marques Rebelo;que foi marques rebelo;0,98212999999987;foi marques fedele;;[{'text': 'foi', 'timestamp': (1.06, 1.16)}, {'text': 'marques', 'timestamp': (1.24, 1.46)}, {'text': 'fedele', 'timestamp': (1.52, 1.9)}];0,5;0,5;0,6666666666666667;0,3181818181818182
./audios/SP_D2_333_1711.93629_1715.96.wav;1711,93629;1715,96;então são dois filmes... foram acho que foram os [dois únicos filmes ( );então são dois filmes foram acho que foram os dois únicos filmes;4,023709999999937;então são dois filmes foram acho que foram os dois dos esperaram a muralha;;[{'text': 'então', 'timestamp': (0.04, 0.22)}, {'text': 'são', 'timestamp': (0.44, 0.52)}, {'text': 'dois', 'timestamp': (0.62, 0.76)}, {'text': 'filmes', 'timestamp': (0.88, 1.12)}, {'text': 'foram', 'timestamp': (1.72, 1.86)}, {'text': 'acho', 'timestamp': (1.92, 2.04)}, {'text': 'que', 'timestamp': (2.08, 2.18)}, {'text': 'foram', 'timestamp': (2.44, 2.56)}, {'text': 'os', 'timestamp': (2.58, 2.64)}, {'text': 'dois', 'timestamp': (2.68, 2.78)}, {'text': 'dos', 'timestamp': (2.82, 2.98)}, {'text': 'esperaram', 'timestamp': (3.04, 3.42)}, {'text': 'a', 'timestamp': (3.44, 3.46)}, {'text': 'muralha', 'timestamp': (3.52, 3.84)}];0,3333333333333333;0,2857142857142857;0,40476190476190477;0,328125
./audios/SP_D2_333_1716.61021_1718.6.wav;1716,61021;1718,6;agora [vamos ver se vai sair A Muralha né?;agora vamos ver se vai sair a muralha né;1,9897899999998572;agora no vi vai sair da muralha né;;[{'text': 'agora', 'timestamp': (0.04, 0.2)}, {'text': 'no', 'timestamp': (0.26, 0.36)}, {'text': 'vi', 'timestamp': (0.46, 0.52)}, {'text': 'vai', 'timestamp': (0.8, 0.88)}, {'text': 'sair', 'timestamp': (0.98, 1.14)}, {'text': 'da', 'timestamp': (1.18, 1.22)}, {'text': 'muralha', 'timestamp': (1.3, 1.66)}, {'text': 'né', 'timestamp': (1.72, 1.76)}];0,4444444444444444;0,4444444444444444;0,6527777777777778;0,25
./audios/SP_D2_333_1718.91268_1719.35976.wav;1718,91268;1719,35976;vamos ver;vamos ver;0,4470800000001418;a não ser;;[{'text': 'a', 'timestamp': (1.0, 1.02)}, {'text': 'não', 'timestamp': (1.06, 1.14)}, {'text': 'ser', 'timestamp': (1.24, 1.36)}];1,5;1,0;1,0;0,6666666666666666
./audios/SP_D2_333_1719.35976_1720.86079.wav;1719,35976;1720,86079;está há [tanto tempo prometida;está há tanto tempo prometida;1,5010299999999006;atestamentida;;[{'text': 'atestamentida', 'timestamp': (0.26, 1.4)}];1,0;1,0;1,0;0,7241379310344828
./audios/SP_D2_333_1724.12_1728.51221.wav;1724,12;1728,51221;[mas agora estão dizendo que estão passando aí um filme muito bom O Predileto não é?;mas agora estão dizendo que estão passando aí um filme muito bom o predileto não é;4,392210000000205;mas agora eu estou dizendo que estão passando aí em um filme muito bom predileto não;;[{'text': 'mas', 'timestamp': (0.08, 0.2)}, {'text': 'agora', 'timestamp': (0.26, 0.44)}, {'text': 'eu', 'timestamp': (0.46, 0.5)}, {'text': 'estou', 'timestamp': (0.52, 0.66)}, {'text': 'dizendo', 'timestamp': (0.7, 1.06)}, {'text': 'que', 'timestamp': (1.18, 1.26)}, {'text': 'estão', 'timestamp': (1.4, 1.58)}, {'text': 'passando', 'timestamp': (1.72, 2.16)}, {'text': 'aí', 'timestamp': (2.24, 2.3)}, {'text': 'em', 'timestamp': (2.34, 2.4)}, {'text': 'um', 'timestamp': (2.42, 2.46)}, {'text': 'filme', 'timestamp': (2.58, 2.78)}, {'text': 'muito', 'timestamp': (2.9, 3.04)}, {'text': 'bom', 'timestamp': (3.18, 3.34)}, {'text': 'predileto', 'timestamp': (3.5, 4.14)}, {'text': 'não', 'timestamp': (4.22, 4.28)}];0,3125;0,2777777777777778;0,33984375;0,14634146341463414
./audios/SP_D2_333_1728.73481_1729.52.wav;1728,73481;1729,52;você ouviu falar?;você ouviu falar;0,7851900000000569;você ouviu falar;;[{'text': 'você', 'timestamp': (1.04, 1.18)}, {'text': 'ouviu', 'timestamp': (1.22, 1.38)}, {'text': 'falar', 'timestamp': (1.46, 1.62)}];0,0;0,0;0,0;0,0
./audios/SP_D2_333_1730.0_1732.4665.wav;1730,0;1732,4665;[diz que é um filme também nesta linha brasileira;diz que é um filme também nesta linha brasileira;2,4664999999999964;isso que é um costume também nesta linha brasileira;;[{'text': 'isso', 'timestamp': (0.1, 0.22)}, {'text': 'que', 'timestamp': (0.24, 0.3)}, {'text': 'é', 'timestamp': (0.32, 0.34)}, {'text': 'um', 'timestamp': (0.36, 0.4)}, {'text': 'costume', 'timestamp': (0.44, 0.7)}, {'text': 'também', 'timestamp': (0.76, 1.04)}, {'text': 'nesta', 'timestamp': (1.1, 1.4)}, {'text': 'linha', 'timestamp': (1.52, 1.76)}, {'text': 'brasileira', 'timestamp': (1.88, 2.36)}];0,2222222222222222;0,2222222222222222;0,3950617283950617;0,1875
./audios/SP_D2_333_1732.91331_1740.96422.wav;1732,91331;1740,96422;até achei graça uma amiga minha disse ''eu gostei muito do filme... porque ele tem sobretudo... uma cafonice bem [brasileira;até achei graça uma amiga minha disse eu gostei muito do filme porque ele tem sobretudo uma cafonice bem brasileira;8,050910000000158;até achei graça uma amiga minha disse eu gostei muito do filme porque ele tem sobretudo uma cafonice bem brasileira;;[{'text': 'até', 'timestamp': (0.06, 0.18)}, {'text': 'achei', 'timestamp': (0.28, 0.48)}, {'text': 'graça', 'timestamp': (0.54, 0.76)}, {'text': 'uma', 'timestamp': (0.86, 0.92)}, {'text': 'amiga', 'timestamp': (0.96, 1.2)}, {'text': 'minha', 'timestamp': (1.3, 1.48)}, {'text': 'disse', 'timestamp': (1.58, 1.86)}, {'text': 'eu', 'timestamp': (2.08, 2.14)}, {'text': 'gostei', 'timestamp': (2.2, 2.48)}, {'text': 'muito', 'timestamp': (2.6, 2.78)}, {'text': 'do', 'timestamp': (2.88, 2.94)}, {'text': 'filme', 'timestamp': (3.08, 3.34)}, {'text': 'porque', 'timestamp': (3.86, 4.04)}, {'text': 'ele', 'timestamp': (4.1, 4.18)}, {'text': 'tem', 'timestamp': (4.28, 4.38)}, {'text': 'sobretudo', 'timestamp': (4.6, 5.18)}, {'text': 'uma', 'timestamp': (5.74, 5.82)}, {'text': 'cafonice', 'timestamp': (5.94, 6.66)}, {'text': 'bem', 'timestamp': (6.82, 6.96)}, {'text': 'brasileira', 'timestamp': (7.08, 7.82)}];0,0;0,0;0,0;0,0
./audios/SP_D2_333_1741.34908_1743.47161.wav;1741,34908;1743,47161;retratando determinado mundo'';retratando determinado mundo;2,122530000000097;retratando um determinado mundo;;[{'text': 'retratando', 'timestamp': (0.08, 0.72)}, {'text': 'um', 'timestamp': (0.8, 0.84)}, {'text': 'determinado', 'timestamp': (0.88, 1.48)}, {'text': 'mundo', 'timestamp': (1.64, 1.96)}];0,3333333333333333;0,25;0,25;0,10714285714285714
./audios/SP_D2_333_1743.89679_1754.55215.wav;1743,89679;1754,55215;eu acho que é muito bom... que o Brasil em literatura pelos seus grandes escritores há bastante tempo... já deixou de ter o seu cordão umbilical... preso à Europa;eu acho que é muito bom que o brasil em literatura pelos seus grandes escritores há bastante tempo já deixou de ter o seu cordão umbilical preso à europa;10,655359999999973;eu acho que é muito bom que o brasil e em literatura e pelos seus grandes escritores há bastante tempo já deixou de ter o seu cordão bilica preso a europa;;[{'text': 'eu', 'timestamp': (0.02, 0.1)}, {'text': 'acho', 'timestamp': (0.14, 0.24)}, {'text': 'que', 'timestamp': (0.28, 0.34)}, {'text': 'é', 'timestamp': (0.38, 0.4)}, {'text': 'muito', 'timestamp': (0.44, 0.62)}, {'text': 'bom', 'timestamp': (0.78, 0.94)}, {'text': 'que', 'timestamp': (1.96, 2.04)}, {'text': 'o', 'timestamp': (2.08, 2.1)}, {'text': 'brasil', 'timestamp': (2.16, 2.52)}, {'text': 'e', 'timestamp': (2.54, 2.56)}, {'text': 'em', 'timestamp': (2.62, 2.68)}, {'text': 'literatura', 'timestamp': (2.74, 3.52)}, {'text': 'e', 'timestamp': (3.58, 3.6)}, {'text': 'pelos', 'timestamp': (3.76, 3.92)}, {'text': 'seus', 'timestamp': (3.98, 4.12)}, {'text': 'grandes', 'timestamp': (4.2, 4.48)}, {'text': 'escritores', 'timestamp': (4.6, 5.14)}, {'text': 'há', 'timestamp': (5.18, 5.24)}, {'text': 'bastante', 'timestamp': (5.3, 5.6)}, {'text': 'tempo', 'timestamp': (5.74, 5.92)}, {'text': 'já', 'timestamp': (6.8, 6.86)}, {'text': 'deixou', 'timestamp': (6.98, 7.52)}, {'text': 'de', 'timestamp': (7.64, 7.7)}, {'text': 'ter', 'timestamp': (7.84, 7.96)}, {'text': 'o', 'timestamp': (8.0, 8.02)}, {'text': 'seu', 'timestamp': (8.08, 8.18)}, {'text': 'cordão', 'timestamp': (8.28, 8.7)}, {'text': 'bilica', 'timestamp': (8.8, 9.28)}, {'text': 'preso', 'timestamp': (9.68, 9.9)}, {'text': 'a', 'timestamp': (9.96, 9.98)}, {'text': 'europa', 'timestamp': (10.0, 10.48)}];0,13793103448275862;0,12903225806451613;0,1890989988876529;0,05228758169934641
./audios/SP_D2_333_1755.51683_1772.19371.wav;1755,51683;1772,19371;e:: e todo o::... toda a América Latina já se desprendeu... desse cordão umbilical fazendo uma literatura muito... da terra muito do homem... nativo... que é o caso de Gabriel Garcia Marquez... e de tantos outros;e e todo o toda a américa latina já se desprendeu desse cordão umbilical fazendo uma literatura muito da terra muito do homem nativo que é o caso de gabriel garcia marquez e de tantos outros;16,676879999999983;e toda a américa latina já se desprendeu desse cordão medical fazendo uma literatura muito da terra muito do homem nativo que o caso de gabriel garcia marques e de tantos outros;;[{'text': 'e', 'timestamp': (0.04, 0.06)}, {'text': 'toda', 'timestamp': (2.8, 2.94)}, {'text': 'a', 'timestamp': (2.98, 3.0)}, {'text': 'américa', 'timestamp': (3.06, 3.44)}, {'text': 'latina', 'timestamp': (3.52, 4.1)}, {'text': 'já', 'timestamp': (4.3, 4.36)}, {'text': 'se', 'timestamp': (4.66, 4.72)}, {'text': 'desprendeu', 'timestamp': (4.8, 5.5)}, {'text': 'desse', 'timestamp': (6.5, 6.76)}, {'text': 'cordão', 'timestamp': (6.86, 7.14)}, {'text': 'medical', 'timestamp': (7.22, 7.58)}, {'text': 'fazendo', 'timestamp': (7.7, 8.0)}, {'text': 'uma', 'timestamp': (8.06, 8.16)}, {'text': 'literatura', 'timestamp': (8.22, 8.84)}, {'text': 'muito', 'timestamp': (9.0, 9.32)}, {'text': 'da', 'timestamp': (9.82, 9.88)}, {'text': 'terra', 'timestamp': (10.06, 10.46)}, {'text': 'muito', 'timestamp': (10.6, 10.78)}, {'text': 'do', 'timestamp': (10.86, 10.92)}, {'text': 'homem', 'timestamp': (11.0, 11.38)}, {'text': 'nativo', 'timestamp': (12.12, 12.68)}, {'text': 'que', 'timestamp': (12.8, 13.22)}, {'text': 'o', 'timestamp': (13.28, 13.32)}, {'text': 'caso', 'timestamp': (13.38, 13.54)}, {'text': 'de', 'timestamp': (13.58, 13.62)}, {'text': 'gabriel', 'timestamp': (13.66, 13.94)}, {'text': 'garcia', 'timestamp': (13.98, 14.34)}, {'text': 'marques', 'timestamp': (14.46, 15.0)}, {'text': 'e', 'timestamp': (15.68, 15.7)}, {'text': 'de', 'timestamp': (15.76, 15.8)}, {'text': 'tantos', 'timestamp': (15.9, 16.16)}, {'text': 'outros', 'timestamp': (16.26, 16.54)}];0,16666666666666666;0,16666666666666666;0,21875;0,08421052631578947
./audios/SP_D2_333_1772.19371_1775.59527.wav;1772,19371;1775,59527;e aqui:: no Brasil Jorge Ama::do e tantos outros;e aqui no brasil jorge amado e tantos outros;3,4015600000000177;e aqui no brasil jorge amado e tantos outros;;[{'text': 'e', 'timestamp': (0.08, 0.1)}, {'text': 'aqui', 'timestamp': (0.18, 0.36)}, {'text': 'no', 'timestamp': (0.86, 0.9)}, {'text': 'brasil', 'timestamp': (0.98, 1.3)}, {'text': 'jorge', 'timestamp': (1.66, 1.9)}, {'text': 'amado', 'timestamp': (1.98, 2.42)}, {'text': 'e', 'timestamp': (2.5, 2.54)}, {'text': 'tantos', 'timestamp': (2.6, 2.86)}, {'text': 'outros', 'timestamp': (2.96, 3.22)}];0,0;0,0;0,0;0,0
./audios/SP_D2_333_1776.33458_1786.26467.wav;1776,33458;1786,26467;e:: então agora... no cinema parece também que está havendo essa desvinculação... do figurino europeu do figurino americano;e então agora no cinema parece também que está havendo essa desvinculação do figurino europeu do figurino americano;9,930090000000064;e então agora no cinema parece também que está havendo essa desembraça do figurinho europeu do figurinho americano;;[{'text': 'e', 'timestamp': (0.1, 0.12)}, {'text': 'então', 'timestamp': (0.78, 1.06)}, {'text': 'agora', 'timestamp': (1.24, 1.52)}, {'text': 'no', 'timestamp': (2.78, 2.86)}, {'text': 'cinema', 'timestamp': (3.02, 3.4)}, {'text': 'parece', 'timestamp': (3.6, 3.92)}, {'text': 'também', 'timestamp': (4.06, 4.3)}, {'text': 'que', 'timestamp': (4.36, 4.44)}, {'text': 'está', 'timestamp': (4.48, 4.62)}, {'text': 'havendo', 'timestamp': (4.68, 5.06)}, {'text': 'essa', 'timestamp': (5.24, 5.4)}, {'text': 'desembraça', 'timestamp': (5.5, 6.38)}, {'text': 'do', 'timestamp': (7.08, 7.14)}, {'text': 'figurinho', 'timestamp': (7.26, 7.7)}, {'text': 'europeu', 'timestamp': (7.74, 8.28)}, {'text': 'do', 'timestamp': (8.44, 8.5)}, {'text': 'figurinho', 'timestamp': (8.6, 9.0)}, {'text': 'americano', 'timestamp': (9.1, 9.7)}];0,16666666666666666;0,16666666666666666;0,30555555555555547;0,08695652173913043
./audios/SP_D2_333_1787.41983_1790.76366.wav;1787,41983;1790,76366;infelizmente há muito também da chamada pornochanchada não é?;infelizmente há muito também da chamada pornochanchada não é;3,3438300000000254;infelizmente há muito talvez da chamada pornochanchada né;;[{'text': 'infelizmente', 'timestamp': (0.08, 0.56)}, {'text': 'há', 'timestamp': (0.66, 0.7)}, {'text': 'muito', 'timestamp': (0.78, 0.96)}, {'text': 'talvez', 'timestamp': (1.06, 1.28)}, {'text': 'da', 'timestamp': (1.32, 1.36)}, {'text': 'chamada', 'timestamp': (1.44, 1.74)}, {'text': 'pornochanchada', 'timestamp': (1.92, 3.02)}, {'text': 'né', 'timestamp': (3.12, 3.18)}];0,3333333333333333;0,3333333333333333;0,5;0,11666666666666667
./audios/SP_D2_333_1791.34984_1793.06142.wav;1791,34984;1793,06142;que é uma maneira comercial;que é uma maneira comercial;1,7115799999999126;que é uma maneira comercial;;[{'text': 'que', 'timestamp': (0.02, 0.1)}, {'text': 'é', 'timestamp': (0.18, 0.2)}, {'text': 'uma', 'timestamp': (0.32, 0.4)}, {'text': 'maneira', 'timestamp': (0.46, 0.74)}, {'text': 'comercial', 'timestamp': (0.88, 1.56)}];0,0;0,0;0,0;0,0
./audios/SP_D2_333_1793.06142_1798.96374.wav;1793,06142;1798,96374;mas o que se pode dizer... da pornochanchada aqui se ela impera na França se ela impera [no mundo todo?;mas o que se pode dizer da pornochanchada aqui se ela impera na frança se ela impera no mundo todo;5,902319999999918;mas o que se pode dizer da pornochanchada que se além impera na frança se lampert todo;;[{'text': 'mas', 'timestamp': (0.04, 0.12)}, {'text': 'o', 'timestamp': (0.16, 0.18)}, {'text': 'que', 'timestamp': (0.22, 0.3)}, {'text': 'se', 'timestamp': (0.38, 0.44)}, {'text': 'pode', 'timestamp': (0.58, 0.76)}, {'text': 'dizer', 'timestamp': (0.88, 1.22)}, {'text': 'da', 'timestamp': (1.84, 1.9)}, {'text': 'pornochanchada', 'timestamp': (2.0, 2.9)}, {'text': 'que', 'timestamp': (2.96, 3.02)}, {'text': 'se', 'timestamp': (3.18, 3.22)}, {'text': 'além', 'timestamp': (3.28, 3.44)}, {'text': 'impera', 'timestamp': (3.46, 3.92)}, {'text': 'na', 'timestamp': (4.0, 4.06)}, {'text': 'frança', 'timestamp': (4.2, 4.56)}, {'text': 'se', 'timestamp': (4.58, 4.68)}, {'text': 'lampert', 'timestamp': (4.78, 5.5)}, {'text': 'todo', 'timestamp': (5.66, 5.82)}];0,3;0,3;0,42352941176470593;0,1836734693877551
./audios/SP_D2_333_1801.3646_1801.64402.wav;1801,3646;1801,64402;foi;foi;0,27941999999984546;foi;;[{'text': 'foi', 'timestamp': (1.0, 1.18)}];0,0;0,0;0,0;0,0
./audios/SP_D2_333_1801.90315_1804.7564.wav;1801,90315;1804,7564;mas esse já é antigo e foi uma [coprodução (não é?);mas esse já é antigo e foi uma coprodução não é;2,853249999999889;mas seja lentigo e foi um antigo já fala;;[{'text': 'mas', 'timestamp': (0.16, 0.34)}, {'text': 'seja', 'timestamp': (0.44, 0.68)}, {'text': 'lentigo', 'timestamp': (0.7, 1.18)}, {'text': 'e', 'timestamp': (1.28, 1.3)}, {'text': 'foi', 'timestamp': (1.34, 1.42)}, {'text': 'um', 'timestamp': (1.48, 1.52)}, {'text': 'antigo', 'timestamp': (2.02, 2.3)}, {'text': 'já', 'timestamp': (2.42, 2.48)}, {'text': 'fala', 'timestamp': (2.6, 2.78)}];0,7272727272727273;0,7272727272727273;0,9090909090909091;0,48936170212765956
./audios/SP_D2_333_1805.88937_1807.36.wav;1805,88937;1807,36;mas foi uma COprodução;mas foi uma coprodução;1,470629999999801;mas foi uma coprodução;;[{'text': 'mas', 'timestamp': (0.08, 0.16)}, {'text': 'foi', 'timestamp': (0.22, 0.3)}, {'text': 'uma', 'timestamp': (0.34, 0.42)}, {'text': 'coprodução', 'timestamp': (0.56, 1.34)}];0,0;0,0;0,0;0,0
./audios/SP_D2_333_1807.99886_1809.62337.wav;1807,99886;1809,62337;[agora você vê:: a gente ima/;agora você vê a gente ima;1,6245100000001003;agora você vê a gente imagem;;[{'text': 'agora', 'timestamp': (0.06, 0.3)}, {'text': 'você', 'timestamp': (0.4, 0.58)}, {'text': 'vê', 'timestamp': (0.7, 0.76)}, {'text': 'a', 'timestamp': (1.08, 1.1)}, {'text': 'gente', 'timestamp': (1.16, 1.3)}, {'text': 'imagem', 'timestamp': (1.36, 1.58)}];0,16666666666666666;0,16666666666666666;0,30555555555555547;0,12
./audios/SP_D2_333_1809.62337_1811.44.wav;1809,62337;1811,44;não não uma coprodução francesa;não não uma coprodução francesa;1,816630000000032;não não uma coprodução francesa;;[{'text': 'não', 'timestamp': (0.04, 0.16)}, {'text': 'não', 'timestamp': (0.2, 0.28)}, {'text': 'uma', 'timestamp': (0.34, 0.48)}, {'text': 'coprodução', 'timestamp': (0.5, 0.98)}, {'text': 'francesa', 'timestamp': (1.06, 1.7)}];0,0;0,0;0,0;0,0
./audios/SP_D2_333_1812.04589_1816.0825.wav;1812,04589;1816,0825;[com::... [com o Camus... que seria até um parente do Albert Camus não é?;com com o camus que seria até um parente do albert camus não é;4,036609999999882;com o tem que seria até um parente do alberto caminho;;[{'text': 'com', 'timestamp': (0.06, 0.54)}, {'text': 'o', 'timestamp': (0.96, 0.98)}, {'text': 'tem', 'timestamp': (1.32, 1.46)}, {'text': 'que', 'timestamp': (1.98, 2.04)}, {'text': 'seria', 'timestamp': (2.18, 2.42)}, {'text': 'até', 'timestamp': (2.46, 2.58)}, {'text': 'um', 'timestamp': (2.64, 2.68)}, {'text': 'parente', 'timestamp': (2.74, 3.02)}, {'text': 'do', 'timestamp': (3.1, 3.16)}, {'text': 'alberto', 'timestamp': (3.18, 3.46)}, {'text': 'caminho', 'timestamp': (3.52, 3.84)}];0,42857142857142855;0,42857142857142855;0,5844155844155845;0,24193548387096775
./audios/SP_D2_333_1816.0825_1819.95483.wav;1816,0825;1819,95483;que era o o o... o diretor do do Orfeu do Carnaval;que era o o o o diretor do do orfeu do carnaval;3,87232999999992;que era o o o o diretor do do oceode carnaval;;[{'text': 'que', 'timestamp': (0.04, 0.1)}, {'text': 'era', 'timestamp': (0.14, 0.2)}, {'text': 'o', 'timestamp': (0.22, 0.24)}, {'text': 'o', 'timestamp': (0.34, 0.36)}, {'text': 'o', 'timestamp': (0.7, 0.72)}, {'text': 'o', 'timestamp': (1.58, 1.6)}, {'text': 'diretor', 'timestamp': (1.66, 2.08)}, {'text': 'do', 'timestamp': (2.34, 2.4)}, {'text': 'do', 'timestamp': (2.68, 2.74)}, {'text': 'oceode', 'timestamp': (2.8, 3.14)}, {'text': 'carnaval', 'timestamp': (3.2, 3.72)}];0,16666666666666666;0,16666666666666666;0,24242424242424243;0,10638297872340426
./audios/SP_D2_333_1820.58425_1822.72398.wav;1820,58425;1822,72398;agora você vê não teve sequência;agora você vê não teve sequência;2,1397299999998722;agora você vê não teve sequência;;[{'text': 'agora', 'timestamp': (0.1, 0.42)}, {'text': 'você', 'timestamp': (0.58, 0.74)}, {'text': 'vê', 'timestamp': (0.82, 0.88)}, {'text': 'não', 'timestamp': (1.0, 1.06)}, {'text': 'teve', 'timestamp': (1.16, 1.32)}, {'text': 'sequência', 'timestamp': (1.48, 2.04)}];0,0;0,0;0,0;0,0
./audios/SP_D2_333_1823.19683_1839.60046.wav;1823,19683;1839,60046;depois então houve um hiAto grande... com más produçõ::es... e agora eu acho estô/ éh éh estamos vendo... uma tentativa de um cinema... mais... expressivo do que seja... o Brasil;depois então houve um hiato grande com más produções e agora eu acho estô eh eh estamos vendo uma tentativa de um cinema mais expressivo do que seja o brasil;16,40363000000002;depois então houve um iato grande com más produções e agora eu acho estamos vendo uma tentativa de um cinema mais expressivo do que seja o brasil;;[{'text': 'depois', 'timestamp': (0.12, 0.54)}, {'text': 'então', 'timestamp': (0.62, 0.94)}, {'text': 'houve', 'timestamp': (1.06, 1.26)}, {'text': 'um', 'timestamp': (1.54, 1.58)}, {'text': 'iato', 'timestamp': (1.72, 2.1)}, {'text': 'grande', 'timestamp': (2.2, 2.56)}, {'text': 'com', 'timestamp': (3.46, 3.58)}, {'text': 'más', 'timestamp': (3.7, 3.96)}, {'text': 'produções', 'timestamp': (4.1, 4.98)}, {'text': 'e', 'timestamp': (5.54, 5.56)}, {'text': 'agora', 'timestamp': (5.7, 6.08)}, {'text': 'eu', 'timestamp': (6.44, 6.5)}, {'text': 'acho', 'timestamp': (6.62, 6.82)}, {'text': 'estamos', 'timestamp': (7.56, 7.9)}, {'text': 'vendo', 'timestamp': (7.98, 8.2)}, {'text': 'uma', 'timestamp': (8.82, 8.92)}, {'text': 'tentativa', 'timestamp': (8.98, 9.58)}, {'text': 'de', 'timestamp': (9.64, 9.7)}, {'text': 'um', 'timestamp': (9.72, 9.78)}, {'text': 'cinema', 'timestamp': (9.88, 10.26)}, {'text': 'mais', 'timestamp': (11.58, 11.9)}, {'text': 'expressivo', 'timestamp': (13.2, 13.94)}, {'text': 'do', 'timestamp': (14.04, 14.08)}, {'text': 'que', 'timestamp': (14.14, 14.22)}, {'text': 'seja', 'timestamp': (14.44, 14.8)}, {'text': 'o', 'timestamp': (15.72, 15.76)}, {'text': 'brasil', 'timestamp': (15.82, 16.24)}];0,13333333333333333;0,13333333333333333;0,16543209876543208;0,07643312101910828
./audios/SP_D2_333_1841.30221_1843.28137.wav;1841,30221;1843,28137;eu tenho confiança nesse cinema;eu tenho confiança nesse cinema;1,9791599999998652;eu tenho confiança nesse siriano;;[{'text': 'eu', 'timestamp': (0.22, 0.28)}, {'text': 'tenho', 'timestamp': (0.36, 0.5)}, {'text': 'confiança', 'timestamp': (0.6, 1.04)}, {'text': 'nesse', 'timestamp': (1.12, 1.28)}, {'text': 'siriano', 'timestamp': (1.38, 1.72)}];0,2;0,2;0,3599999999999999;0,1935483870967742
./audios/SP_D2_333_1846.76338_1847.16.wav;1846,76338;1847,16;o quê?;o quê;0,39661999999998443;tu quer;;[{'text': 'tu', 'timestamp': (1.02, 1.08)}, {'text': 'quer', 'timestamp': (1.1, 1.22)}];1,0;1,0;1,0;0,8
./audios/SP_D2_333_1849.09127_1859.0859.wav;1849,09127;1859,0859;esse hia::to olha é um pouco difícil de se estabelecer assim:: a... a causa desse hiato;esse hiato olha é um pouco difícil de se estabelecer assim a a causa desse hiato;9,994630000000143;esse ato olha é um pouco difícil de se estabelecer assim a causa desse ato;;[{'text': 'esse', 'timestamp': (0.08, 0.34)}, {'text': 'ato', 'timestamp': (0.54, 1.0)}, {'text': 'olha', 'timestamp': (1.34, 1.6)}, {'text': 'é', 'timestamp': (1.72, 1.74)}, {'text': 'um', 'timestamp': (1.98, 2.02)}, {'text': 'pouco', 'timestamp': (2.16, 2.36)}, {'text': 'difícil', 'timestamp': (2.48, 3.14)}, {'text': 'de', 'timestamp': (3.24, 3.3)}, {'text': 'se', 'timestamp': (3.48, 3.54)}, {'text': 'estabelecer', 'timestamp': (3.62, 4.72)}, {'text': 'assim', 'timestamp': (4.84, 5.42)}, {'text': 'a', 'timestamp': (5.74, 5.76)}, {'text': 'causa', 'timestamp': (8.3, 8.78)}, {'text': 'desse', 'timestamp': (8.92, 9.26)}, {'text': 'ato', 'timestamp': (9.5, 9.9)}];0,1875;0,1875;0,2958333333333333;0,075
./audios/SP_D2_333_1859.0859_1882.56775.wav;1859,0859;1882,56775;porque... o o... essa... és/ o Orfeu do Carnaval se eu n/ eu não:: estou bem lembrada da data... mas me parece que foi num momento... em que cessando a guerra... a última guerra... o:: a plateia do mundo todo se mostrou... MUIto enfastiada da receita de Hollywood;porque o o essa és o orfeu do carnaval se eu n eu não estou bem lembrada da data mas me parece que foi num momento em que cessando a guerra a última guerra o a plateia do mundo todo se mostrou muito enfastiada da receita de hollywood;23,481849999999895;porque essa essa é o orfão do carnaval se eu não estou bem lembrado da data mas me parece que foi no momento em que cessando a guerra a última guerra ou a plateia do mundo todo se mostrou muito enfastiada da receita de olot;;[{'text': 'porque', 'timestamp': (0.08, 0.3)}, {'text': 'essa', 'timestamp': (3.18, 3.52)}, {'text': 'essa', 'timestamp': (4.06, 4.34)}, {'text': 'é', 'timestamp': (4.46, 4.48)}, {'text': 'o', 'timestamp': (4.56, 4.58)}, {'text': 'orfão', 'timestamp': (4.66, 4.94)}, {'text': 'do', 'timestamp': (4.98, 5.04)}, {'text': 'carnaval', 'timestamp': (5.1, 5.52)}, {'text': 'se', 'timestamp': (5.68, 5.72)}, {'text': 'eu', 'timestamp': (5.9, 5.94)}, {'text': 'não', 'timestamp': (5.98, 6.08)}, {'text': 'estou', 'timestamp': (6.32, 6.5)}, {'text': 'bem', 'timestamp': (6.56, 6.66)}, {'text': 'lembrado', 'timestamp': (6.74, 7.1)}, {'text': 'da', 'timestamp': (7.2, 7.26)}, {'text': 'data', 'timestamp': (7.42, 7.76)}, {'text': 'mas', 'timestamp': (8.44, 8.6)}, {'text': 'me', 'timestamp': (8.7, 8.74)}, {'text': 'parece', 'timestamp': (8.88, 9.38)}, {'text': 'que', 'timestamp': (9.58, 9.68)}, {'text': 'foi', 'timestamp': (9.86, 10.08)}, {'text': 'no', 'timestamp': (10.42, 10.5)}, {'text': 'momento', 'timestamp': (10.58, 11.02)}, {'text': 'em', 'timestamp': (11.88, 11.94)}, {'text': 'que', 'timestamp': (11.98, 12.06)}, {'text': 'cessando', 'timestamp': (12.2, 12.68)}, {'text': 'a', 'timestamp': (12.74, 12.76)}, {'text': 'guerra', 'timestamp': (12.82, 13.12)}, {'text': 'a', 'timestamp': (14.4, 14.42)}, {'text': 'última', 'timestamp': (14.52, 14.82)}, {'text': 'guerra', 'timestamp': (14.94, 15.28)}, {'text': 'ou', 'timestamp': (16.4, 16.6)}, {'text': 'a', 'timestamp': (17.12, 17.14)}, {'text': 'plateia', 'timestamp': (17.24, 17.86)}, {'text': 'do', 'timestamp': (17.96, 18.02)}, {'text': 'mundo', 'timestamp': (18.08, 18.3)}, {'text': 'todo', 'timestamp': (18.52, 18.8)}, {'text': 'se', 'timestamp': (18.98, 19.04)}, {'text': 'mostrou', 'timestamp': (19.14, 19.6)}, {'text': 'muito', 'timestamp': (20.3, 20.78)}, {'text': 'enfastiada', 'timestamp': (20.96, 21.98)}, {'text': 'da', 'timestamp': (22.1, 22.16)}, {'text': 'receita', 'timestamp': (22.24, 22.72)}, {'text': 'de', 'timestamp': (22.82, 22.86)}, {'text': 'olot', 'timestamp': (22.9, 23.16)}];0,20833333333333334;0,20833333333333334;0,3314814814814815;0,0944206008583691
./audios/SP_D2_333_1883.96_1884.48231.wav;1883,96;1884,48231;[pois é;pois é;0,5223100000000613;pois é;;[{'text': 'pois', 'timestamp': (1.06, 1.26)}, {'text': 'é', 'timestamp': (1.34, 1.36)}];0,0;0,0;0,0;0,0
./audios/SP_D2_333_1884.48231_1891.24455.wav;1884,48231;1891,24455;mas aí então houve uma abertura... para o mercado... internacional do cinema;mas aí então houve uma abertura para o mercado internacional do cinema;6,762239999999792;mas aí então houve então uma abertura para o mercado internacional do cinema;;[{'text': 'mas', 'timestamp': (0.08, 0.2)}, {'text': 'aí', 'timestamp': (0.28, 0.36)}, {'text': 'então', 'timestamp': (0.46, 0.66)}, {'text': 'houve', 'timestamp': (1.0, 1.26)}, {'text': 'então', 'timestamp': (1.34, 1.72)}, {'text': 'uma', 'timestamp': (1.94, 2.04)}, {'text': 'abertura', 'timestamp': (2.1, 2.8)}, {'text': 'para', 'timestamp': (3.34, 3.5)}, {'text': 'o', 'timestamp': (3.52, 3.54)}, {'text': 'mercado', 'timestamp': (3.62, 4.38)}, {'text': 'internacional', 'timestamp': (5.38, 6.04)}, {'text': 'do', 'timestamp': (6.1, 6.16)}, {'text': 'cinema', 'timestamp': (6.26, 6.6)}];0,08333333333333333;0,07692307692307693;0,07692307692307687;0,08571428571428572
./audios/SP_D2_333_1891.56653_1894.3769.wav;1891,56653;1894,3769;e:: então entrou a Itália... não é?;e então entrou a itália não é;2,8103699999999208;e então entrou a itália não é;;[{'text': 'e', 'timestamp': (0.1, 0.12)}, {'text': 'então', 'timestamp': (0.34, 0.66)}, {'text': 'entrou', 'timestamp': (0.8, 1.26)}, {'text': 'a', 'timestamp': (1.36, 1.38)}, {'text': 'itália', 'timestamp': (1.46, 2.04)}, {'text': 'não', 'timestamp': (2.58, 2.64)}, {'text': 'é', 'timestamp': (2.7, 2.72)}];0,0;0,0;0,0;0,0
./audios/SP_D2_333_1894.73982_1897.30145.wav;1894,73982;1897,30145;(no) seu grande momento do neorrealismo;no seu grande momento do neorrealismo;2,561629999999923;o seu grande momento tunel realismo;;[{'text': 'o', 'timestamp': (0.04, 0.06)}, {'text': 'seu', 'timestamp': (0.12, 0.22)}, {'text': 'grande', 'timestamp': (0.32, 0.58)}, {'text': 'momento', 'timestamp': (0.7, 1.14)}, {'text': 'tunel', 'timestamp': (1.36, 1.68)}, {'text': 'realismo', 'timestamp': (1.8, 2.52)}];0,5;0,5;0,75;0,16216216216216217
./audios/SP_D2_333_1897.88291_1903.5667.wav;1897,88291;1903,5667;que foi mu/ mudan::do toda uma concepção cinematográfica... até então instituída;que foi mu mudando toda uma concepção cinematográfica até então instituída;5,6837900000000445;que foi mudando toda uma concepção cinematográfica até então instituída;;[{'text': 'que', 'timestamp': (0.02, 0.12)}, {'text': 'foi', 'timestamp': (0.32, 0.58)}, {'text': 'mudando', 'timestamp': (1.04, 1.64)}, {'text': 'toda', 'timestamp': (1.86, 2.0)}, {'text': 'uma', 'timestamp': (2.06, 2.14)}, {'text': 'concepção', 'timestamp': (2.22, 2.74)}, {'text': 'cinematográfica', 'timestamp': (2.84, 3.72)}, {'text': 'até', 'timestamp': (4.38, 4.52)}, {'text': 'então', 'timestamp': (4.62, 4.8)}, {'text': 'instituída', 'timestamp': (4.86, 5.5)}];0,09090909090909091;0,09090909090909091;0,09090909090909094;0,04054054054054054
./audios/SP_D2_333_1903.79244_1918.59552.wav;1903,79244;1918,59552;aquela fórmula hollywoodesca daquelas superproduções... aquilo tudo foi... cedendo lugar... a um cinema PObre... não é?... de um país:: empobrecido pela guerra como era a Itália... e:::... mas mostrando uma arte maravilhosa;aquela fórmula hollywoodesca daquelas superproduções aquilo tudo foi cedendo lugar a um cinema pobre não é de um país empobrecido pela guerra como era a itália e mas mostrando uma arte maravilhosa;14,803080000000136;aquela fórmula ou desco daquelas superproduções aquilo tudo foi cedendo o lugar a um cinema pobre de um país empobrecido pela guerra como era a itália e mais mostrando uma arte maravilhosa;;[{'text': 'aquela', 'timestamp': (0.04, 0.22)}, {'text': 'fórmula', 'timestamp': (0.38, 0.74)}, {'text': 'ou', 'timestamp': (0.9, 1.08)}, {'text': 'desco', 'timestamp': (1.18, 1.54)}, {'text': 'daquelas', 'timestamp': (1.62, 1.88)}, {'text': 'superproduções', 'timestamp': (2.0, 2.86)}, {'text': 'aquilo', 'timestamp': (3.34, 3.56)}, {'text': 'tudo', 'timestamp': (3.66, 3.78)}, {'text': 'foi', 'timestamp': (3.92, 4.02)}, {'text': 'cedendo', 'timestamp': (4.46, 4.74)}, {'text': 'o', 'timestamp': (4.78, 4.8)}, {'text': 'lugar', 'timestamp': (4.86, 5.1)}, {'text': 'a', 'timestamp': (5.54, 5.56)}, {'text': 'um', 'timestamp': (5.62, 5.66)}, {'text': 'cinema', 'timestamp': (5.76, 6.12)}, {'text': 'pobre', 'timestamp': (6.38, 6.7)}, {'text': 'de', 'timestamp': (7.68, 7.74)}, {'text': 'um', 'timestamp': (7.78, 7.82)}, {'text': 'país', 'timestamp': (7.9, 8.16)}, {'text': 'empobrecido', 'timestamp': (8.42, 9.02)}, {'text': 'pela', 'timestamp': (9.12, 9.26)}, {'text': 'guerra', 'timestamp': (9.34, 9.56)}, {'text': 'como', 'timestamp': (9.66, 9.9)}, {'text': 'era', 'timestamp': (9.94, 10.02)}, {'text': 'a', 'timestamp': (10.04, 10.06)}, {'text': 'itália', 'timestamp': (10.12, 10.44)}, {'text': 'e', 'timestamp': (11.34, 11.36)}, {'text': 'mais', 'timestamp': (12.62, 12.82)}, {'text': 'mostrando', 'timestamp': (12.96, 13.42)}, {'text': 'uma', 'timestamp': (13.48, 13.56)}, {'text': 'arte', 'timestamp': (13.64, 13.86)}, {'text': 'maravilhosa', 'timestamp': (13.98, 14.68)}];0,1875;0,17647058823529413;0,234375;0,08673469387755102
./audios/SP_D2_333_1918.94342_1930.75781.wav;1918,94342;1930,75781;um Vittorio de Sica ia para rua com uma câmera... e fazia um Ladrão de Bicicleta... sem artistas... não é?... sem cenários mirabolantes sem nada apenas com as ruas de Roma... como cenário não é?;um vittorio de sica ia para rua com uma câmera e fazia um ladrão de bicicleta sem artistas não é sem cenários mirabolantes sem nada apenas com as ruas de roma como cenário não é;11,814390000000003;um vitório desse que ia pra rua com uma câmera e faz um ladrão de bicicleta sem artistas sem cenários mirabolantes sem nada apenas para as ruas de roma como cenário não é;;[{'text': 'um', 'timestamp': (0.1, 0.14)}, {'text': 'vitório', 'timestamp': (0.2, 0.5)}, {'text': 'desse', 'timestamp': (0.56, 0.8)}, {'text': 'que', 'timestamp': (0.88, 0.94)}, {'text': 'ia', 'timestamp': (1.04, 1.08)}, {'text': 'pra', 'timestamp': (1.14, 1.32)}, {'text': 'rua', 'timestamp': (1.4, 1.56)}, {'text': 'com', 'timestamp': (1.7, 1.78)}, {'text': 'uma', 'timestamp': (1.84, 1.92)}, {'text': 'câmera', 'timestamp': (2.08, 2.44)}, {'text': 'e', 'timestamp': (2.88, 2.9)}, {'text': 'faz', 'timestamp': (3.02, 3.22)}, {'text': 'um', 'timestamp': (3.36, 3.4)}, {'text': 'ladrão', 'timestamp': (3.44, 3.7)}, {'text': 'de', 'timestamp': (3.76, 3.8)}, {'text': 'bicicleta', 'timestamp': (3.88, 4.46)}, {'text': 'sem', 'timestamp': (5.02, 5.14)}, {'text': 'artistas', 'timestamp': (5.24, 5.92)}, {'text': 'sem', 'timestamp': (7.06, 7.18)}, {'text': 'cenários', 'timestamp': (7.3, 7.7)}, {'text': 'mirabolantes', 'timestamp': (7.8, 8.38)}, {'text': 'sem', 'timestamp': (8.46, 8.58)}, {'text': 'nada', 'timestamp': (8.64, 8.86)}, {'text': 'apenas', 'timestamp': (8.94, 9.16)}, {'text': 'para', 'timestamp': (9.2, 9.3)}, {'text': 'as', 'timestamp': (9.32, 9.38)}, {'text': 'ruas', 'timestamp': (9.46, 9.62)}, {'text': 'de', 'timestamp': (9.68, 9.72)}, {'text': 'roma', 'timestamp': (9.82, 10.0)}, {'text': 'como', 'timestamp': (10.84, 10.96)}, {'text': 'cenário', 'timestamp': (11.08, 11.5)}, {'text': 'não', 'timestamp': (11.62, 11.7)}, {'text': 'é', 'timestamp': (11.74, 11.76)}];0,22857142857142856;0,22857142857142856;0,36883116883116873;0,11864406779661017
./audios/SP_D2_333_1931.56934_1939.2781.wav;1931,56934;1939,2781;então aquilo foi abrindo o o o uma uma a curiosidade do público... para se sair daquela ficção hollywoodesca;então aquilo foi abrindo o o o uma uma a curiosidade do público para se sair daquela ficção hollywoodesca;7,708759999999984;então aquilo foi abrindo a curiosidade do público para se sair daquela ficção olhodesca;;[{'text': 'então', 'timestamp': (0.08, 0.28)}, {'text': 'aquilo', 'timestamp': (0.38, 0.6)}, {'text': 'foi', 'timestamp': (0.7, 0.82)}, {'text': 'abrindo', 'timestamp': (0.92, 1.5)}, {'text': 'a', 'timestamp': (2.32, 2.34)}, {'text': 'curiosidade', 'timestamp': (2.9, 3.56)}, {'text': 'do', 'timestamp': (3.66, 3.72)}, {'text': 'público', 'timestamp': (3.88, 4.24)}, {'text': 'para', 'timestamp': (5.02, 5.18)}, {'text': 'se', 'timestamp': (5.34, 5.4)}, {'text': 'sair', 'timestamp': (5.56, 5.8)}, {'text': 'daquela', 'timestamp': (5.9, 6.18)}, {'text': 'ficção', 'timestamp': (6.3, 6.84)}, {'text': 'olhodesca', 'timestamp': (6.94, 7.58)}];0,3157894736842105;0,3157894736842105;0,36466165413533835;0,18095238095238095
./audios/SP_D2_333_1939.42825_1942.92071.wav;1939,42825;1942,92071;foi aí também que começou a decadência de Hollywood;foi aí também que começou a decadência de hollywood;3,4924600000001647;foi aí também que começou a decadência de olinto;;[{'text': 'foi', 'timestamp': (0.1, 0.24)}, {'text': 'aí', 'timestamp': (0.32, 0.42)}, {'text': 'também', 'timestamp': (0.64, 1.0)}, {'text': 'que', 'timestamp': (1.12, 1.18)}, {'text': 'começou', 'timestamp': (1.3, 1.84)}, {'text': 'a', 'timestamp': (2.08, 2.1)}, {'text': 'decadência', 'timestamp': (2.18, 2.8)}, {'text': 'de', 'timestamp': (2.88, 2.92)}, {'text': 'olinto', 'timestamp': (2.96, 3.28)}];0,1111111111111111;0,1111111111111111;0,2098765432098766;0,11764705882352941
./audios/SP_D2_333_1943.97201_1950.66231.wav;1943,97201;1950,66231;tanto que depois... o próprio Estados Unidos reformulou... o o o seu método;tanto que depois o próprio estados unidos reformulou o o o seu método;6,690299999999979;tanto que depois o próprio estados unidos reformulou o seu método;;[{'text': 'tanto', 'timestamp': (0.04, 0.22)}, {'text': 'que', 'timestamp': (0.3, 0.38)}, {'text': 'depois', 'timestamp': (0.46, 0.94)}, {'text': 'o', 'timestamp': (2.22, 2.24)}, {'text': 'próprio', 'timestamp': (2.38, 2.76)}, {'text': 'estados', 'timestamp': (3.04, 3.44)}, {'text': 'unidos', 'timestamp': (3.52, 3.82)}, {'text': 'reformulou', 'timestamp': (3.94, 4.74)}, {'text': 'o', 'timestamp': (5.76, 5.82)}, {'text': 'seu', 'timestamp': (5.96, 6.08)}, {'text': 'método', 'timestamp': (6.2, 6.6)}];0,15384615384615385;0,15384615384615385;0,15384615384615385;0,057971014492753624
./audios/SP_D2_333_1951.12103_1957.80041.wav;1951,12103;1957,80041;e:: aí nós começamos a ver... hã:: filmes como aqueles daqueles dois rapazes passeando pelos Estados Unidos numa motocicleta;e aí nós começamos a ver ah filmes como aqueles daqueles dois rapazes passeando pelos estados unidos numa motocicleta;6,679380000000037;e aí nós começamos a ver filmes como aqueles daqueles dois rapazes passeando pelos estados unidos numa motocicleta;;[{'text': 'e', 'timestamp': (0.08, 0.1)}, {'text': 'aí', 'timestamp': (0.56, 0.62)}, {'text': 'nós', 'timestamp': (0.74, 0.84)}, {'text': 'começamos', 'timestamp': (0.96, 1.46)}, {'text': 'a', 'timestamp': (1.54, 1.56)}, {'text': 'ver', 'timestamp': (1.66, 1.84)}, {'text': 'filmes', 'timestamp': (2.66, 2.92)}, {'text': 'como', 'timestamp': (3.1, 3.22)}, {'text': 'aqueles', 'timestamp': (3.28, 3.56)}, {'text': 'daqueles', 'timestamp': (3.64, 3.9)}, {'text': 'dois', 'timestamp': (3.96, 4.08)}, {'text': 'rapazes', 'timestamp': (4.16, 4.54)}, {'text': 'passeando', 'timestamp': (4.64, 4.96)}, {'text': 'pelos', 'timestamp': (5.02, 5.18)}, {'text': 'estados', 'timestamp': (5.24, 5.44)}, {'text': 'unidos', 'timestamp': (5.48, 5.62)}, {'text': 'numa', 'timestamp': (5.7, 5.84)}, {'text': 'motocicleta', 'timestamp': (5.92, 6.54)}];0,05263157894736842;0,05263157894736842;0,052631578947368474;0,02564102564102564
./audios/SP_D2_333_1958.06911_1961.71944.wav;1958,06911;1961,71944;filmes pobres de de pouca::... de produção pobre;filmes pobres de de pouca de produção pobre;3,6503300000001673;os pobres e de pouca de produção pobre;;[{'text': 'os', 'timestamp': (0.12, 0.24)}, {'text': 'pobres', 'timestamp': (0.48, 0.86)}, {'text': 'e', 'timestamp': (0.96, 0.98)}, {'text': 'de', 'timestamp': (1.26, 1.3)}, {'text': 'pouca', 'timestamp': (1.48, 1.74)}, {'text': 'de', 'timestamp': (2.56, 2.6)}, {'text': 'produção', 'timestamp': (2.68, 3.04)}, {'text': 'pobre', 'timestamp': (3.2, 3.5)}];0,25;0,25;0,4375;0,13953488372093023
./audios/SP_D2_333_1962.59877_1968.01681.wav;1962,59877;1968,01681;mostrando apenas:: a arte cinematográfica e o... quase que um cinema-verdade;mostrando apenas a arte cinematográfica e o quase que um cinemaverdade;5,418040000000019;mostrando apenas a arte namontográfica e quase com o cinema verdade;;[{'text': 'mostrando', 'timestamp': (0.14, 0.52)}, {'text': 'apenas', 'timestamp': (0.6, 1.04)}, {'text': 'a', 'timestamp': (1.6, 1.62)}, {'text': 'arte', 'timestamp': (1.72, 2.08)}, {'text': 'namontográfica', 'timestamp': (2.14, 3.08)}, {'text': 'e', 'timestamp': (3.12, 3.14)}, {'text': 'quase', 'timestamp': (3.74, 3.96)}, {'text': 'com', 'timestamp': (4.04, 4.12)}, {'text': 'o', 'timestamp': (4.18, 4.2)}, {'text': 'cinema', 'timestamp': (4.26, 4.52)}, {'text': 'verdade', 'timestamp': (4.66, 5.18)}];0,5454545454545454;0,5454545454545454;0,7933884297520661;0,18571428571428572
./audios/SP_D2_333_1968.4764_1985.23233.wav;1968,4764;1985,23233;então:: isso foi gerando... éh ê/ este interesse... e... para o cinema fora do do do do conceito já instituído e aceito do cinema norte-americano... e eu acho que então começaram a querer ver o ca/ o que cada povo tinha a oferecer como cinema;então isso foi gerando eh ê este interesse e para o cinema fora do do do do conceito já instituído e aceito do cinema norteamericano e eu acho que então começaram a querer ver o ca o que cada povo tinha a oferecer como cinema;16,755930000000035;então isso foi gerando esse interesse para o cinema fora do conceito já instituído e aceito do cinema norte americano e eu acho que então começaram a querer ver o que cada povo tinha a oferecer como sinal;;[{'text': 'então', 'timestamp': (0.08, 0.38)}, {'text': 'isso', 'timestamp': (0.88, 1.06)}, {'text': 'foi', 'timestamp': (1.16, 1.26)}, {'text': 'gerando', 'timestamp': (1.38, 1.76)}, {'text': 'esse', 'timestamp': (2.64, 2.84)}, {'text': 'interesse', 'timestamp': (2.94, 3.64)}, {'text': 'para', 'timestamp': (4.98, 5.18)}, {'text': 'o', 'timestamp': (5.24, 5.26)}, {'text': 'cinema', 'timestamp': (5.36, 5.76)}, {'text': 'fora', 'timestamp': (6.04, 6.36)}, {'text': 'do', 'timestamp': (6.88, 7.14)}, {'text': 'conceito', 'timestamp': (7.24, 7.96)}, {'text': 'já', 'timestamp': (8.12, 8.18)}, {'text': 'instituído', 'timestamp': (8.3, 8.98)}, {'text': 'e', 'timestamp': (9.12, 9.14)}, {'text': 'aceito', 'timestamp': (9.24, 9.74)}, {'text': 'do', 'timestamp': (9.82, 9.88)}, {'text': 'cinema', 'timestamp': (9.94, 10.2)}, {'text': 'norte', 'timestamp': (10.26, 10.46)}, {'text': 'americano', 'timestamp': (10.48, 10.92)}, {'text': 'e', 'timestamp': (11.84, 11.86)}, {'text': 'eu', 'timestamp': (11.96, 12.0)}, {'text': 'acho', 'timestamp': (12.1, 12.24)}, {'text': 'que', 'timestamp': (12.32, 12.4)}, {'text': 'então', 'timestamp': (12.42, 12.6)}, {'text': 'começaram', 'timestamp': (12.72, 13.2)}, {'text': 'a', 'timestamp': (13.24, 13.26)}, {'text': 'querer', 'timestamp': (13.32, 13.52)}, {'text': 'ver', 'timestamp': (13.62, 13.7)}, {'text': 'o', 'timestamp': (14.08, 14.1)}, {'text': 'que', 'timestamp': (14.16, 14.22)}, {'text': 'cada', 'timestamp': (14.34, 14.52)}, {'text': 'povo', 'timestamp': (14.74, 15.02)}, {'text': 'tinha', 'timestamp': (15.22, 15.44)}, {'text': 'a', 'timestamp': (15.52, 15.54)}, {'text': 'oferecer', 'timestamp': (15.56, 15.98)}, {'text': 'como', 'timestamp': (16.08, 16.22)}, {'text': 'sinal', 'timestamp': (16.32, 16.6)}];0,26666666666666666;0,2608695652173913;0,3239766081871345;0,12
./audios/SP_D2_333_1985.55957_1994.19772.wav;1985,55957;1994,19772;evidentemente... pessoas que chegam ao Brasil ficam encantadas com aquele cenário do Rio de Janeiro... com a nossa música popular;evidentemente pessoas que chegam ao brasil ficam encantadas com aquele cenário do rio de janeiro com a nossa música popular;8,638149999999996;evidentemente pessoas que chegam ao brasil ficam logo encantadas com aquele cenário do rio de janeiro com a nossa música popular;;[{'text': 'evidentemente', 'timestamp': (0.1, 0.82)}, {'text': 'pessoas', 'timestamp': (1.68, 2.02)}, {'text': 'que', 'timestamp': (2.08, 2.18)}, {'text': 'chegam', 'timestamp': (2.3, 2.6)}, {'text': 'ao', 'timestamp': (2.66, 2.72)}, {'text': 'brasil', 'timestamp': (2.76, 3.06)}, {'text': 'ficam', 'timestamp': (3.16, 3.36)}, {'text': 'logo', 'timestamp': (3.42, 3.58)}, {'text': 'encantadas', 'timestamp': (3.66, 4.26)}, {'text': 'com', 'timestamp': (4.32, 4.38)}, {'text': 'aquele', 'timestamp': (4.42, 4.6)}, {'text': 'cenário', 'timestamp': (4.7, 5.12)}, {'text': 'do', 'timestamp': (5.2, 5.26)}, {'text': 'rio', 'timestamp': (5.3, 5.48)}, {'text': 'de', 'timestamp': (5.52, 5.58)}, {'text': 'janeiro', 'timestamp': (5.64, 5.94)}, {'text': 'com', 'timestamp': (7.12, 7.2)}, {'text': 'a', 'timestamp': (7.28, 7.3)}, {'text': 'nossa', 'timestamp': (7.36, 7.6)}, {'text': 'música', 'timestamp': (7.7, 7.98)}, {'text': 'popular', 'timestamp': (8.08, 8.44)}];0,05;0,047619047619047616;0,04761904761904767;0,04065040650406504
./audios/SP_D2_333_1995.07283_2006.92282.wav;1995,07283;2006,92282;houve naturalmente uma aproximação... com... o nosso grande poetinha... Vinícius de Moraes não é? que foi o autor do roteiro... e que engendrou aquela ideia tão linda do Orfeu do Carnaval;houve naturalmente uma aproximação com o nosso grande poetinha vinícius de moraes não é que foi o autor do roteiro e que engendrou aquela ideia tão linda do orfeu do carnaval;11,849989999999934;houve naturalmente uma aproximação com o nosso grande poetinha vinício de morais que foi o autor do canteiro e que engendrou aquela ideia tão linda do orfeu do carnaval;;[{'text': 'houve', 'timestamp': (0.06, 0.26)}, {'text': 'naturalmente', 'timestamp': (0.34, 0.68)}, {'text': 'uma', 'timestamp': (0.74, 0.82)}, {'text': 'aproximação', 'timestamp': (0.84, 1.58)}, {'text': 'com', 'timestamp': (1.98, 2.14)}, {'text': 'o', 'timestamp': (2.84, 2.86)}, {'text': 'nosso', 'timestamp': (2.96, 3.26)}, {'text': 'grande', 'timestamp': (3.4, 3.68)}, {'text': 'poetinha', 'timestamp': (3.92, 4.5)}, {'text': 'vinício', 'timestamp': (4.9, 5.28)}, {'text': 'de', 'timestamp': (5.32, 5.38)}, {'text': 'morais', 'timestamp': (5.44, 5.82)}, {'text': 'que', 'timestamp': (6.14, 6.22)}, {'text': 'foi', 'timestamp': (6.28, 6.38)}, {'text': 'o', 'timestamp': (6.46, 6.48)}, {'text': 'autor', 'timestamp': (6.54, 6.76)}, {'text': 'do', 'timestamp': (6.88, 6.96)}, {'text': 'canteiro', 'timestamp': (7.0, 7.38)}, {'text': 'e', 'timestamp': (8.6, 8.62)}, {'text': 'que', 'timestamp': (8.7, 8.78)}, {'text': 'engendrou', 'timestamp': (8.86, 9.38)}, {'text': 'aquela', 'timestamp': (9.54, 9.78)}, {'text': 'ideia', 'timestamp': (9.84, 10.04)}, {'text': 'tão', 'timestamp': (10.14, 10.24)}, {'text': 'linda', 'timestamp': (10.32, 10.52)}, {'text': 'do', 'timestamp': (10.62, 10.66)}, {'text': 'orfeu', 'timestamp': (10.74, 11.08)}, {'text': 'do', 'timestamp': (11.12, 11.16)}, {'text': 'carnaval', 'timestamp': (11.24, 11.68)}];0,16129032258064516;0,16129032258064516;0,24805339265850945;0,06896551724137931
./audios/SP_D2_333_2008.68269_2016.74035.wav;2008,68269;2016,74035;mas como aquilo tudo vinha hum:: de uma espécie de curiosidade a curiosidade parece que foi saciada... [aquilo foi uma coprodução;mas como aquilo tudo vinha uh de uma espécie de curiosidade a curiosidade parece que foi saciada aquilo foi uma coprodução;8,057659999999942;mas como aquilo tudo vinha de uma espécie de curiosidade a curiosidade peça que foi saciada aquilo foi a pouco;;[{'text': 'mas', 'timestamp': (0.12, 0.26)}, {'text': 'como', 'timestamp': (0.34, 0.46)}, {'text': 'aquilo', 'timestamp': (0.54, 0.78)}, {'text': 'tudo', 'timestamp': (0.9, 1.04)}, {'text': 'vinha', 'timestamp': (1.16, 1.42)}, {'text': 'de', 'timestamp': (2.0, 2.04)}, {'text': 'uma', 'timestamp': (2.1, 2.16)}, {'text': 'espécie', 'timestamp': (2.2, 2.44)}, {'text': 'de', 'timestamp': (2.48, 2.54)}, {'text': 'curiosidade', 'timestamp': (2.62, 3.46)}, {'text': 'a', 'timestamp': (3.6, 3.62)}, {'text': 'curiosidade', 'timestamp': (3.64, 4.18)}, {'text': 'peça', 'timestamp': (4.26, 4.44)}, {'text': 'que', 'timestamp': (4.5, 4.56)}, {'text': 'foi', 'timestamp': (4.62, 4.72)}, {'text': 'saciada', 'timestamp': (4.84, 5.44)}, {'text': 'aquilo', 'timestamp': (6.54, 6.76)}, {'text': 'foi', 'timestamp': (6.92, 7.06)}, {'text': 'a', 'timestamp': (7.2, 7.22)}, {'text': 'pouco', 'timestamp': (7.32, 8.0)}];0,19047619047619047;0,19047619047619047;0,3119047619047619;0,12295081967213115
./audios/SP_D2_333_2019.2153_2019.65471.wav;2019,2153;2019,65471;não não;não não;0,43940999999995256;não não;;[{'text': 'não', 'timestamp': (1.06, 1.16)}, {'text': 'não', 'timestamp': (1.22, 1.32)}];0,0;0,0;0,0;0,0
./audios/SP_D2_333_2019.89186_2020.34842.wav;2019,89186;2020,34842;não não não;não não não;0,45656000000008135;não me a;;[{'text': 'não', 'timestamp': (1.04, 1.1)}, {'text': 'me', 'timestamp': (1.18, 1.26)}, {'text': 'a', 'timestamp': (1.46, 1.48)}];0,6666666666666666;0,6666666666666666;0,8888888888888888;0,5454545454545454
./audios/SP_D2_333_2020.34842_2021.04.wav;2020,34842;2021,04;[(não foi esse);não foi esse;0,6915799999999308;foi eu acho que eu faço com;;[{'text': 'foi', 'timestamp': (1.0, 1.08)}, {'text': 'eu', 'timestamp': (1.12, 1.16)}, {'text': 'acho', 'timestamp': (1.24, 1.34)}, {'text': 'que', 'timestamp': (1.36, 1.42)}, {'text': 'eu', 'timestamp': (1.44, 1.5)}, {'text': 'faço', 'timestamp': (1.52, 1.66)}, {'text': 'com', 'timestamp': (1.7, 1.84)}];2,3333333333333335;1,0;1,0;1,9166666666666667
./audios/SP_D2_333_2021.62163_2022.61102.wav;2021,62163;2022,61102;foi [o roteiro;foi o roteiro;0,9893899999999576;foi eu ouvi um filme que;;[{'text': 'foi', 'timestamp': (1.0, 1.1)}, {'text': 'eu', 'timestamp': (1.12, 1.2)}, {'text': 'ouvi', 'timestamp': (1.26, 1.4)}, {'text': 'um', 'timestamp': (1.46, 1.5)}, {'text': 'filme', 'timestamp': (1.66, 1.88)}, {'text': 'que', 'timestamp': (1.94, 2.02)}];1,6666666666666667;0,8333333333333334;0,9444444444444444;1,3076923076923077
./audios/SP_D2_333_2035.68078_2036.78064.wav;2035,68078;2036,78064;[da Porta-Estandarte;da portaestandarte;1,0998600000000351;a parte estandarte;;[{'text': 'a', 'timestamp': (0.06, 0.08)}, {'text': 'parte', 'timestamp': (0.1, 0.28)}, {'text': 'estandarte', 'timestamp': (0.34, 0.96)}];1,5;1,0;1,0;0,2222222222222222
./audios/SP_D2_333_2038.40909_2039.24.wav;2038,40909;2039,24;[(é mas não não);é mas não não;0,8309099999999034;de essa sim filme;;[{'text': 'de', 'timestamp': (1.02, 1.08)}, {'text': 'essa', 'timestamp': (1.16, 1.3)}, {'text': 'sim', 'timestamp': (1.32, 1.46)}, {'text': 'filme', 'timestamp': (1.52, 1.72)}];1,0;1,0;1,0;1,0
./audios/SP_D2_333_2039.38137_2040.16.wav;2039,38137;2040,16;realmente é/ éh éh;realmente é eh eh;0,778630000000021;é miquele;;[{'text': 'é', 'timestamp': (1.0, 1.02)}, {'text': 'miquele', 'timestamp': (1.1, 1.86)}];0,75;0,75;0,875;0,8235294117647058
./audios/SP_D2_333_2040.16_2040.43284.wav;2040,16;2040,43284;não;não;0,2728399999998601;não;;[{'text': 'não', 'timestamp': (1.1, 1.2)}];0,0;0,0;0,0;0,0
./audios/SP_D2_333_2040.43284_2041.05757.wav;2040,43284;2041,05757;esse eu [não vi;esse eu não vi;0,6247299999999996;e cê não olho;;[{'text': 'e', 'timestamp': (1.1, 1.12)}, {'text': 'cê', 'timestamp': (1.2, 1.26)}, {'text': 'não', 'timestamp': (1.32, 1.38)}, {'text': 'olho', 'timestamp': (1.44, 1.56)}];0,75;0,75;0,9375;0,6428571428571429
./audios/SP_D2_333_2041.81251_2042.37052.wav;2041,81251;2042,37052;esse eu não vi;esse eu não vi;0,5580099999999675;este é no rio;;[{'text': 'este', 'timestamp': (1.06, 1.2)}, {'text': 'é', 'timestamp': (1.22, 1.24)}, {'text': 'no', 'timestamp': (1.28, 1.34)}, {'text': 'rio', 'timestamp': (1.4, 1.54)}];1,0;1,0;1,0;0,42857142857142855
./audios/SP_D2_333_2042.64_2044.05991.wav;2042,64;2044,05991;não mas o Orfeu do Carnaval não;não mas o orfeu do carnaval não;1,4199099999998452;não mas o orfeu de carnaval não;;[{'text': 'não', 'timestamp': (0.04, 0.14)}, {'text': 'mas', 'timestamp': (0.18, 0.26)}, {'text': 'o', 'timestamp': (0.32, 0.34)}, {'text': 'orfeu', 'timestamp': (0.42, 0.68)}, {'text': 'de', 'timestamp': (0.74, 0.78)}, {'text': 'carnaval', 'timestamp': (0.86, 1.26)}, {'text': 'não', 'timestamp': (1.3, 1.38)}];0,14285714285714285;0,14285714285714285;0,26530612244897966;0,03225806451612903
./audios/SP_D2_333_2044.05991_2046.13708.wav;2044,05991;2046,13708;Or/ Orfeu do Carnaval [foi feito;or orfeu do carnaval foi feito;2,0771700000000237;o oficio de carnaval foi feito;;[{'text': 'o', 'timestamp': (0.04, 0.06)}, {'text': 'oficio', 'timestamp': (0.12, 0.54)}, {'text': 'de', 'timestamp': (0.56, 0.6)}, {'text': 'carnaval', 'timestamp': (0.66, 1.18)}, {'text': 'foi', 'timestamp': (1.3, 1.4)}, {'text': 'feito', 'timestamp': (1.68, 1.92)}];0,5;0,5;0,75;0,23333333333333334
./audios/SP_D2_333_2047.326_2050.65812.wav;2047,326;2050,65812;[o o quem fez o [roteiro foi... [(foi) o Camus... [não é?;o o quem fez o roteiro foi foi o camus não é;3,3321200000000317;ou quem fez o pelo francesa o filho do o caminho não é;;[{'text': 'ou', 'timestamp': (0.06, 0.18)}, {'text': 'quem', 'timestamp': (0.38, 0.5)}, {'text': 'fez', 'timestamp': (0.58, 0.7)}, {'text': 'o', 'timestamp': (0.72, 0.74)}, {'text': 'pelo', 'timestamp': (0.82, 0.98)}, {'text': 'francesa', 'timestamp': (1.02, 1.5)}, {'text': 'o', 'timestamp': (1.6, 1.62)}, {'text': 'filho', 'timestamp': (1.84, 2.04)}, {'text': 'do', 'timestamp': (2.12, 2.18)}, {'text': 'o', 'timestamp': (2.54, 2.56)}, {'text': 'caminho', 'timestamp': (2.64, 3.0)}, {'text': 'não', 'timestamp': (3.12, 3.18)}, {'text': 'é', 'timestamp': (3.26, 3.28)}];0,6666666666666666;0,5714285714285714;0,7692307692307692;0,5454545454545454
./audios/SP_D2_333_2050.65812_2053.04609.wav;2050,65812;2053,04609;que era um:: parente do [Albert Camus;que era um parente do albert camus;2,3879699999997683;que era um parente do das marcas;;[{'text': 'que', 'timestamp': (0.12, 0.22)}, {'text': 'era', 'timestamp': (0.28, 0.36)}, {'text': 'um', 'timestamp': (0.46, 0.54)}, {'text': 'parente', 'timestamp': (0.82, 1.18)}, {'text': 'do', 'timestamp': (1.3, 1.36)}, {'text': 'das', 'timestamp': (1.58, 1.64)}, {'text': 'marcas', 'timestamp': (1.7, 2.16)}];0,2857142857142857;0,2857142857142857;0,4897959183673469;0,2647058823529412
./audios/SP_D2_333_2053.49605_2058.39181.wav;2053,49605;2058,39181;e:::... e Vinícius de Moraes fez o roteiro fez a música beLÍssima né?;e e vinícius de moraes fez o roteiro fez a música belíssima né;4,895759999999882;e e vinício de morais fez o roteiro e fez a música belíssima né;;[{'text': 'e', 'timestamp': (0.08, 0.1)}, {'text': 'e', 'timestamp': (1.68, 1.7)}, {'text': 'vinício', 'timestamp': (1.76, 2.06)}, {'text': 'de', 'timestamp': (2.1, 2.14)}, {'text': 'morais', 'timestamp': (2.2, 2.48)}, {'text': 'fez', 'timestamp': (2.58, 2.74)}, {'text': 'o', 'timestamp': (2.78, 2.82)}, {'text': 'roteiro', 'timestamp': (2.88, 3.26)}, {'text': 'e', 'timestamp': (3.3, 3.32)}, {'text': 'fez', 'timestamp': (3.36, 3.5)}, {'text': 'a', 'timestamp': (3.56, 3.6)}, {'text': 'música', 'timestamp': (3.66, 3.94)}, {'text': 'belíssima', 'timestamp': (4.02, 4.56)}, {'text': 'né', 'timestamp': (4.64, 4.68)}];0,23076923076923078;0,21428571428571427;0,3351648351648352;0,08064516129032258
./audios/SP_D2_333_2058.63187_2059.98175.wav;2058,63187;2059,98175;é uma música linDÍssima;é uma música lindíssima;1,3498799999997573;é uma música lindíssima;;[{'text': 'é', 'timestamp': (0.04, 0.06)}, {'text': 'uma', 'timestamp': (0.08, 0.14)}, {'text': 'música', 'timestamp': (0.16, 0.38)}, {'text': 'lindíssima', 'timestamp': (0.48, 1.12)}];0,0;0,0;0,0;0,0
./audios/SP_D2_333_2061.23098_2062.77629.wav;2061,23098;2062,77629;o filme todo passado no Rio;o filme todo passado no rio;1,5453099999999722;o filme de todo o passado no rio;;[{'text': 'o', 'timestamp': (0.12, 0.14)}, {'text': 'filme', 'timestamp': (0.2, 0.36)}, {'text': 'de', 'timestamp': (0.38, 0.42)}, {'text': 'todo', 'timestamp': (0.46, 0.56)}, {'text': 'o', 'timestamp': (0.58, 0.6)}, {'text': 'passado', 'timestamp': (0.66, 0.92)}, {'text': 'no', 'timestamp': (1.04, 1.12)}, {'text': 'rio', 'timestamp': (1.22, 1.4)}];0,3333333333333333;0,25;0,25;0,18518518518518517
./audios/SP_D2_333_2063.68594_2078.92511.wav;2063,68594;2078,92511;e com aquela:::... aquela transposição... da lenda do Orfeu que desce aos infernos não é?... para salvar Eurídice... éh:: aquela transposição para o Rio de Janeiro... aproveitando o Carnaval:: os sambas... foi muito bonito;e com aquela aquela transposição da lenda do orfeu que desce aos infernos não é para salvar eurídice eh aquela transposição para o rio de janeiro aproveitando o carnaval os sambas foi muito bonito;15,239170000000286;e com aquela aquela transposição da lenda do orfeu que desse ao inferno para salvar e lídice aquela transposição para o vídeo de janeiro aproveitando o carnaval os sambas foi muito bonito;;[{'text': 'e', 'timestamp': (0.08, 0.1)}, {'text': 'com', 'timestamp': (0.2, 0.3)}, {'text': 'aquela', 'timestamp': (0.36, 0.68)}, {'text': 'aquela', 'timestamp': (2.12, 2.34)}, {'text': 'transposição', 'timestamp': (2.46, 3.36)}, {'text': 'da', 'timestamp': (4.36, 4.44)}, {'text': 'lenda', 'timestamp': (4.66, 4.94)}, {'text': 'do', 'timestamp': (5.0, 5.04)}, {'text': 'orfeu', 'timestamp': (5.12, 5.56)}, {'text': 'que', 'timestamp': (5.68, 5.76)}, {'text': 'desse', 'timestamp': (5.84, 6.06)}, {'text': 'ao', 'timestamp': (6.1, 6.14)}, {'text': 'inferno', 'timestamp': (6.24, 6.66)}, {'text': 'para', 'timestamp': (6.98, 7.1)}, {'text': 'salvar', 'timestamp': (7.22, 7.54)}, {'text': 'e', 'timestamp': (7.6, 7.64)}, {'text': 'lídice', 'timestamp': (7.8, 8.26)}, {'text': 'aquela', 'timestamp': (9.82, 9.98)}, {'text': 'transposição', 'timestamp': (10.02, 10.5)}, {'text': 'para', 'timestamp': (10.56, 10.66)}, {'text': 'o', 'timestamp': (10.68, 10.7)}, {'text': 'vídeo', 'timestamp': (10.76, 10.96)}, {'text': 'de', 'timestamp': (11.0, 11.06)}, {'text': 'janeiro', 'timestamp': (11.1, 11.54)}, {'text': 'aproveitando', 'timestamp': (12.16, 12.64)}, {'text': 'o', 'timestamp': (12.66, 12.68)}, {'text': 'carnaval', 'timestamp': (12.72, 13.42)}, {'text': 'os', 'timestamp': (13.44, 13.54)}, {'text': 'sambas', 'timestamp': (13.72, 14.14)}, {'text': 'foi', 'timestamp': (14.58, 14.66)}, {'text': 'muito', 'timestamp': (14.72, 14.84)}, {'text': 'bonito', 'timestamp': (14.92, 15.16)}];0,23529411764705882;0,23529411764705882;0,3786764705882353;0,09183673469387756
./audios/SP_D2_333_2078.92511_2079.78729.wav;2078,92511;2079,78729;me lembro (que);me lembro que;0,8621800000000803;me lembro que eu disse;;[{'text': 'me', 'timestamp': (1.12, 1.18)}, {'text': 'lembro', 'timestamp': (1.22, 1.38)}, {'text': 'que', 'timestamp': (1.4, 1.46)}, {'text': 'eu', 'timestamp': (1.48, 1.52)}, {'text': 'disse', 'timestamp': (1.58, 1.76)}];0,6666666666666666;0,4;0,4;0,6923076923076923
./audios/SP_D2_333_2079.78729_2085.56.wav;2079,78729;2085,56;é um éh está aí um filme que se for passado novamente eu acho que encherá as plateias porque foi muito lindo;é um eh está aí um filme que se for passado novamente eu acho que encherá as plateias porque foi muito lindo;5,7727099999997336;está aí um filme que se for passado novamente eu acho que exera plates porque foi uma dúvida;;[{'text': 'está', 'timestamp': (0.44, 0.74)}, {'text': 'aí', 'timestamp': (0.78, 0.82)}, {'text': 'um', 'timestamp': (0.9, 0.94)}, {'text': 'filme', 'timestamp': (1.0, 1.14)}, {'text': 'que', 'timestamp': (1.2, 1.28)}, {'text': 'se', 'timestamp': (1.48, 1.54)}, {'text': 'for', 'timestamp': (1.64, 1.76)}, {'text': 'passado', 'timestamp': (1.94, 2.32)}, {'text': 'novamente', 'timestamp': (2.42, 2.96)}, {'text': 'eu', 'timestamp': (3.12, 3.18)}, {'text': 'acho', 'timestamp': (3.24, 3.36)}, {'text': 'que', 'timestamp': (3.4, 3.48)}, {'text': 'exera', 'timestamp': (3.66, 4.14)}, {'text': 'plates', 'timestamp': (4.26, 4.64)}, {'text': 'porque', 'timestamp': (4.74, 4.92)}, {'text': 'foi', 'timestamp': (5.0, 5.08)}, {'text': 'uma', 'timestamp': (5.18, 5.26)}, {'text': 'dúvida', 'timestamp': (5.34, 5.62)}];0,36363636363636365;0,36363636363636365;0,505050505050505;0,23148148148148148
./audios/SP_D2_333_2100.2575_2100.54876.wav;2100,2575;2100,54876;[hã;ah;0,29125999999996566;era;;[{'text': 'era', 'timestamp': (0.84, 1.26)}];1,0;1,0;1,0;1,5
./audios/SP_D2_333_2103.60165_2105.01104.wav;2103,60165;2105,01104;[( ) bem feito;bem feito;1,409389999999803;e é bem feito não é;;[{'text': 'e', 'timestamp': (0.3, 0.32)}, {'text': 'é', 'timestamp': (0.38, 0.4)}, {'text': 'bem', 'timestamp': (0.44, 0.54)}, {'text': 'feito', 'timestamp': (0.7, 1.2)}, {'text': 'não', 'timestamp': (1.22, 1.3)}, {'text': 'é', 'timestamp': (1.34, 1.36)}];2,0;0,6666666666666666;0,6666666666666667;1,1111111111111112
./audios/SP_D2_333_2105.10242_2107.40983.wav;2105,10242;2107,40983;[( ) paisagens maravilhosas;paisagens maravilhosas;2,3074099999998907;paisagem mariage;;[{'text': 'paisagem', 'timestamp': (0.68, 1.22)}, {'text': 'mariage', 'timestamp': (1.24, 1.68)}];1,0;1,0;1,0;0,45454545454545453
./audios/SP_D2_333_2109.6005_2126.07202.wav;2109,6005;2126,07202;e A Moreninha ficou justamente naquele musiCAL... naquela era dos musicais que eram tão gos/ éh produziam coisas tão gostosas aquela era produziu... realmente... hã hã você se lembra daqueles filmes de Janet McDo::nald aquelas... LINdos... e depois cessou essa época;e a moreninha ficou justamente naquele musical naquela era dos musicais que eram tão gos eh produziam coisas tão gostosas aquela era produziu realmente ah ah você se lembra daqueles filmes de janet mcdonald aquelas lindos e depois cessou essa época;16,471520000000055;e a mariquinha ficou justamente naquele musical aquela era dos musicais que eram tão produziam coisas tão gostosas aquela era produziam realmente e você se lembra daqueles filmes de janet mac dona da qelalindos e depois cê só essa época;;[{'text': 'e', 'timestamp': (0.16, 0.2)}, {'text': 'a', 'timestamp': (0.32, 0.34)}, {'text': 'mariquinha', 'timestamp': (0.38, 0.76)}, {'text': 'ficou', 'timestamp': (0.86, 1.18)}, {'text': 'justamente', 'timestamp': (1.32, 1.8)}, {'text': 'naquele', 'timestamp': (1.88, 2.18)}, {'text': 'musical', 'timestamp': (2.32, 2.94)}, {'text': 'aquela', 'timestamp': (3.46, 3.72)}, {'text': 'era', 'timestamp': (3.84, 4.0)}, {'text': 'dos', 'timestamp': (4.06, 4.16)}, {'text': 'musicais', 'timestamp': (4.24, 4.8)}, {'text': 'que', 'timestamp': (4.9, 4.96)}, {'text': 'eram', 'timestamp': (4.98, 5.1)}, {'text': 'tão', 'timestamp': (5.22, 5.46)}, {'text': 'produziam', 'timestamp': (6.14, 6.5)}, {'text': 'coisas', 'timestamp': (6.58, 6.76)}, {'text': 'tão', 'timestamp': (6.84, 6.92)}, {'text': 'gostosas', 'timestamp': (7.0, 7.48)}, {'text': 'aquela', 'timestamp': (7.52, 7.7)}, {'text': 'era', 'timestamp': (7.74, 7.82)}, {'text': 'produziam', 'timestamp': (7.94, 8.3)}, {'text': 'realmente', 'timestamp': (8.76, 9.14)}, {'text': 'e', 'timestamp': (9.66, 9.68)}, {'text': 'você', 'timestamp': (10.06, 10.18)}, {'text': 'se', 'timestamp': (10.26, 10.32)}, {'text': 'lembra', 'timestamp': (10.38, 10.58)}, {'text': 'daqueles', 'timestamp': (10.68, 10.94)}, {'text': 'filmes', 'timestamp': (11.08, 11.32)}, {'text': 'de', 'timestamp': (11.38, 11.42)}, {'text': 'janet', 'timestamp': (11.62, 11.78)}, {'text': 'mac', 'timestamp': (11.9, 11.98)}, {'text': 'dona', 'timestamp': (12.1, 12.52)}, {'text': 'da', 'timestamp': (12.64, 12.7)}, {'text': 'qelalindos', 'timestamp': (12.72, 13.9)}, {'text': 'e', 'timestamp': (14.44, 14.46)}, {'text': 'depois', 'timestamp': (14.56, 14.86)}, {'text': 'cê', 'timestamp': (14.98, 15.04)}, {'text': 'só', 'timestamp': (15.32, 15.38)}, {'text': 'essa', 'timestamp': (15.56, 15.76)}, {'text': 'época', 'timestamp': (15.9, 16.26)}];0,3170731707317073;0,3023255813953488;0,4512195121951219;0,125
./audios/SP_D2_333_2126.30828_2129.83038.wav;2126,30828;2129,83038;agora tão voltando parece com a ópera rock também [(que ela vem aí);agora tão voltando parece com a ópera rock também que ela vem aí;3,522099999999682;agora estão voltando parece com a ópera rock também topa;;[{'text': 'agora', 'timestamp': (0.1, 0.4)}, {'text': 'estão', 'timestamp': (0.54, 0.68)}, {'text': 'voltando', 'timestamp': (0.78, 1.14)}, {'text': 'parece', 'timestamp': (1.28, 1.48)}, {'text': 'com', 'timestamp': (1.58, 1.68)}, {'text': 'a', 'timestamp': (1.7, 1.72)}, {'text': 'ópera', 'timestamp': (1.82, 2.12)}, {'text': 'rock', 'timestamp': (2.24, 2.44)}, {'text': 'também', 'timestamp': (2.58, 2.74)}, {'text': 'topa', 'timestamp': (2.82, 3.04)}];0,38461538461538464;0,38461538461538464;0,5076923076923077;0,234375
./audios/SP_D2_333_2130.5305_2130.82827.wav;2130,5305;2130,82827;[é;é;0,29777000000012777;a;;[{'text': 'a', 'timestamp': (2.24, 2.26)}];1,0;1,0;1,0;1,0
./audios/SP_D2_333_2131.99914_2132.30323.wav;2131,99914;2132,30323;(Tomy);tomy;0,30409000000008746;tome;;[{'text': 'tome', 'timestamp': (1.02, 1.22)}];1,0;1,0;1,0;0,25
./audios/SP_D2_333_2132.77323_2142.8959.wav;2132,77323;2142,8959;mas:: a:: A Moreninha... mais ou menos se encaixa naquela... naquele filão... do musical norte-americano com olhar lírico né?;mas a a moreninha mais ou menos se encaixa naquela naquele filão do musical norteamericano com olhar lírico né;10,122670000000198;mas a a moreninha mais ou menos se encaixa naquele filão do musical norte americano como ele era lírico;;[{'text': 'mas', 'timestamp': (0.18, 0.56)}, {'text': 'a', 'timestamp': (0.7, 0.72)}, {'text': 'a', 'timestamp': (1.28, 1.34)}, {'text': 'moreninha', 'timestamp': (1.4, 1.96)}, {'text': 'mais', 'timestamp': (3.2, 3.38)}, {'text': 'ou', 'timestamp': (3.44, 3.5)}, {'text': 'menos', 'timestamp': (3.54, 3.72)}, {'text': 'se', 'timestamp': (3.8, 3.86)}, {'text': 'encaixa', 'timestamp': (3.92, 4.4)}, {'text': 'naquele', 'timestamp': (6.12, 6.36)}, {'text': 'filão', 'timestamp': (6.46, 6.78)}, {'text': 'do', 'timestamp': (7.42, 7.48)}, {'text': 'musical', 'timestamp': (7.56, 7.94)}, {'text': 'norte', 'timestamp': (8.02, 8.24)}, {'text': 'americano', 'timestamp': (8.3, 8.78)}, {'text': 'como', 'timestamp': (8.88, 9.0)}, {'text': 'ele', 'timestamp': (9.02, 9.14)}, {'text': 'era', 'timestamp': (9.2, 9.3)}, {'text': 'lírico', 'timestamp': (9.4, 9.84)}];0,3684210526315789;0,3333333333333333;0,4570637119113574;0,16363636363636364
./audios/SP_D2_333_2143.22982_2143.94419.wav;2143,22982;2143,94419;tão bonito;tão bonito;0,7143700000001445;tão bonito;;[{'text': 'tão', 'timestamp': (1.0, 1.1)}, {'text': 'bonito', 'timestamp': (1.18, 1.46)}];0,0;0,0;0,0;0,0
./audios/SP_D2_333_2154.98749_2165.39687.wav;2154,98749;2165,39687;olha eu costumo dizer::... ao meu primo-irmão e mais irmão do que primo e ao seu irmão... (Miro Leal)... éh que eu gosto tanto de teatro que não vou ao teatro;olha eu costumo dizer ao meu primoirmão e mais irmão do que primo e ao seu irmão miro leal eh que eu gosto tanto de teatro que não vou ao teatro;10,409380000000056;olha eu costumo dizer ao meu primo irmão e mais irmão do que o primo e ao seu irmão miroel que eu gosto tanto de teatro que não vou ao teatro;;[{'text': 'olha', 'timestamp': (0.16, 0.36)}, {'text': 'eu', 'timestamp': (0.48, 0.54)}, {'text': 'costumo', 'timestamp': (0.64, 0.92)}, {'text': 'dizer', 'timestamp': (1.02, 1.32)}, {'text': 'ao', 'timestamp': (2.14, 2.22)}, {'text': 'meu', 'timestamp': (2.4, 2.54)}, {'text': 'primo', 'timestamp': (2.78, 3.0)}, {'text': 'irmão', 'timestamp': (3.12, 3.42)}, {'text': 'e', 'timestamp': (3.56, 3.58)}, {'text': 'mais', 'timestamp': (3.7, 3.86)}, {'text': 'irmão', 'timestamp': (3.92, 4.14)}, {'text': 'do', 'timestamp': (4.2, 4.24)}, {'text': 'que', 'timestamp': (4.28, 4.36)}, {'text': 'o', 'timestamp': (4.4, 4.42)}, {'text': 'primo', 'timestamp': (4.52, 4.7)}, {'text': 'e', 'timestamp': (4.78, 4.8)}, {'text': 'ao', 'timestamp': (4.84, 4.92)}, {'text': 'seu', 'timestamp': (5.0, 5.12)}, {'text': 'irmão', 'timestamp': (5.2, 5.88)}, {'text': 'miroel', 'timestamp': (6.42, 6.8)}, {'text': 'que', 'timestamp': (7.7, 7.76)}, {'text': 'eu', 'timestamp': (7.78, 7.86)}, {'text': 'gosto', 'timestamp': (7.92, 8.12)}, {'text': 'tanto', 'timestamp': (8.32, 8.5)}, {'text': 'de', 'timestamp': (8.6, 8.66)}, {'text': 'teatro', 'timestamp': (8.78, 9.16)}, {'text': 'que', 'timestamp': (9.24, 9.32)}, {'text': 'não', 'timestamp': (9.38, 9.46)}, {'text': 'vou', 'timestamp': (9.56, 9.66)}, {'text': 'ao', 'timestamp': (9.7, 9.74)}, {'text': 'teatro', 'timestamp': (9.84, 10.26)}];0,1935483870967742;0,18181818181818182;0,2414151925078044;0,0625
./audios/SP_D2_333_2165.67584_2170.55969.wav;2165,67584;2170,55969;(por) o teatro nacional... estar me desgostando de uns tempos para cá está me desgostando;por o teatro nacional estar me desgostando de uns tempos para cá está me desgostando;4,883850000000166;porque o teatro nacional estava me desgostando de uns tempos para cá estava me desgostando;;[{'text': 'porque', 'timestamp': (0.0, 0.14)}, {'text': 'o', 'timestamp': (0.16, 0.18)}, {'text': 'teatro', 'timestamp': (0.26, 0.58)}, {'text': 'nacional', 'timestamp': (0.74, 1.16)}, {'text': 'estava', 'timestamp': (1.94, 2.2)}, {'text': 'me', 'timestamp': (2.26, 2.3)}, {'text': 'desgostando', 'timestamp': (2.36, 2.88)}, {'text': 'de', 'timestamp': (2.96, 3.0)}, {'text': 'uns', 'timestamp': (3.04, 3.12)}, {'text': 'tempos', 'timestamp': (3.16, 3.36)}, {'text': 'para', 'timestamp': (3.44, 3.58)}, {'text': 'cá', 'timestamp': (3.7, 3.76)}, {'text': 'estava', 'timestamp': (3.84, 4.06)}, {'text': 'me', 'timestamp': (4.1, 4.16)}, {'text': 'desgostando', 'timestamp': (4.22, 4.7)}];0,2;0,2;0,3599999999999999;0,09523809523809523
./audios/SP_D2_333_2171.05701_2216.99798.wav;2171,05701;2216,99798;ao par de muitas coisas positivas havia tanta coisa negativa... hã:: que eu me sentia:: roubada de meus momentos de lazer e de descanso na minha casa... podendo ver na... na minha televisão... enfim:: opções para diversos canais... podendo PES::car alguma coisa boa ficar duas horas sentadas... às vezes em teatros com plateias bastantes incômodas e (coisa)... vendo... ah:: textos discutíveis... interpretações sempre boas porque eu acho que nós temos grandes atores eu acho que nós somos muito ricos nesse material do a/ do ator... direções ótimas mas às vezes textos... indigentes... Apelativos... então eu fiquei muito tempo sem ir ao teatro;ao par de muitas coisas positivas havia tanta coisa negativa ah que eu me sentia roubada de meus momentos de lazer e de descanso na minha casa podendo ver na na minha televisão enfim opções para diversos canais podendo pescar alguma coisa boa ficar duas horas sentadas às vezes em teatros com plateias bastantes incômodas e coisa vendo ah textos discutíveis interpretações sempre boas porque eu acho que nós temos grandes atores eu acho que nós somos muito ricos nesse material do a do ator direções ótimas mas às vezes textos indigentes apelativos então eu fiquei muito tempo sem ir ao teatro;45,94097000000011;ao par de muitas coisas positivas havia tanta coisa negativa e que eu me sentia roubada dos meus momentos de lazer e de descanso na minha casa podendo ver na na minha televisão enfim opções para diversos canais podendo pescar alguma coisa boa ficar duas horas sentadas às vezes em teatros com plates bastante incômodas e coisa vendo a textos discutíveis interpretações sempre boas porque eu acho que nós temos grandes atores eu acho que nós somos muito ricos nesse material do a do ator direções ótimas mas às vezes textos indigentes apelativos eno eu fiquei muito tempo sem ir ao teatro;;[{'text': 'ao', 'timestamp': (0.1, 0.14)}, {'text': 'par', 'timestamp': (0.26, 0.4)}, {'text': 'de', 'timestamp': (0.46, 0.52)}, {'text': 'muitas', 'timestamp': (0.56, 0.78)}, {'text': 'coisas', 'timestamp': (0.9, 1.14)}, {'text': 'positivas', 'timestamp': (1.24, 1.82)}, {'text': 'havia', 'timestamp': (2.06, 2.28)}, {'text': 'tanta', 'timestamp': (2.34, 2.52)}, {'text': 'coisa', 'timestamp': (2.62, 2.78)}, {'text': 'negativa', 'timestamp': (2.86, 3.42)}, {'text': 'e', 'timestamp': (4.76, 4.78)}, {'text': 'que', 'timestamp': (5.42, 5.48)}, {'text': 'eu', 'timestamp': (5.54, 5.58)}, {'text': 'me', 'timestamp': (5.64, 5.7)}, {'text': 'sentia', 'timestamp': (5.8, 6.22)}, {'text': 'roubada', 'timestamp': (6.74, 7.26)}, {'text': 'dos', 'timestamp': (7.4, 7.5)}, {'text': 'meus', 'timestamp': (7.6, 7.74)}, {'text': 'momentos', 'timestamp': (7.84, 8.18)}, {'text': 'de', 'timestamp': (8.28, 8.34)}, {'text': 'lazer', 'timestamp': (8.42, 8.96)}, {'text': 'e', 'timestamp': (9.02, 9.04)}, {'text': 'de', 'timestamp': (9.12, 9.18)}, {'text': 'descanso', 'timestamp': (9.26, 9.74)}, {'text': 'na', 'timestamp': (9.82, 9.86)}, {'text': 'minha', 'timestamp': (9.94, 10.08)}, {'text': 'casa', 'timestamp': (10.22, 10.5)}, {'text': 'podendo', 'timestamp': (11.24, 11.48)}, {'text': 'ver', 'timestamp': (11.62, 11.72)}, {'text': 'na', 'timestamp': (11.8, 11.86)}, {'text': 'na', 'timestamp': (12.18, 12.24)}, {'text': 'minha', 'timestamp': (12.34, 12.5)}, {'text': 'televisão', 'timestamp': (12.58, 13.12)}, {'text': 'enfim', 'timestamp': (13.94, 14.18)}, {'text': 'opções', 'timestamp': (14.62, 15.08)}, {'text': 'para', 'timestamp': (15.24, 15.36)}, {'text': 'diversos', 'timestamp': (15.4, 15.76)}, {'text': 'canais', 'timestamp': (15.86, 16.24)}, {'text': 'podendo', 'timestamp': (17.12, 17.44)}, {'text': 'pescar', 'timestamp': (17.64, 18.22)}, {'text': 'alguma', 'timestamp': (18.32, 18.52)}, {'text': 'coisa', 'timestamp': (18.62, 18.84)}, {'text': 'boa', 'timestamp': (19.0, 19.24)}, {'text': 'ficar', 'timestamp': (19.44, 19.7)}, {'text': 'duas', 'timestamp': (19.82, 20.02)}, {'text': 'horas', 'timestamp': (20.1, 20.3)}, {'text': 'sentadas', 'timestamp': (20.4, 21.16)}, {'text': 'às', 'timestamp': (21.8, 21.9)}, {'text': 'vezes', 'timestamp': (22.0, 22.32)}, {'text': 'em', 'timestamp': (22.42, 22.48)}, {'text': 'teatros', 'timestamp': (22.6, 23.06)}, {'text': 'com', 'timestamp': (23.12, 23.2)}, {'text': 'plates', 'timestamp': (23.28, 23.68)}, {'text': 'bastante', 'timestamp': (23.78, 24.06)}, {'text': 'incômodas', 'timestamp': (24.2, 24.74)}, {'text': 'e', 'timestamp': (24.88, 24.9)}, {'text': 'coisa', 'timestamp': (24.98, 25.14)}, {'text': 'vendo', 'timestamp': (25.76, 26.06)}, {'text': 'a', 'timestamp': (26.66, 26.68)}, {'text': 'textos', 'timestamp': (27.04, 27.42)}, {'text': 'discutíveis', 'timestamp': (27.5, 28.28)}, {'text': 'interpretações', 'timestamp': (28.98, 29.62)}, {'text': 'sempre', 'timestamp': (29.7, 29.92)}, {'text': 'boas', 'timestamp': (30.04, 30.28)}, {'text': 'porque', 'timestamp': (30.4, 30.56)}, {'text': 'eu', 'timestamp': (30.58, 30.62)}, {'text': 'acho', 'timestamp': (30.64, 30.74)}, {'text': 'que', 'timestamp': (30.78, 30.84)}, {'text': 'nós', 'timestamp': (30.88, 30.96)}, {'text': 'temos', 'timestamp': (31.02, 31.2)}, {'text': 'grandes', 'timestamp': (31.3, 31.6)}, {'text': 'atores', 'timestamp': (31.7, 32.14)}, {'text': 'eu', 'timestamp': (32.98, 33.04)}, {'text': 'acho', 'timestamp': (33.06, 33.16)}, {'text': 'que', 'timestamp': (33.2, 33.26)}, {'text': 'nós', 'timestamp': (33.28, 33.36)}, {'text': 'somos', 'timestamp': (33.44, 33.6)}, {'text': 'muito', 'timestamp': (33.68, 33.86)}, {'text': 'ricos', 'timestamp': (34.0, 34.3)}, {'text': 'nesse', 'timestamp': (34.42, 34.62)}, {'text': 'material', 'timestamp': (34.7, 35.06)}, {'text': 'do', 'timestamp': (35.16, 35.22)}, {'text': 'a', 'timestamp': (35.3, 35.32)}, {'text': 'do', 'timestamp': (35.54, 35.6)}, {'text': 'ator', 'timestamp': (35.66, 35.96)}, {'text': 'direções', 'timestamp': (36.6, 37.28)}, {'text': 'ótimas', 'timestamp': (37.42, 37.92)}, {'text': 'mas', 'timestamp': (38.18, 38.32)}, {'text': 'às', 'timestamp': (38.4, 38.48)}, {'text': 'vezes', 'timestamp': (38.56, 38.84)}, {'text': 'textos', 'timestamp': (39.06, 39.52)}, {'text': 'indigentes', 'timestamp': (39.74, 40.6)}, {'text': 'apelativos', 'timestamp': (41.36, 42.5)}, {'text': 'eno', 'timestamp': (43.72, 43.96)}, {'text': 'eu', 'timestamp': (44.04, 44.08)}, {'text': 'fiquei', 'timestamp': (44.12, 44.3)}, {'text': 'muito', 'timestamp': (44.34, 44.48)}, {'text': 'tempo', 'timestamp': (44.56, 44.74)}, {'text': 'sem', 'timestamp': (44.86, 44.98)}, {'text': 'ir', 'timestamp': (45.06, 45.14)}, {'text': 'ao', 'timestamp': (45.22, 45.26)}, {'text': 'teatro', 'timestamp': (45.36, 45.78)}];0,058823529411764705;0,058823529411764705;0,11418685121107264;0,016863406408094434
./audios/SP_D2_333_2218.23894_2234.19033.wav;2218,23894;2234,19033;éh:: ultimamente de coisas boas que eu tenho visto... ah::... deixa eu ver... (eu não)... quer dizer eu não poderia dizer assim a rigor porque muitos espetáculos me escaparam;eh ultimamente de coisas boas que eu tenho visto ah deixa eu ver eu não quer dizer eu não poderia dizer assim a rigor porque muitos espetáculos me escaparam;15,95138999999972;eh ultimamente de coisas boas que eu tenho visto deixa ver eu não quero dizer eu não poderia dizer assim a rigor porque muitos espetáculos me escaparam;;[{'text': 'eh', 'timestamp': (0.08, 0.18)}, {'text': 'ultimamente', 'timestamp': (0.62, 1.44)}, {'text': 'de', 'timestamp': (1.94, 2.0)}, {'text': 'coisas', 'timestamp': (2.12, 2.42)}, {'text': 'boas', 'timestamp': (2.54, 2.76)}, {'text': 'que', 'timestamp': (2.86, 2.98)}, {'text': 'eu', 'timestamp': (3.0, 3.04)}, {'text': 'tenho', 'timestamp': (3.1, 3.26)}, {'text': 'visto', 'timestamp': (3.44, 3.92)}, {'text': 'deixa', 'timestamp': (10.0, 10.2)}, {'text': 'ver', 'timestamp': (10.34, 10.48)}, {'text': 'eu', 'timestamp': (11.26, 11.34)}, {'text': 'não', 'timestamp': (11.8, 11.92)}, {'text': 'quero', 'timestamp': (12.1, 12.24)}, {'text': 'dizer', 'timestamp': (12.28, 12.42)}, {'text': 'eu', 'timestamp': (12.52, 12.58)}, {'text': 'não', 'timestamp': (12.7, 12.78)}, {'text': 'poderia', 'timestamp': (12.86, 13.16)}, {'text': 'dizer', 'timestamp': (13.24, 13.46)}, {'text': 'assim', 'timestamp': (13.52, 13.74)}, {'text': 'a', 'timestamp': (13.78, 13.8)}, {'text': 'rigor', 'timestamp': (13.88, 14.08)}, {'text': 'porque', 'timestamp': (14.12, 14.3)}, {'text': 'muitos', 'timestamp': (14.36, 14.56)}, {'text': 'espetáculos', 'timestamp': (14.66, 15.12)}, {'text': 'me', 'timestamp': (15.22, 15.26)}, {'text': 'escaparam', 'timestamp': (15.38, 15.86)}];0,10344827586206896;0,10344827586206896;0,13665389527458494;0,04487179487179487
./audios/SP_D2_333_2234.78188_2246.34967.wav;2234,78188;2246,34967;um deles que eu gostei... mas que não é um espetáculo brasileiro... porque:: foi todo adapTAdo do:: do musical americano... foi o Dom Quixote;um deles que eu gostei mas que não é um espetáculo brasileiro porque foi todo adaptado do do musical americano foi o dom quixote;11,567790000000059;um deles se eu gostei mas que não é um espetáculo brasileiro porque foi todo adaptado do musical americano foi o dont short;;[{'text': 'um', 'timestamp': (0.08, 0.18)}, {'text': 'deles', 'timestamp': (0.26, 0.46)}, {'text': 'se', 'timestamp': (0.54, 0.62)}, {'text': 'eu', 'timestamp': (0.68, 0.72)}, {'text': 'gostei', 'timestamp': (0.78, 1.14)}, {'text': 'mas', 'timestamp': (1.62, 1.74)}, {'text': 'que', 'timestamp': (1.82, 1.88)}, {'text': 'não', 'timestamp': (1.94, 2.02)}, {'text': 'é', 'timestamp': (2.1, 2.12)}, {'text': 'um', 'timestamp': (2.16, 2.2)}, {'text': 'espetáculo', 'timestamp': (2.26, 2.8)}, {'text': 'brasileiro', 'timestamp': (2.9, 3.46)}, {'text': 'porque', 'timestamp': (4.62, 5.0)}, {'text': 'foi', 'timestamp': (6.02, 6.14)}, {'text': 'todo', 'timestamp': (6.24, 6.4)}, {'text': 'adaptado', 'timestamp': (6.46, 7.16)}, {'text': 'do', 'timestamp': (7.34, 8.2)}, {'text': 'musical', 'timestamp': (8.28, 8.8)}, {'text': 'americano', 'timestamp': (9.16, 9.68)}, {'text': 'foi', 'timestamp': (10.14, 10.36)}, {'text': 'o', 'timestamp': (10.42, 10.44)}, {'text': 'dont', 'timestamp': (10.54, 10.72)}, {'text': 'short', 'timestamp': (10.94, 11.36)}];0,16666666666666666;0,16666666666666666;0,2753623188405797;0,1015625
./audios/SP_D2_333_2246.94594_2247.88795.wav;2246,94594;2247,88795;com a Bibi [Ferreira;com a bibi ferreira;0,9420099999997547;qua bibi ferraça;;[{'text': 'qua', 'timestamp': (1.06, 1.14)}, {'text': 'bibi', 'timestamp': (1.18, 1.34)}, {'text': 'ferraça', 'timestamp': (1.46, 1.92)}];0,75;0,75;0,9166666666666666;0,3684210526315789
./audios/SP_D2_333_2248.73213_2249.0616.wav;2248,73213;2249,0616;[e;e;0,3294700000001285;não deixe;;[{'text': 'não', 'timestamp': (0.96, 1.06)}, {'text': 'deixe', 'timestamp': (1.1, 1.26)}];2,0;1,0;1,0;8,0
./audios/SP_D2_333_2250.99169_2251.72972.wav;2250,99169;2251,72972;sobre... sob/;sobre sob;0,7380299999999806;se lisa;;[{'text': 'se', 'timestamp': (1.1, 1.16)}, {'text': 'lisa', 'timestamp': (1.24, 1.7)}];1,0;1,0;1,0;0,7777777777777778
./audios/SP_D2_333_2251.72972_2252.20558.wav;2251,72972;2252,20558;eu não vi;eu não vi;0,4758600000000115;eu não vi;;[{'text': 'eu', 'timestamp': (1.06, 1.14)}, {'text': 'não', 'timestamp': (1.2, 1.28)}, {'text': 'vi', 'timestamp': (1.36, 1.4)}];0,0;0,0;0,0;0,0
./audios/SP_D2_333_2252.20558_2252.978.wav;2252,20558;2252,978;esse eu [não vi;esse eu não vi;0,7724200000002384;e se na gotosa;;[{'text': 'e', 'timestamp': (0.98, 1.0)}, {'text': 'se', 'timestamp': (1.14, 1.2)}, {'text': 'na', 'timestamp': (1.28, 1.32)}, {'text': 'gotosa', 'timestamp': (1.4, 1.74)}];1,0;1,0;1,0;0,6428571428571429
./audios/SP_D2_333_2252.978_2254.65722.wav;2252,978;2254,65722;( ) me [disseram que foi muito [bom;me disseram que foi muito bom;1,6792199999999866;foi interessante se era foi muito;;[{'text': 'foi', 'timestamp': (0.3, 0.36)}, {'text': 'interessante', 'timestamp': (0.4, 0.88)}, {'text': 'se', 'timestamp': (0.96, 1.1)}, {'text': 'era', 'timestamp': (1.12, 1.2)}, {'text': 'foi', 'timestamp': (1.28, 1.34)}, {'text': 'muito', 'timestamp': (1.42, 1.52)}];0,8333333333333334;0,7142857142857143;0,8888888888888888;0,7241379310344828
./audios/SP_D2_333_2255.52049_2256.43273.wav;2255,52049;2256,43273;sobre o Augusto dos Anjos;sobre o augusto dos anjos;0,9122400000001107;sobre alguns dos ecos;;[{'text': 'sobre', 'timestamp': (1.04, 1.18)}, {'text': 'alguns', 'timestamp': (1.22, 1.38)}, {'text': 'dos', 'timestamp': (1.42, 1.5)}, {'text': 'ecos', 'timestamp': (1.58, 1.78)}];0,6;0,6;0,8;0,36
./audios/SP_D2_333_2256.9957_2273.42773.wav;2256,9957;2273,42773;e vi um espetáculo... éh bastante contestável porque bem::... dentro daquele esquema do... do teatro do palavrão... pelo palavrão... mas MUIto bem interpretado... que é Roda Cor de Roda;e vi um espetáculo eh bastante contestável porque bem dentro daquele esquema do do teatro do palavrão pelo palavrão mas muito bem interpretado que é roda cor de roda;16,43202999999994;e vi um espetáculo bastante contestado a bokep dentro daquele esquema do teatro do palavrão pelo palavrão mas muito bem interpretado que a roda a cor de roda;;[{'text': 'e', 'timestamp': (0.06, 0.08)}, {'text': 'vi', 'timestamp': (0.28, 0.34)}, {'text': 'um', 'timestamp': (0.72, 0.8)}, {'text': 'espetáculo', 'timestamp': (0.84, 1.54)}, {'text': 'bastante', 'timestamp': (2.48, 3.16)}, {'text': 'contestado', 'timestamp': (3.42, 4.26)}, {'text': 'a', 'timestamp': (4.34, 4.36)}, {'text': 'bokep', 'timestamp': (4.46, 5.02)}, {'text': 'dentro', 'timestamp': (7.06, 7.3)}, {'text': 'daquele', 'timestamp': (7.38, 7.7)}, {'text': 'esquema', 'timestamp': (7.78, 8.26)}, {'text': 'do', 'timestamp': (9.46, 9.5)}, {'text': 'teatro', 'timestamp': (9.62, 9.96)}, {'text': 'do', 'timestamp': (10.02, 10.08)}, {'text': 'palavrão', 'timestamp': (10.16, 10.64)}, {'text': 'pelo', 'timestamp': (11.14, 11.3)}, {'text': 'palavrão', 'timestamp': (11.38, 11.84)}, {'text': 'mas', 'timestamp': (12.74, 12.86)}, {'text': 'muito', 'timestamp': (13.1, 13.46)}, {'text': 'bem', 'timestamp': (13.64, 13.8)}, {'text': 'interpretado', 'timestamp': (13.9, 14.68)}, {'text': 'que', 'timestamp': (14.98, 15.06)}, {'text': 'a', 'timestamp': (15.14, 15.16)}, {'text': 'roda', 'timestamp': (15.26, 15.44)}, {'text': 'a', 'timestamp': (15.52, 15.54)}, {'text': 'cor', 'timestamp': (15.58, 15.68)}, {'text': 'de', 'timestamp': (15.74, 15.8)}, {'text': 'roda', 'timestamp': (15.9, 16.22)}];0,2413793103448276;0,23333333333333334;0,3485221674876847;0,13333333333333333
./audios/SP_D2_333_2275.57926_2289.92185.wav;2275,57926;2289,92185;éh com a interpretação maior de uma atriz Irene Ravache que este ano... tirou... o prêmio... da pê cê á... de melhor atriz... tirou o prêmio da pê cê á de melhor atriz de televisão... e tirou o Molière agora;eh com a interpretação maior de uma atriz irene ravache que este ano tirou o prêmio da pê cê á de melhor atriz tirou o prêmio da pê cê á de melhor atriz de televisão e tirou o molire agora;14,3425900000002;com a interpretação maior de matriz irene ravache cristiano tirou o prêmio da pa de melhor atriz tirou o prêmio da sede melhor atriz de televisão e tirou o mulher agora;;[{'text': 'com', 'timestamp': (0.2, 0.28)}, {'text': 'a', 'timestamp': (0.32, 0.34)}, {'text': 'interpretação', 'timestamp': (0.4, 1.02)}, {'text': 'maior', 'timestamp': (1.1, 1.44)}, {'text': 'de', 'timestamp': (1.56, 1.62)}, {'text': 'matriz', 'timestamp': (1.68, 2.12)}, {'text': 'irene', 'timestamp': (2.24, 2.56)}, {'text': 'ravache', 'timestamp': (2.64, 3.1)}, {'text': 'cristiano', 'timestamp': (3.22, 3.82)}, {'text': 'tirou', 'timestamp': (4.56, 4.86)}, {'text': 'o', 'timestamp': (5.22, 5.26)}, {'text': 'prêmio', 'timestamp': (5.36, 5.74)}, {'text': 'da', 'timestamp': (6.38, 6.42)}, {'text': 'pa', 'timestamp': (6.54, 6.94)}, {'text': 'de', 'timestamp': (7.86, 7.9)}, {'text': 'melhor', 'timestamp': (8.02, 8.28)}, {'text': 'atriz', 'timestamp': (8.38, 8.76)}, {'text': 'tirou', 'timestamp': (9.4, 9.64)}, {'text': 'o', 'timestamp': (9.7, 9.72)}, {'text': 'prêmio', 'timestamp': (9.84, 10.12)}, {'text': 'da', 'timestamp': (10.2, 10.26)}, {'text': 'sede', 'timestamp': (10.54, 11.16)}, {'text': 'melhor', 'timestamp': (11.24, 11.54)}, {'text': 'atriz', 'timestamp': (11.6, 11.86)}, {'text': 'de', 'timestamp': (11.92, 11.96)}, {'text': 'televisão', 'timestamp': (12.02, 12.5)}, {'text': 'e', 'timestamp': (13.04, 13.06)}, {'text': 'tirou', 'timestamp': (13.14, 13.36)}, {'text': 'o', 'timestamp': (13.44, 13.46)}, {'text': 'mulher', 'timestamp': (13.52, 13.88)}, {'text': 'agora', 'timestamp': (13.98, 14.26)}];0,35;0,35;0,45483870967741935;0,16489361702127658
./audios/SP_D2_333_2291.07652_2300.52.wav;2291,07652;2300,52;essa:: atriz revelou-se realmente neste ano... fazendo um papel duma::... parece que (era) Amélia Batalha;essa atriz revelouse realmente neste ano fazendo um papel duma parece que era amélia batalha;9,443479999999909;essa a triste revelou-se realmente neste ano fazendo um papel de uma parece que isso era amélia batalha;;[{'text': 'essa', 'timestamp': (0.06, 0.44)}, {'text': 'a', 'timestamp': (0.98, 1.0)}, {'text': 'triste', 'timestamp': (1.26, 1.66)}, {'text': 'revelou-se', 'timestamp': (1.96, 2.54)}, {'text': 'realmente', 'timestamp': (2.66, 3.04)}, {'text': 'neste', 'timestamp': (3.14, 3.34)}, {'text': 'ano', 'timestamp': (3.42, 3.5)}, {'text': 'fazendo', 'timestamp': (4.92, 5.26)}, {'text': 'um', 'timestamp': (5.34, 5.38)}, {'text': 'papel', 'timestamp': (5.48, 5.88)}, {'text': 'de', 'timestamp': (6.04, 6.08)}, {'text': 'uma', 'timestamp': (6.14, 6.24)}, {'text': 'parece', 'timestamp': (7.42, 7.58)}, {'text': 'que', 'timestamp': (7.6, 7.68)}, {'text': 'isso', 'timestamp': (7.7, 7.8)}, {'text': 'era', 'timestamp': (7.84, 7.9)}, {'text': 'amélia', 'timestamp': (7.92, 8.58)}, {'text': 'batalha', 'timestamp': (8.7, 9.34)}];0,4;0,3333333333333333;0,4666666666666667;0,13043478260869565
./audios/SP_D2_333_2301.63973_2391.70899.wav;2301,63973;2391,70899;é um texto de Leilah Assunção... bastante discutível... em que ela faz a análise do::: da guerra entre os sexos... hã::: do papel... que a mulher... éh poderia ter:: deveria ter:: que lhe é rouBAdo... então ela coloca a mulher::... primeiro a a a éh a mulher obJEto... --mas sempre num sentido caricatural uma visão caricatural da coisa-- a mulher objeto... depois a mulher que percebe que o marido tem amante... aí resolve se vingar... e aí ela passa para o lugar da amante... depois a mulher... tão acima dos preconceitos... que passa a viver em comum com a amante do marido... aí então é a forma da::: do homossexualismo feminino... que ela... que ela cari/ ah faz uma caricatura... e depois de todos esses jogos... --hã:: da mulher:: objeto a mulher hã libertando-se sexualmente... e e e tendo amantes e depois a mulher::... também seguindo... uma tendência anômala... do sexo que seria o mesmo sexo--... depois disso tudo os três:: protagonistas se encontram... para chegar à conclusão... de que a vida é uma::... é uma inutilidade de que a vida está toda errada... que há que recomeçar em algum lugar alguma coisa nova... porque o jogo está completamente errado;é um texto de leilah assunção bastante discutível em que ela faz a análise do da guerra entre os sexos ah do papel que a mulher eh poderia ter deveria ter que lhe é roubado então ela coloca a mulher primeiro a a a eh a mulher objeto mas sempre num sentido caricatural uma visão caricatural da coisa a mulher objeto depois a mulher que percebe que o marido tem amante aí resolve se vingar e aí ela passa para o lugar da amante depois a mulher tão acima dos preconceitos que passa a viver em comum com a amante do marido aí então é a forma da do homossexualismo feminino que ela que ela cari ah faz uma caricatura e depois de todos esses jogos ah da mulher objeto a mulher ah libertandose sexualmente e e e tendo amantes e depois a mulher também seguindo uma tendência anômala do sexo que seria o mesmo sexo depois disso tudo os três protagonistas se encontram para chegar à conclusão de que a vida é uma é uma inutilidade de que a vida está toda errada que há que recomeçar em algum lugar alguma coisa nova porque o jogo está completamente errado;90,06926000000021;é um texto de lei afunção bastante discutível em que ela faz a análise do da guerra entre os sexos e do papel que a mulher poderia ter deveria ter que lhe é roubado então ela coloca a mulher primeiro e a mulher objeto mas sempre num sentido caricatural uma visão caricatural da coisa a mulher objeto depois a mulher que percebe que o marido tenha amante aí resolve se vingar e aí ela passa para o lugar da mente depois a mulher tão acima dos preconceitos que passa a viver em comum com amante do marido a então é a forma da do homossexualismo feminino que ela que ela cria faz uma caricatura e depois de todos esses jogos e da mulher objeto a mulher a libertando-se sexualmente e tembamantes e depois a mulher também se tudo uma tendência anômula do sexo que seria o mesmo sexo e depois disso tudo os três protagonistas se encontram para chegar à conclusão e que a vida é uma é a mesma utilidade que a vida até toda errada que há que recomeçar em algum lugar alguma coisa nova e que o jogo está completamente errado;;[{'text': 'é', 'timestamp': (0.08, 0.1)}, {'text': 'um', 'timestamp': (0.22, 0.28)}, {'text': 'texto', 'timestamp': (0.44, 0.7)}, {'text': 'de', 'timestamp': (0.78, 0.84)}, {'text': 'lei', 'timestamp': (0.9, 1.02)}, {'text': 'afunção', 'timestamp': (1.14, 1.84)}, {'text': 'bastante', 'timestamp': (2.62, 3.0)}, {'text': 'discutível', 'timestamp': (3.1, 3.72)}, {'text': 'em', 'timestamp': (5.86, 5.92)}, {'text': 'que', 'timestamp': (6.02, 6.1)}, {'text': 'ela', 'timestamp': (6.16, 6.28)}, {'text': 'faz', 'timestamp': (6.44, 6.7)}, {'text': 'a', 'timestamp': (6.78, 6.8)}, {'text': 'análise', 'timestamp': (6.88, 7.46)}, {'text': 'do', 'timestamp': (7.64, 7.72)}, {'text': 'da', 'timestamp': (8.68, 8.74)}, {'text': 'guerra', 'timestamp': (8.88, 9.2)}, {'text': 'entre', 'timestamp': (9.32, 9.54)}, {'text': 'os', 'timestamp': (9.6, 9.64)}, {'text': 'sexos', 'timestamp': (9.76, 10.3)}, {'text': 'e', 'timestamp': (11.04, 11.06)}, {'text': 'do', 'timestamp': (11.64, 11.72)}, {'text': 'papel', 'timestamp': (11.82, 12.18)}, {'text': 'que', 'timestamp': (12.74, 12.82)}, {'text': 'a', 'timestamp': (12.88, 12.9)}, {'text': 'mulher', 'timestamp': (12.94, 13.26)}, {'text': 'poderia', 'timestamp': (14.16, 14.56)}, {'text': 'ter', 'timestamp': (14.74, 14.98)}, {'text': 'deveria', 'timestamp': (15.4, 15.84)}, {'text': 'ter', 'timestamp': (16.1, 16.34)}, {'text': 'que', 'timestamp': (16.48, 16.58)}, {'text': 'lhe', 'timestamp': (16.64, 16.72)}, {'text': 'é', 'timestamp': (16.78, 16.8)}, {'text': 'roubado', 'timestamp': (16.92, 17.4)}, {'text': 'então', 'timestamp': (18.94, 19.28)}, {'text': 'ela', 'timestamp': (19.36, 19.46)}, {'text': 'coloca', 'timestamp': (19.58, 19.98)}, {'text': 'a', 'timestamp': (20.04, 20.06)}, {'text': 'mulher', 'timestamp': (20.12, 20.42)}, {'text': 'primeiro', 'timestamp': (21.04, 21.34)}, {'text': 'e', 'timestamp': (21.96, 21.98)}, {'text': 'a', 'timestamp': (22.2, 22.22)}, {'text': 'mulher', 'timestamp': (22.28, 22.46)}, {'text': 'objeto', 'timestamp': (22.56, 23.0)}, {'text': 'mas', 'timestamp': (23.44, 23.54)}, {'text': 'sempre', 'timestamp': (23.62, 23.8)}, {'text': 'num', 'timestamp': (23.88, 23.98)}, {'text': 'sentido', 'timestamp': (24.06, 24.32)}, {'text': 'caricatural', 'timestamp': (24.44, 24.96)}, {'text': 'uma', 'timestamp': (25.04, 25.12)}, {'text': 'visão', 'timestamp': (25.18, 25.4)}, {'text': 'caricatural', 'timestamp': (25.48, 26.0)}, {'text': 'da', 'timestamp': (26.08, 26.12)}, {'text': 'coisa', 'timestamp': (26.22, 26.38)}, {'text': 'a', 'timestamp': (26.44, 26.46)}, {'text': 'mulher', 'timestamp': (26.52, 26.66)}, {'text': 'objeto', 'timestamp': (26.76, 27.24)}, {'text': 'depois', 'timestamp': (28.04, 28.28)}, {'text': 'a', 'timestamp': (28.34, 28.38)}, {'text': 'mulher', 'timestamp': (28.42, 28.6)}, {'text': 'que', 'timestamp': (28.68, 28.74)}, {'text': 'percebe', 'timestamp': (28.82, 29.16)}, {'text': 'que', 'timestamp': (29.22, 29.3)}, {'text': 'o', 'timestamp': (29.34, 29.36)}, {'text': 'marido', 'timestamp': (29.4, 29.62)}, {'text': 'tenha', 'timestamp': (29.76, 29.92)}, {'text': 'amante', 'timestamp': (29.98, 30.26)}, {'text': 'aí', 'timestamp': (30.78, 30.86)}, {'text': 'resolve', 'timestamp': (31.02, 31.48)}, {'text': 'se', 'timestamp': (31.64, 31.7)}, {'text': 'vingar', 'timestamp': (31.8, 32.24)}, {'text': 'e', 'timestamp': (33.26, 33.28)}, {'text': 'aí', 'timestamp': (33.38, 33.46)}, {'text': 'ela', 'timestamp': (33.58, 33.68)}, {'text': 'passa', 'timestamp': (33.86, 34.1)}, {'text': 'para', 'timestamp': (34.2, 34.32)}, {'text': 'o', 'timestamp': (34.34, 34.36)}, {'text': 'lugar', 'timestamp': (34.42, 34.64)}, {'text': 'da', 'timestamp': (34.7, 34.76)}, {'text': 'mente', 'timestamp': (34.86, 35.16)}, {'text': 'depois', 'timestamp': (37.18, 37.72)}, {'text': 'a', 'timestamp': (37.92, 37.94)}, {'text': 'mulher', 'timestamp': (38.04, 38.36)}, {'text': 'tão', 'timestamp': (39.04, 39.18)}, {'text': 'acima', 'timestamp': (39.28, 39.74)}, {'text': 'dos', 'timestamp': (39.84, 39.94)}, {'text': 'preconceitos', 'timestamp': (40.04, 40.9)}, {'text': 'que', 'timestamp': (42.06, 42.14)}, {'text': 'passa', 'timestamp': (42.34, 42.72)}, {'text': 'a', 'timestamp': (42.98, 43.0)}, {'text': 'viver', 'timestamp': (43.12, 43.34)}, {'text': 'em', 'timestamp': (43.46, 43.52)}, {'text': 'comum', 'timestamp': (43.58, 43.82)}, {'text': 'com', 'timestamp': (43.9, 43.98)}, {'text': 'amante', 'timestamp': (44.0, 44.32)}, {'text': 'do', 'timestamp': (44.4, 44.46)}, {'text': 'marido', 'timestamp': (44.5, 44.78)}, {'text': 'a', 'timestamp': (45.6, 45.62)}, {'text': 'então', 'timestamp': (45.86, 46.16)}, {'text': 'é', 'timestamp': (46.22, 46.24)}, {'text': 'a', 'timestamp': (46.32, 46.34)}, {'text': 'forma', 'timestamp': (46.48, 46.76)}, {'text': 'da', 'timestamp': (46.86, 46.92)}, {'text': 'do', 'timestamp': (47.82, 47.88)}, {'text': 'homossexualismo', 'timestamp': (47.92, 48.58)}, {'text': 'feminino', 'timestamp': (48.72, 49.06)}, {'text': 'que', 'timestamp': (50.58, 50.64)}, {'text': 'ela', 'timestamp': (50.66, 50.78)}, {'text': 'que', 'timestamp': (51.56, 51.62)}, {'text': 'ela', 'timestamp': (51.64, 51.74)}, {'text': 'cria', 'timestamp': (51.8, 52.24)}, {'text': 'faz', 'timestamp': (52.42, 52.54)}, {'text': 'uma', 'timestamp': (52.58, 52.66)}, {'text': 'caricatura', 'timestamp': (52.7, 53.22)}, {'text': 'e', 'timestamp': (54.92, 54.94)}, {'text': 'depois', 'timestamp': (55.04, 55.34)}, {'text': 'de', 'timestamp': (55.4, 55.44)}, {'text': 'todos', 'timestamp': (55.56, 55.74)}, {'text': 'esses', 'timestamp': (55.82, 56.04)}, {'text': 'jogos', 'timestamp': (56.18, 56.54)}, {'text': 'e', 'timestamp': (57.56, 57.58)}, {'text': 'da', 'timestamp': (58.1, 58.16)}, {'text': 'mulher', 'timestamp': (58.26, 58.62)}, {'text': 'objeto', 'timestamp': (59.0, 59.6)}, {'text': 'a', 'timestamp': (59.72, 59.74)}, {'text': 'mulher', 'timestamp': (59.82, 60.2)}, {'text': 'a', 'timestamp': (60.58, 60.6)}, {'text': 'libertando-se', 'timestamp': (61.18, 61.92)}, {'text': 'sexualmente', 'timestamp': (62.06, 62.86)}, {'text': 'e', 'timestamp': (64.26, 64.3)}, {'text': 'tembamantes', 'timestamp': (64.34, 65.1)}, {'text': 'e', 'timestamp': (65.3, 65.32)}, {'text': 'depois', 'timestamp': (65.38, 65.68)}, {'text': 'a', 'timestamp': (65.76, 65.78)}, {'text': 'mulher', 'timestamp': (65.84, 66.14)}, {'text': 'também', 'timestamp': (66.88, 67.2)}, {'text': 'se', 'timestamp': (67.58, 67.64)}, {'text': 'tudo', 'timestamp': (67.76, 67.94)}, {'text': 'uma', 'timestamp': (68.52, 68.62)}, {'text': 'tendência', 'timestamp': (68.74, 69.34)}, {'text': 'anômula', 'timestamp': (69.42, 69.86)}, {'text': 'do', 'timestamp': (70.3, 70.36)}, {'text': 'sexo', 'timestamp': (70.54, 70.88)}, {'text': 'que', 'timestamp': (70.98, 71.06)}, {'text': 'seria', 'timestamp': (71.14, 71.36)}, {'text': 'o', 'timestamp': (71.38, 71.4)}, {'text': 'mesmo', 'timestamp': (71.46, 71.64)}, {'text': 'sexo', 'timestamp': (71.74, 72.06)}, {'text': 'e', 'timestamp': (72.94, 72.96)}, {'text': 'depois', 'timestamp': (72.98, 73.18)}, {'text': 'disso', 'timestamp': (73.24, 73.4)}, {'text': 'tudo', 'timestamp': (73.56, 73.78)}, {'text': 'os', 'timestamp': (74.16, 74.24)}, {'text': 'três', 'timestamp': (74.42, 74.64)}, {'text': 'protagonistas', 'timestamp': (75.12, 75.78)}, {'text': 'se', 'timestamp': (75.84, 75.9)}, {'text': 'encontram', 'timestamp': (75.96, 76.38)}, {'text': 'para', 'timestamp': (77.46, 77.6)}, {'text': 'chegar', 'timestamp': (77.72, 77.96)}, {'text': 'à', 'timestamp': (78.02, 78.04)}, {'text': 'conclusão', 'timestamp': (78.12, 78.54)}, {'text': 'e', 'timestamp': (79.1, 79.12)}, {'text': 'que', 'timestamp': (79.16, 79.26)}, {'text': 'a', 'timestamp': (79.3, 79.32)}, {'text': 'vida', 'timestamp': (79.4, 79.62)}, {'text': 'é', 'timestamp': (79.72, 79.74)}, {'text': 'uma', 'timestamp': (79.82, 79.98)}, {'text': 'é', 'timestamp': (81.44, 81.46)}, {'text': 'a', 'timestamp': (81.5, 81.52)}, {'text': 'mesma', 'timestamp': (81.58, 81.7)}, {'text': 'utilidade', 'timestamp': (81.76, 82.32)}, {'text': 'que', 'timestamp': (82.62, 82.72)}, {'text': 'a', 'timestamp': (82.74, 82.76)}, {'text': 'vida', 'timestamp': (82.82, 82.94)}, {'text': 'até', 'timestamp': (82.98, 83.1)}, {'text': 'toda', 'timestamp': (83.16, 83.3)}, {'text': 'errada', 'timestamp': (83.36, 83.7)}, {'text': 'que', 'timestamp': (84.36, 84.44)}, {'text': 'há', 'timestamp': (84.52, 84.58)}, {'text': 'que', 'timestamp': (84.86, 84.94)}, {'text': 'recomeçar', 'timestamp': (85.04, 85.66)}, {'text': 'em', 'timestamp': (85.78, 85.82)}, {'text': 'algum', 'timestamp': (85.86, 86.1)}, {'text': 'lugar', 'timestamp': (86.16, 86.42)}, {'text': 'alguma', 'timestamp': (86.52, 86.72)}, {'text': 'coisa', 'timestamp': (86.82, 87.04)}, {'text': 'nova', 'timestamp': (87.14, 87.4)}, {'text': 'e', 'timestamp': (88.18, 88.2)}, {'text': 'que', 'timestamp': (88.26, 88.34)}, {'text': 'o', 'timestamp': (88.4, 88.42)}, {'text': 'jogo', 'timestamp': (88.52, 88.7)}, {'text': 'está', 'timestamp': (88.76, 88.88)}, {'text': 'completamente', 'timestamp': (88.96, 89.48)}, {'text': 'errado', 'timestamp': (89.56, 89.94)}];0,16;0,15763546798029557;0,24636597938144333;0,06124401913875598
./audios/SP_D2_333_2392.20136_2395.13371.wav;2392,20136;2395,13371;é uma comédia engraçada e ao mesmo tempo muito amar::ga;é uma comédia engraçada e ao mesmo tempo muito amarga;2,932350000000042;é uma comédia engraçada e ao mesmo tempo muito amarga;;[{'text': 'é', 'timestamp': (0.12, 0.14)}, {'text': 'uma', 'timestamp': (0.18, 0.26)}, {'text': 'comédia', 'timestamp': (0.32, 0.58)}, {'text': 'engraçada', 'timestamp': (0.64, 1.2)}, {'text': 'e', 'timestamp': (1.34, 1.36)}, {'text': 'ao', 'timestamp': (1.44, 1.48)}, {'text': 'mesmo', 'timestamp': (1.5, 1.66)}, {'text': 'tempo', 'timestamp': (1.72, 1.86)}, {'text': 'muito', 'timestamp': (1.94, 2.1)}, {'text': 'amarga', 'timestamp': (2.22, 2.7)}];0,0;0,0;0,0;0,0
./audios/SP_D2_333_2395.13371_2396.16931.wav;2395,13371;2396,16931;na sua solução;na sua solução;1,0356000000001586;na sua solução;;[{'text': 'na', 'timestamp': (0.06, 0.1)}, {'text': 'sua', 'timestamp': (0.22, 0.32)}, {'text': 'solução', 'timestamp': (0.42, 0.8)}];0,0;0,0;0,0;0,0
./audios/SP_D2_333_2396.6775_2399.24936.wav;2396,6775;2399,24936;mas com essa interpretação maior da Irene Ravache;mas com essa interpretação maior da irene ravache;2,571860000000015;mas com essa interpretação maior da ideia em rabat;;[{'text': 'mas', 'timestamp': (0.16, 0.22)}, {'text': 'com', 'timestamp': (0.32, 0.38)}, {'text': 'essa', 'timestamp': (0.42, 0.58)}, {'text': 'interpretação', 'timestamp': (0.62, 1.26)}, {'text': 'maior', 'timestamp': (1.38, 1.68)}, {'text': 'da', 'timestamp': (1.78, 1.84)}, {'text': 'ideia', 'timestamp': (1.9, 2.1)}, {'text': 'em', 'timestamp': (2.14, 2.18)}, {'text': 'rabat', 'timestamp': (2.2, 2.48)}];0,375;0,3333333333333333;0,5;0,1836734693877551
./audios/SP_D2_333_2399.6926_2401.6391.wav;2399,6926;2401,6391;eu acho que é a única coisa que eu devo de assinalar;eu acho que é a única coisa que eu devo de assinalar;1,9465000000000146;eu acho que é a única coisa que eu devo de assinalar;;[{'text': 'eu', 'timestamp': (0.02, 0.1)}, {'text': 'acho', 'timestamp': (0.14, 0.26)}, {'text': 'que', 'timestamp': (0.28, 0.34)}, {'text': 'é', 'timestamp': (0.36, 0.38)}, {'text': 'a', 'timestamp': (0.4, 0.42)}, {'text': 'única', 'timestamp': (0.46, 0.64)}, {'text': 'coisa', 'timestamp': (0.74, 0.88)}, {'text': 'que', 'timestamp': (0.96, 1.02)}, {'text': 'eu', 'timestamp': (1.04, 1.1)}, {'text': 'devo', 'timestamp': (1.14, 1.26)}, {'text': 'de', 'timestamp': (1.32, 1.36)}, {'text': 'assinalar', 'timestamp': (1.42, 1.84)}];0,0;0,0;0,0;0,0
./audios/SP_D2_333_2402.33853_2409.51436.wav;2402,33853;2409,51436;agora outro dia esteve aqui na minha casa me visitando uma autora teatral jovem que eu não conheço não conhecia e fiquei conhecendo pessoalmente;agora outro dia esteve aqui na minha casa me visitando uma autora teatral jovem que eu não conheço não conhecia e fiquei conhecendo pessoalmente;7,175830000000133;agora outro dia esteve aqui na minha casa me visitando uma autora teatral jovem que eu não conheço não conhecia e fiquei conhecendo pessoalmente;;[{'text': 'agora', 'timestamp': (0.14, 0.46)}, {'text': 'outro', 'timestamp': (0.68, 0.9)}, {'text': 'dia', 'timestamp': (1.0, 1.14)}, {'text': 'esteve', 'timestamp': (1.26, 1.5)}, {'text': 'aqui', 'timestamp': (1.56, 1.7)}, {'text': 'na', 'timestamp': (1.76, 1.8)}, {'text': 'minha', 'timestamp': (1.84, 1.98)}, {'text': 'casa', 'timestamp': (2.08, 2.26)}, {'text': 'me', 'timestamp': (2.36, 2.4)}, {'text': 'visitando', 'timestamp': (2.48, 2.9)}, {'text': 'uma', 'timestamp': (3.12, 3.22)}, {'text': 'autora', 'timestamp': (3.28, 3.7)}, {'text': 'teatral', 'timestamp': (3.78, 4.14)}, {'text': 'jovem', 'timestamp': (4.28, 4.48)}, {'text': 'que', 'timestamp': (4.56, 4.62)}, {'text': 'eu', 'timestamp': (4.64, 4.7)}, {'text': 'não', 'timestamp': (4.72, 4.8)}, {'text': 'conheço', 'timestamp': (4.86, 5.18)}, {'text': 'não', 'timestamp': (5.32, 5.4)}, {'text': 'conhecia', 'timestamp': (5.48, 5.84)}, {'text': 'e', 'timestamp': (5.86, 5.88)}, {'text': 'fiquei', 'timestamp': (5.9, 6.04)}, {'text': 'conhecendo', 'timestamp': (6.1, 6.36)}, {'text': 'pessoalmente', 'timestamp': (6.44, 6.96)}];0,0;0,0;0,0;0,0
./audios/SP_D2_333_2409.83212_2411.17056.wav;2409,83212;2411,17056;Consuelo de Castro;consuelo de castro;1,3384399999999914;consuelo de castro;;[{'text': 'consuelo', 'timestamp': (0.08, 0.52)}, {'text': 'de', 'timestamp': (0.58, 0.64)}, {'text': 'castro', 'timestamp': (0.78, 1.24)}];0,0;0,0;0,0;0,0
./audios/SP_D2_333_2411.87271_2419.41196.wav;2411,87271;2419,41196;ela veio me trazer um... um caso especial que ela escreveu para a Globo... inclusive me pediu que colocasse na Globo o que eu fiz já;ela veio me trazer um um caso especial que ela escreveu para a globo inclusive me pediu que colocasse na globo o que eu fiz já;7,539249999999811;ela veio me trazer um caso especial que ela escreveu pra globo inclusive me pediu que colocasse no globo o que eu fiz já;;[{'text': 'ela', 'timestamp': (0.08, 0.22)}, {'text': 'veio', 'timestamp': (0.32, 0.48)}, {'text': 'me', 'timestamp': (0.54, 0.58)}, {'text': 'trazer', 'timestamp': (0.68, 1.1)}, {'text': 'um', 'timestamp': (2.0, 2.04)}, {'text': 'caso', 'timestamp': (2.12, 2.3)}, {'text': 'especial', 'timestamp': (2.38, 2.78)}, {'text': 'que', 'timestamp': (2.88, 2.94)}, {'text': 'ela', 'timestamp': (2.96, 3.04)}, {'text': 'escreveu', 'timestamp': (3.06, 3.3)}, {'text': 'pra', 'timestamp': (3.36, 3.48)}, {'text': 'globo', 'timestamp': (3.54, 3.76)}, {'text': 'inclusive', 'timestamp': (4.38, 4.68)}, {'text': 'me', 'timestamp': (4.74, 4.78)}, {'text': 'pediu', 'timestamp': (4.84, 5.0)}, {'text': 'que', 'timestamp': (5.06, 5.12)}, {'text': 'colocasse', 'timestamp': (5.22, 5.82)}, {'text': 'no', 'timestamp': (5.9, 5.98)}, {'text': 'globo', 'timestamp': (6.04, 6.32)}, {'text': 'o', 'timestamp': (6.54, 6.56)}, {'text': 'que', 'timestamp': (6.62, 6.74)}, {'text': 'eu', 'timestamp': (6.76, 6.8)}, {'text': 'fiz', 'timestamp': (6.88, 7.06)}, {'text': 'já', 'timestamp': (7.22, 7.28)}];0,15384615384615385;0,15384615384615385;0,22435897435897445;0,05555555555555555
./audios/SP_D2_333_2419.85839_2423.45546.wav;2419,85839;2423,45546;e eu li o texto da Consuelo... e gostei muito;e eu li o texto da consuelo e gostei muito;3,597070000000258;e eu li o texto da consuela e gostei muito;;[{'text': 'e', 'timestamp': (0.08, 0.1)}, {'text': 'eu', 'timestamp': (0.14, 0.2)}, {'text': 'li', 'timestamp': (0.28, 0.34)}, {'text': 'o', 'timestamp': (0.6, 0.62)}, {'text': 'texto', 'timestamp': (0.78, 1.12)}, {'text': 'da', 'timestamp': (1.24, 1.3)}, {'text': 'consuela', 'timestamp': (1.4, 1.82)}, {'text': 'e', 'timestamp': (2.6, 2.62)}, {'text': 'gostei', 'timestamp': (2.72, 3.04)}, {'text': 'muito', 'timestamp': (3.12, 3.4)}];0,1;0,1;0,18999999999999995;0,023809523809523808
./audios/SP_D2_333_2424.40867_2429.29181.wav;2424,40867;2429,29181;é uma autora teatral que já também obteve prêmio Molière obteve diversos prêmios;é uma autora teatral que já também obteve prêmio molire obteve diversos prêmios;4,883140000000367;é uma autora teatral que já também obteve o prêmio mulher obteve diversos premios;;[{'text': 'é', 'timestamp': (0.06, 0.08)}, {'text': 'uma', 'timestamp': (0.14, 0.22)}, {'text': 'autora', 'timestamp': (0.38, 0.76)}, {'text': 'teatral', 'timestamp': (0.92, 1.36)}, {'text': 'que', 'timestamp': (1.5, 1.6)}, {'text': 'já', 'timestamp': (1.68, 1.72)}, {'text': 'também', 'timestamp': (1.82, 2.04)}, {'text': 'obteve', 'timestamp': (2.1, 2.46)}, {'text': 'o', 'timestamp': (2.48, 2.52)}, {'text': 'prêmio', 'timestamp': (2.6, 2.8)}, {'text': 'mulher', 'timestamp': (2.96, 3.36)}, {'text': 'obteve', 'timestamp': (3.46, 3.76)}, {'text': 'diversos', 'timestamp': (3.84, 4.24)}, {'text': 'premios', 'timestamp': (4.42, 4.7)}];0,23076923076923078;0,21428571428571427;0,3351648351648352;0,08860759493670886
./audios/SP_D2_333_2429.80028_2437.42062.wav;2429,80028;2437,42062;engraçado a gente notar que no nosso teatro... a mulher parece que está tomando [um lugar bem positivo não?;engraçado a gente notar que no nosso teatro a mulher parece que está tomando um lugar bem positivo não;7,620339999999942;engraçado a gente notar que no nosso teatro a mulher parece que está tomando um lugar bem positivo é;;[{'text': 'engraçado', 'timestamp': (0.06, 0.54)}, {'text': 'a', 'timestamp': (0.6, 0.62)}, {'text': 'gente', 'timestamp': (0.7, 0.84)}, {'text': 'notar', 'timestamp': (0.9, 1.16)}, {'text': 'que', 'timestamp': (1.24, 1.32)}, {'text': 'no', 'timestamp': (1.38, 1.42)}, {'text': 'nosso', 'timestamp': (1.5, 1.72)}, {'text': 'teatro', 'timestamp': (1.86, 2.26)}, {'text': 'a', 'timestamp': (3.68, 3.7)}, {'text': 'mulher', 'timestamp': (3.8, 4.1)}, {'text': 'parece', 'timestamp': (4.26, 4.62)}, {'text': 'que', 'timestamp': (4.74, 4.82)}, {'text': 'está', 'timestamp': (4.84, 5.1)}, {'text': 'tomando', 'timestamp': (5.48, 5.78)}, {'text': 'um', 'timestamp': (5.86, 5.92)}, {'text': 'lugar', 'timestamp': (5.96, 6.26)}, {'text': 'bem', 'timestamp': (6.4, 6.5)}, {'text': 'positivo', 'timestamp': (6.62, 7.26)}, {'text': 'é', 'timestamp': (7.38, 7.4)}];0,05263157894736842;0,05263157894736842;0,1024930747922439;0,029411764705882353
./audios/SP_D2_333_2438.52672_2442.62229.wav;2438,52672;2442,62229;ela está:: aparecendo assim... com tudo bem positivo;ela está aparecendo assim com tudo bem positivo;4,095569999999952;ela está aparecendo assim contudo bem positivo;;[{'text': 'ela', 'timestamp': (0.1, 0.2)}, {'text': 'está', 'timestamp': (0.28, 0.54)}, {'text': 'aparecendo', 'timestamp': (1.14, 1.76)}, {'text': 'assim', 'timestamp': (1.82, 2.28)}, {'text': 'contudo', 'timestamp': (2.74, 3.1)}, {'text': 'bem', 'timestamp': (3.18, 3.3)}, {'text': 'positivo', 'timestamp': (3.38, 3.88)}];0,25;0,25;0,3571428571428572;0,0425531914893617
./audios/SP_D2_333_2443.57156_2447.48931.wav;2443,57156;2447,48931;no mais Isa você viu alguma coisa além dessa espetáculo de Augusto dos Anjos?;no mais isa você viu alguma coisa além dessa espetáculo de augusto dos anjos;3,917750000000069;o mais isso você viu alguma coisa além dessa espetáculo de agosto dos anos;;[{'text': 'o', 'timestamp': (0.06, 0.08)}, {'text': 'mais', 'timestamp': (0.16, 0.36)}, {'text': 'isso', 'timestamp': (0.46, 0.62)}, {'text': 'você', 'timestamp': (0.74, 0.9)}, {'text': 'viu', 'timestamp': (1.14, 1.28)}, {'text': 'alguma', 'timestamp': (1.38, 1.6)}, {'text': 'coisa', 'timestamp': (1.7, 1.86)}, {'text': 'além', 'timestamp': (1.94, 2.14)}, {'text': 'dessa', 'timestamp': (2.2, 2.42)}, {'text': 'espetáculo', 'timestamp': (2.52, 3.0)}, {'text': 'de', 'timestamp': (3.04, 3.1)}, {'text': 'agosto', 'timestamp': (3.16, 3.36)}, {'text': 'dos', 'timestamp': (3.44, 3.5)}, {'text': 'anos', 'timestamp': (3.56, 3.78)}];0,2857142857142857;0,2857142857142857;0,4897959183673469;0,07894736842105263
./audios/SP_D2_333_2448.55435_2450.31844.wav;2448,55435;2450,31844;não tenho [( );não tenho;1,7640900000001238;tem a teresa teatro também;;[{'text': 'tem', 'timestamp': (0.38, 0.46)}, {'text': 'a', 'timestamp': (0.6, 0.62)}, {'text': 'teresa', 'timestamp': (0.8, 1.12)}, {'text': 'teatro', 'timestamp': (1.22, 1.48)}, {'text': 'também', 'timestamp': (1.56, 1.72)}];2,5;1,0;1,0;2,4444444444444446
./audios/SP_D2_333_2454.13935_2454.70658.wav;2454,13935;2454,70658;[é::;é;0,5672300000001087;e se possível;;[{'text': 'e', 'timestamp': (1.04, 1.06)}, {'text': 'se', 'timestamp': (1.16, 1.22)}, {'text': 'possível', 'timestamp': (1.28, 1.62)}];3,0;1,0;1,0;13,0
./audios/SP_D2_333_2461.40333_2466.72046.wav;2461,40333;2466,72046;eu já disse para Isa que ela tem cara de milionária porque eu graças a Deus --deixa eu bater no na-- eu não fui assaltada;eu já disse para isa que ela tem cara de milionária porque eu graças a deus deixa eu bater no na eu não fui assaltada;5,317129999999906;eu já disse pra isso é que ela tem cara de milionária porque graças a deus xstation não fui a soma;;[{'text': 'eu', 'timestamp': (0.04, 0.1)}, {'text': 'já', 'timestamp': (0.14, 0.2)}, {'text': 'disse', 'timestamp': (0.24, 0.36)}, {'text': 'pra', 'timestamp': (0.4, 0.5)}, {'text': 'isso', 'timestamp': (0.54, 0.66)}, {'text': 'é', 'timestamp': (0.68, 0.7)}, {'text': 'que', 'timestamp': (0.72, 0.78)}, {'text': 'ela', 'timestamp': (0.8, 0.88)}, {'text': 'tem', 'timestamp': (0.92, 1.0)}, {'text': 'cara', 'timestamp': (1.12, 1.28)}, {'text': 'de', 'timestamp': (1.34, 1.38)}, {'text': 'milionária', 'timestamp': (1.46, 1.9)}, {'text': 'porque', 'timestamp': (1.96, 2.18)}, {'text': 'graças', 'timestamp': (2.3, 2.6)}, {'text': 'a', 'timestamp': (2.64, 2.66)}, {'text': 'deus', 'timestamp': (2.68, 2.78)}, {'text': 'xstation', 'timestamp': (2.82, 3.6)}, {'text': 'não', 'timestamp': (3.94, 4.04)}, {'text': 'fui', 'timestamp': (4.08, 4.14)}, {'text': 'a', 'timestamp': (4.18, 4.22)}, {'text': 'soma', 'timestamp': (4.28, 4.62)}];0,48;0,4444444444444444;0,5714285714285714;0,27350427350427353
./audios/SP_D2_333_2472.90281_2477.56837.wav;2472,90281;2477,56837;pior é que ela mora... pertinho da rua Augusta não mora nenhum:: lugar assim ermo né?;pior é que ela mora pertinho da rua augusta não mora nenhum lugar assim ermo né;4,665559999999914;e olha que ela mora percebe como augusto não mora em nenhum lugar assim e aruna;;[{'text': 'e', 'timestamp': (0.04, 0.06)}, {'text': 'olha', 'timestamp': (0.12, 0.22)}, {'text': 'que', 'timestamp': (0.28, 0.34)}, {'text': 'ela', 'timestamp': (0.36, 0.46)}, {'text': 'mora', 'timestamp': (0.56, 0.74)}, {'text': 'percebe', 'timestamp': (1.26, 1.62)}, {'text': 'como', 'timestamp': (1.66, 1.76)}, {'text': 'augusto', 'timestamp': (1.8, 2.08)}, {'text': 'não', 'timestamp': (2.16, 2.24)}, {'text': 'mora', 'timestamp': (2.28, 2.38)}, {'text': 'em', 'timestamp': (2.42, 2.46)}, {'text': 'nenhum', 'timestamp': (2.5, 2.72)}, {'text': 'lugar', 'timestamp': (3.3, 3.56)}, {'text': 'assim', 'timestamp': (3.66, 3.9)}, {'text': 'e', 'timestamp': (3.98, 4.0)}, {'text': 'aruna', 'timestamp': (4.04, 4.46)}];0,5625;0,5294117647058824;0,75;0,31645569620253167
./audios/SP_D2_333_2477.73331_2479.86779.wav;2477,73331;2479,86779;[pelo contrário você mora em lugar movimentadíssimo;pelo contrário você mora em lugar movimentadíssimo;2,134479999999712;pelo contrário você mora em lugar movimentado disse;;[{'text': 'pelo', 'timestamp': (0.02, 0.12)}, {'text': 'contrário', 'timestamp': (0.18, 0.5)}, {'text': 'você', 'timestamp': (0.54, 0.62)}, {'text': 'mora', 'timestamp': (0.7, 0.8)}, {'text': 'em', 'timestamp': (0.84, 0.9)}, {'text': 'lugar', 'timestamp': (0.92, 1.08)}, {'text': 'movimentado', 'timestamp': (1.18, 1.72)}, {'text': 'disse', 'timestamp': (1.8, 2.04)}];0,2857142857142857;0,25;0,3571428571428572;0,12
./audios/SP_D2_333_2493.70575_2500.69377.wav;2493,70575;2500,69377;olha eu acho que a televisão nossa está se fazendo na medida... ah:: justamente do que é a nossa sociedade;olha eu acho que a televisão nossa está se fazendo na medida ah justamente do que é a nossa sociedade;6,9880199999997785;olha eu acho que a televisão nossa está se fazendo na medida justamente do que é a nossa sociedade;;[{'text': 'olha', 'timestamp': (0.04, 0.14)}, {'text': 'eu', 'timestamp': (0.22, 0.3)}, {'text': 'acho', 'timestamp': (0.4, 0.54)}, {'text': 'que', 'timestamp': (0.58, 0.64)}, {'text': 'a', 'timestamp': (0.68, 0.7)}, {'text': 'televisão', 'timestamp': (0.72, 1.22)}, {'text': 'nossa', 'timestamp': (1.34, 1.68)}, {'text': 'está', 'timestamp': (1.76, 1.98)}, {'text': 'se', 'timestamp': (2.1, 2.16)}, {'text': 'fazendo', 'timestamp': (2.28, 2.64)}, {'text': 'na', 'timestamp': (2.8, 2.86)}, {'text': 'medida', 'timestamp': (2.98, 3.46)}, {'text': 'justamente', 'timestamp': (4.52, 5.04)}, {'text': 'do', 'timestamp': (5.2, 5.26)}, {'text': 'que', 'timestamp': (5.34, 5.44)}, {'text': 'é', 'timestamp': (5.62, 5.64)}, {'text': 'a', 'timestamp': (5.9, 5.92)}, {'text': 'nossa', 'timestamp': (6.08, 6.36)}, {'text': 'sociedade', 'timestamp': (6.46, 6.92)}];0,05;0,05;0,050000000000000044;0,0297029702970297
./audios/SP_D2_333_2500.88541_2502.40054.wav;2500,88541;2502,40054;ela é fluxo e refluxo;ela é fluxo e refluxo;1,5151300000002266;ela é fluxo e refluxo;;[{'text': 'ela', 'timestamp': (0.06, 0.18)}, {'text': 'é', 'timestamp': (0.24, 0.26)}, {'text': 'fluxo', 'timestamp': (0.4, 0.72)}, {'text': 'e', 'timestamp': (0.76, 0.8)}, {'text': 'refluxo', 'timestamp': (0.88, 1.36)}];0,0;0,0;0,0;0,0
./audios/SP_D2_333_2503.0065_2507.7849.wav;2503,0065;2507,7849;ela está se construindo todos os dias... na medida que o país está se construindo todos os dias;ela está se construindo todos os dias na medida que o país está se construindo todos os dias;4,778400000000147;ela está se construindo todos os dias na medida que o país está se construindo todos os dias;;[{'text': 'ela', 'timestamp': (0.04, 0.14)}, {'text': 'está', 'timestamp': (0.22, 0.38)}, {'text': 'se', 'timestamp': (0.48, 0.54)}, {'text': 'construindo', 'timestamp': (0.66, 1.1)}, {'text': 'todos', 'timestamp': (1.24, 1.42)}, {'text': 'os', 'timestamp': (1.54, 1.6)}, {'text': 'dias', 'timestamp': (1.68, 1.9)}, {'text': 'na', 'timestamp': (2.32, 2.36)}, {'text': 'medida', 'timestamp': (2.44, 2.72)}, {'text': 'que', 'timestamp': (2.82, 2.88)}, {'text': 'o', 'timestamp': (2.92, 2.94)}, {'text': 'país', 'timestamp': (3.02, 3.18)}, {'text': 'está', 'timestamp': (3.24, 3.38)}, {'text': 'se', 'timestamp': (3.46, 3.52)}, {'text': 'construindo', 'timestamp': (3.6, 3.94)}, {'text': 'todos', 'timestamp': (4.04, 4.2)}, {'text': 'os', 'timestamp': (4.3, 4.36)}, {'text': 'dias', 'timestamp': (4.44, 4.62)}];0,0;0,0;0,0;0,0
./audios/SP_D2_333_2508.20989_2511.55375.wav;2508,20989;2511,55375;eu vejo a nossa televisão como um verdadeiro happening... sabe?;eu vejo a nossa televisão como um verdadeiro happening sabe;3,3438599999999497;eu vi a nossa televisão como um verdadeiro rating só;;[{'text': 'eu', 'timestamp': (0.08, 0.24)}, {'text': 'vi', 'timestamp': (0.36, 0.44)}, {'text': 'a', 'timestamp': (0.5, 0.52)}, {'text': 'nossa', 'timestamp': (0.64, 0.8)}, {'text': 'televisão', 'timestamp': (0.88, 1.26)}, {'text': 'como', 'timestamp': (1.36, 1.46)}, {'text': 'um', 'timestamp': (1.5, 1.54)}, {'text': 'verdadeiro', 'timestamp': (1.6, 1.98)}, {'text': 'rating', 'timestamp': (2.12, 2.54)}, {'text': 'só', 'timestamp': (3.02, 3.1)}];0,3;0,3;0,51;0,1864406779661017
./audios/SP_D2_333_2512.10614_2519.05317.wav;2512,10614;2519,05317;ela não:: não se pode ainda estruturar regras --a televisão é isso a televisão é aquilo-- a televisão... está encontrando a sua linguagem;ela não não se pode ainda estruturar regras a televisão é isso a televisão é aquilo a televisão está encontrando a sua linguagem;6,947030000000268;ela não se pode ainda estruturar regras a televisão é isso a televisão é aquilo a televisão está encontrando a sua linguagem;;[{'text': 'ela', 'timestamp': (0.02, 0.16)}, {'text': 'não', 'timestamp': (0.66, 0.74)}, {'text': 'se', 'timestamp': (0.8, 0.86)}, {'text': 'pode', 'timestamp': (0.96, 1.14)}, {'text': 'ainda', 'timestamp': (1.18, 1.34)}, {'text': 'estruturar', 'timestamp': (1.4, 1.84)}, {'text': 'regras', 'timestamp': (1.98, 2.28)}, {'text': 'a', 'timestamp': (2.36, 2.38)}, {'text': 'televisão', 'timestamp': (2.42, 2.76)}, {'text': 'é', 'timestamp': (2.84, 2.86)}, {'text': 'isso', 'timestamp': (2.96, 3.12)}, {'text': 'a', 'timestamp': (3.18, 3.2)}, {'text': 'televisão', 'timestamp': (3.24, 3.48)}, {'text': 'é', 'timestamp': (3.52, 3.54)}, {'text': 'aquilo', 'timestamp': (3.58, 3.78)}, {'text': 'a', 'timestamp': (3.82, 3.84)}, {'text': 'televisão', 'timestamp': (3.88, 4.28)}, {'text': 'está', 'timestamp': (5.02, 5.28)}, {'text': 'encontrando', 'timestamp': (5.4, 5.9)}, {'text': 'a', 'timestamp': (5.98, 6.0)}, {'text': 'sua', 'timestamp': (6.12, 6.24)}, {'text': 'linguagem', 'timestamp': (6.3, 6.8)}];0,043478260869565216;0,043478260869565216;0,04347826086956519;0,03125
./audios/SP_D2_333_2519.55709_2525.31223.wav;2519,55709;2525,31223;como eu disse do ponto de vista ficcional... o que tem ajudado muito... é... a novela;como eu disse do ponto de vista ficcional o que tem ajudado muito é a novela;5,75514000000021;como eu disse do ponto de vista ficcional o que tenha ajudado muito é a novela;;[{'text': 'como', 'timestamp': (0.06, 0.18)}, {'text': 'eu', 'timestamp': (0.2, 0.24)}, {'text': 'disse', 'timestamp': (0.28, 0.42)}, {'text': 'do', 'timestamp': (0.5, 0.56)}, {'text': 'ponto', 'timestamp': (0.62, 0.76)}, {'text': 'de', 'timestamp': (0.82, 0.86)}, {'text': 'vista', 'timestamp': (0.9, 1.06)}, {'text': 'ficcional', 'timestamp': (1.16, 1.74)}, {'text': 'o', 'timestamp': (2.46, 2.48)}, {'text': 'que', 'timestamp': (2.54, 2.62)}, {'text': 'tenha', 'timestamp': (2.7, 2.84)}, {'text': 'ajudado', 'timestamp': (2.9, 3.3)}, {'text': 'muito', 'timestamp': (3.48, 3.84)}, {'text': 'é', 'timestamp': (4.52, 4.54)}, {'text': 'a', 'timestamp': (5.1, 5.12)}, {'text': 'novela', 'timestamp': (5.28, 5.68)}];0,0625;0,0625;0,12109375;0,039473684210526314
./audios/SP_D2_333_2525.92688_2532.10656.wav;2525,92688;2532,10656;embora isso pó/ possa ser... e eu::... concedo que seja largamente contestado;embora isso pó possa ser e eu concedo que seja largamente contestado;6,1796800000001895;embora isso possa ser e eu concedo que seja largamente contestado;;[{'text': 'embora', 'timestamp': (0.06, 0.34)}, {'text': 'isso', 'timestamp': (0.46, 0.68)}, {'text': 'possa', 'timestamp': (1.26, 1.46)}, {'text': 'ser', 'timestamp': (1.58, 1.72)}, {'text': 'e', 'timestamp': (2.3, 2.32)}, {'text': 'eu', 'timestamp': (2.54, 2.74)}, {'text': 'concedo', 'timestamp': (3.76, 4.28)}, {'text': 'que', 'timestamp': (4.38, 4.46)}, {'text': 'seja', 'timestamp': (4.56, 4.76)}, {'text': 'largamente', 'timestamp': (4.88, 5.42)}, {'text': 'contestado', 'timestamp': (5.52, 6.08)}];0,08333333333333333;0,08333333333333333;0,08333333333333337;0,04411764705882353
./audios/SP_D2_333_2532.5868_2541.17681.wav;2532,5868;2541,17681;por outro lado também --uma coisa que eu não disse eu acho muito importante--... a televisão... está servindo PAra o aprimoramento do cinema;por outro lado também uma coisa que eu não disse eu acho muito importante a televisão está servindo para o aprimoramento do cinema;8,590009999999893;por outro lado também é uma coisa que eu me disse que eu acho muito importante a televisão está servindo para o aprimoramento do cinema;;[{'text': 'por', 'timestamp': (0.04, 0.12)}, {'text': 'outro', 'timestamp': (0.16, 0.34)}, {'text': 'lado', 'timestamp': (0.4, 0.56)}, {'text': 'também', 'timestamp': (0.68, 0.94)}, {'text': 'é', 'timestamp': (0.98, 1.0)}, {'text': 'uma', 'timestamp': (1.04, 1.12)}, {'text': 'coisa', 'timestamp': (1.2, 1.38)}, {'text': 'que', 'timestamp': (1.4, 1.46)}, {'text': 'eu', 'timestamp': (1.5, 1.54)}, {'text': 'me', 'timestamp': (1.58, 1.62)}, {'text': 'disse', 'timestamp': (1.66, 1.8)}, {'text': 'que', 'timestamp': (1.82, 1.88)}, {'text': 'eu', 'timestamp': (1.9, 1.94)}, {'text': 'acho', 'timestamp': (1.96, 2.06)}, {'text': 'muito', 'timestamp': (2.1, 2.2)}, {'text': 'importante', 'timestamp': (2.26, 2.78)}, {'text': 'a', 'timestamp': (3.42, 3.44)}, {'text': 'televisão', 'timestamp': (3.54, 4.2)}, {'text': 'está', 'timestamp': (4.8, 5.22)}, {'text': 'servindo', 'timestamp': (5.46, 5.9)}, {'text': 'para', 'timestamp': (6.24, 6.52)}, {'text': 'o', 'timestamp': (6.6, 6.62)}, {'text': 'aprimoramento', 'timestamp': (6.68, 7.52)}, {'text': 'do', 'timestamp': (7.7, 7.74)}, {'text': 'cinema', 'timestamp': (7.96, 8.38)}];0,13043478260869565;0,12;0,15826086956521734;0,06923076923076923
./audios/SP_D2_333_2541.36677_2543.03421.wav;2541,36677;2543,03421;a telenovela nesse caso;a telenovela nesse caso;1,667439999999715;até inovial nesse caso;;[{'text': 'até', 'timestamp': (0.04, 0.28)}, {'text': 'inovial', 'timestamp': (0.38, 0.74)}, {'text': 'nesse', 'timestamp': (0.86, 1.06)}, {'text': 'caso', 'timestamp': (1.16, 1.42)}];0,5;0,5;0,75;0,30434782608695654
./audios/SP_D2_333_2543.40421_2544.45675.wav;2543,40421;2544,45675;do nosso cinema;do nosso cinema;1,0525399999996807;do nosso cinema;;[{'text': 'do', 'timestamp': (0.06, 0.12)}, {'text': 'nosso', 'timestamp': (0.24, 0.54)}, {'text': 'cinema', 'timestamp': (0.64, 0.94)}];0,0;0,0;0,0;0,0
./audios/SP_D2_333_2544.45675_2545.85544.wav;2544,45675;2545,85544;e já tem mostrado isso;e já tem mostrado isso;1,3986899999999878;e já tem mostrado isso;;[{'text': 'e', 'timestamp': (0.08, 0.1)}, {'text': 'já', 'timestamp': (0.22, 0.28)}, {'text': 'tem', 'timestamp': (0.42, 0.52)}, {'text': 'mostrado', 'timestamp': (0.6, 1.04)}, {'text': 'isso', 'timestamp': (1.16, 1.36)}];0,0;0,0;0,0;0,0
./audios/SP_D2_333_2546.12308_2550.39027.wav;2546,12308;2550,39027;em mais de um desses filmes... ah ah::... de mais sucesso;em mais de um desses filmes ah ah de mais sucesso;4,267190000000028;imagem um desses filmes de mais sucesso;;[{'text': 'imagem', 'timestamp': (0.12, 0.46)}, {'text': 'um', 'timestamp': (0.52, 0.58)}, {'text': 'desses', 'timestamp': (0.62, 0.86)}, {'text': 'filmes', 'timestamp': (0.98, 1.28)}, {'text': 'de', 'timestamp': (3.22, 3.28)}, {'text': 'mais', 'timestamp': (3.34, 3.5)}, {'text': 'sucesso', 'timestamp': (3.58, 4.1)}];0,45454545454545453;0,45454545454545453;0,5324675324675325;0,2857142857142857
./audios/SP_D2_333_2551.08781_2566.52174.wav;2551,08781;2566,52174;é o caso... do:: do filme que eu indiquei da::... tirado do romance de Marques Rabelo... A Estrela Sobe... com artistas da televisão... quase todos eles... Beth Faria e qua/ e a maior parte deles;é o caso do do filme que eu indiquei da tirado do romance de marques rabelo a estrela sobe com artistas da televisão quase todos eles beth faria e qua e a maior parte deles;15,433930000000146;é o caso do chama que eu indiquei tirado do romance dinardo a estrela sob com artistas da televisão quase todos eles bert faria cai a maior parte deles;;[{'text': 'é', 'timestamp': (0.06, 0.08)}, {'text': 'o', 'timestamp': (0.12, 0.14)}, {'text': 'caso', 'timestamp': (0.28, 0.6)}, {'text': 'do', 'timestamp': (0.98, 1.78)}, {'text': 'chama', 'timestamp': (1.94, 2.08)}, {'text': 'que', 'timestamp': (2.14, 2.2)}, {'text': 'eu', 'timestamp': (2.22, 2.28)}, {'text': 'indiquei', 'timestamp': (2.3, 2.72)}, {'text': 'tirado', 'timestamp': (3.88, 4.16)}, {'text': 'do', 'timestamp': (4.24, 4.28)}, {'text': 'romance', 'timestamp': (4.34, 4.64)}, {'text': 'dinardo', 'timestamp': (4.74, 5.3)}, {'text': 'a', 'timestamp': (7.2, 7.22)}, {'text': 'estrela', 'timestamp': (7.26, 7.6)}, {'text': 'sob', 'timestamp': (7.78, 8.04)}, {'text': 'com', 'timestamp': (8.94, 9.04)}, {'text': 'artistas', 'timestamp': (9.12, 9.84)}, {'text': 'da', 'timestamp': (10.06, 10.12)}, {'text': 'televisão', 'timestamp': (10.24, 10.76)}, {'text': 'quase', 'timestamp': (11.38, 11.56)}, {'text': 'todos', 'timestamp': (11.66, 11.9)}, {'text': 'eles', 'timestamp': (12.0, 12.22)}, {'text': 'bert', 'timestamp': (13.3, 13.48)}, {'text': 'faria', 'timestamp': (13.6, 13.94)}, {'text': 'cai', 'timestamp': (14.16, 14.34)}, {'text': 'a', 'timestamp': (14.42, 14.44)}, {'text': 'maior', 'timestamp': (14.46, 14.64)}, {'text': 'parte', 'timestamp': (14.76, 14.96)}, {'text': 'deles', 'timestamp': (15.08, 15.4)}];0,3142857142857143;0,3142857142857143;0,4325123152709359;0,18604651162790697
./audios/SP_D2_333_2566.52174_2567.59485.wav;2566,52174;2567,59485;caso da Rainha Diaba;caso da rainha diaba;1,073109999999815;o caso da raia diabo;;[{'text': 'o', 'timestamp': (0.02, 0.04)}, {'text': 'caso', 'timestamp': (0.1, 0.26)}, {'text': 'da', 'timestamp': (0.3, 0.34)}, {'text': 'raia', 'timestamp': (0.4, 0.7)}, {'text': 'diabo', 'timestamp': (0.72, 1.02)}];0,75;0,6;0,8;0,25
./audios/SP_D2_333_2568.07081_2575.05923.wav;2568,07081;2575,05923;enfim... éh:: éh... eu vejo a TElenovela... como um verdadeiro laboratório posto no ar;enfim eh eh eu vejo a telenovela como um verdadeiro laboratório posto no ar;6,988419999999678;enfim eu vejo até de novela como um verdadeiro laboratório posto no ar;;[{'text': 'enfim', 'timestamp': (0.1, 0.38)}, {'text': 'eu', 'timestamp': (2.2, 2.28)}, {'text': 'vejo', 'timestamp': (2.42, 2.72)}, {'text': 'até', 'timestamp': (2.82, 3.06)}, {'text': 'de', 'timestamp': (3.14, 3.2)}, {'text': 'novela', 'timestamp': (3.26, 3.7)}, {'text': 'como', 'timestamp': (4.36, 4.52)}, {'text': 'um', 'timestamp': (4.76, 4.8)}, {'text': 'verdadeiro', 'timestamp': (4.88, 5.34)}, {'text': 'laboratório', 'timestamp': (5.44, 6.16)}, {'text': 'posto', 'timestamp': (6.26, 6.52)}, {'text': 'no', 'timestamp': (6.6, 6.66)}, {'text': 'ar', 'timestamp': (6.72, 6.82)}];0,35714285714285715;0,3333333333333333;0,4505494505494505;0,14666666666666667
./audios/SP_D2_333_2575.05923_2578.44169.wav;2575,05923;2578,44169;fala-se tanto em teatro em laboratório fazer laboratório e tudo mais;falase tanto em teatro em laboratório fazer laboratório e tudo mais;3,3824600000002647;fala-se tanto em teatro em laboratório fazer laboratório e tudo mais;;[{'text': 'fala-se', 'timestamp': (0.1, 0.4)}, {'text': 'tanto', 'timestamp': (0.52, 0.7)}, {'text': 'em', 'timestamp': (0.78, 0.82)}, {'text': 'teatro', 'timestamp': (0.88, 1.2)}, {'text': 'em', 'timestamp': (1.24, 1.36)}, {'text': 'laboratório', 'timestamp': (1.42, 2.04)}, {'text': 'fazer', 'timestamp': (2.14, 2.28)}, {'text': 'laboratório', 'timestamp': (2.36, 2.9)}, {'text': 'e', 'timestamp': (2.94, 2.96)}, {'text': 'tudo', 'timestamp': (2.98, 3.1)}, {'text': 'mais', 'timestamp': (3.14, 3.28)}];0,09090909090909091;0,09090909090909091;0,17355371900826455;0,014925373134328358
./audios/SP_D2_333_2578.44169_2595.38287.wav;2578,44169;2595,38287;pois bem... o artista que... que se... que pode se ver... diariamente numa telenovela... ele verá logo seus cacoetes seus sestros... os desvios da da::... apresentação... e poderá corrigi-los muito melhor::;pois bem o artista que que se que pode se ver diariamente numa telenovela ele verá logo seus cacoetes seus sestros os desvios da da apresentação e poderá corrigilos muito melhor;16,941179999999804;pois bem o artista que pode se ver diariamente numa tele novela ele verá logo os seus cacoetes os seus cestos os desvios da apresentação e poderá corrigi-los muito melhor;;[{'text': 'pois', 'timestamp': (0.06, 0.16)}, {'text': 'bem', 'timestamp': (0.22, 0.32)}, {'text': 'o', 'timestamp': (0.92, 0.96)}, {'text': 'artista', 'timestamp': (1.02, 1.46)}, {'text': 'que', 'timestamp': (2.7, 3.66)}, {'text': 'pode', 'timestamp': (3.78, 4.0)}, {'text': 'se', 'timestamp': (4.12, 4.18)}, {'text': 'ver', 'timestamp': (4.28, 4.42)}, {'text': 'diariamente', 'timestamp': (4.98, 5.58)}, {'text': 'numa', 'timestamp': (5.68, 5.84)}, {'text': 'tele', 'timestamp': (5.92, 6.08)}, {'text': 'novela', 'timestamp': (6.14, 6.56)}, {'text': 'ele', 'timestamp': (7.3, 7.48)}, {'text': 'verá', 'timestamp': (7.66, 7.84)}, {'text': 'logo', 'timestamp': (8.0, 8.22)}, {'text': 'os', 'timestamp': (8.28, 8.32)}, {'text': 'seus', 'timestamp': (8.38, 8.52)}, {'text': 'cacoetes', 'timestamp': (8.62, 9.18)}, {'text': 'os', 'timestamp': (9.48, 9.52)}, {'text': 'seus', 'timestamp': (9.58, 9.7)}, {'text': 'cestos', 'timestamp': (9.86, 10.32)}, {'text': 'os', 'timestamp': (10.88, 10.94)}, {'text': 'desvios', 'timestamp': (11.02, 11.5)}, {'text': 'da', 'timestamp': (11.9, 11.96)}, {'text': 'apresentação', 'timestamp': (13.4, 14.12)}, {'text': 'e', 'timestamp': (14.92, 14.94)}, {'text': 'poderá', 'timestamp': (15.06, 15.34)}, {'text': 'corrigi-los', 'timestamp': (15.52, 16.08)}, {'text': 'muito', 'timestamp': (16.18, 16.32)}, {'text': 'melhor', 'timestamp': (16.42, 16.7)}];0,3225806451612903;0,29411764705882354;0,38064516129032255;0,13559322033898305
./audios/SP_D2_333_2597.0485_2602.43842.wav;2597,0485;2602,43842;então eu acho que a nossa televisão está:: é muito difícil prever a... o fuTUro dela;então eu acho que a nossa televisão está é muito difícil prever a o futuro dela;5,389920000000075;então eu acho que a nossa televisão é muito difícil de prever o futuro dela;;[{'text': 'então', 'timestamp': (0.08, 0.26)}, {'text': 'eu', 'timestamp': (0.34, 0.4)}, {'text': 'acho', 'timestamp': (0.5, 0.74)}, {'text': 'que', 'timestamp': (0.82, 0.9)}, {'text': 'a', 'timestamp': (0.94, 0.98)}, {'text': 'nossa', 'timestamp': (1.02, 1.22)}, {'text': 'televisão', 'timestamp': (1.28, 1.72)}, {'text': 'é', 'timestamp': (2.76, 2.78)}, {'text': 'muito', 'timestamp': (2.88, 3.02)}, {'text': 'difícil', 'timestamp': (3.1, 3.4)}, {'text': 'de', 'timestamp': (3.42, 3.52)}, {'text': 'prever', 'timestamp': (3.56, 3.86)}, {'text': 'o', 'timestamp': (4.24, 4.26)}, {'text': 'futuro', 'timestamp': (4.36, 4.88)}, {'text': 'dela', 'timestamp': (5.02, 5.26)}];0,1875;0,17647058823529413;0,18333333333333335;0,12658227848101267
./audios/SP_D2_333_2602.98625_2628.56909.wav;2602,98625;2628,56909;ela está se construindo... na medida que o país está se construindo... ela está --(como) assinalou bem a Isa--... ela éh:: está sendo feita... para... um país continente... então com faixas... TÃO diversas... ah... de mentalidade... éh de:: com sistemas de vidas tão diferentes ela agraDANdo a... todas as faixas né?;ela está se construindo na medida que o país está se construindo ela está como assinalou bem a isa ela eh está sendo feita para um país continente então com faixas tão diversas ah de mentalidade eh de com sistemas de vidas tão diferentes ela agradando a todas as faixas né;25,582840000000033;ela está se construindo na medida em que o país está se construindo e ela está como assiná-lo bem aí sim ela é está sendo feita para um país continente então com faixas tão diversas de mentalidade e com sistemas de vida tão diferentes ela agradandotodas essas faiscas né;;[{'text': 'ela', 'timestamp': (0.22, 0.3)}, {'text': 'está', 'timestamp': (0.34, 0.48)}, {'text': 'se', 'timestamp': (0.56, 0.6)}, {'text': 'construindo', 'timestamp': (0.72, 1.12)}, {'text': 'na', 'timestamp': (1.64, 1.68)}, {'text': 'medida', 'timestamp': (1.76, 1.96)}, {'text': 'em', 'timestamp': (1.98, 2.04)}, {'text': 'que', 'timestamp': (2.06, 2.12)}, {'text': 'o', 'timestamp': (2.16, 2.18)}, {'text': 'país', 'timestamp': (2.24, 2.42)}, {'text': 'está', 'timestamp': (2.46, 2.6)}, {'text': 'se', 'timestamp': (2.66, 2.72)}, {'text': 'construindo', 'timestamp': (2.78, 3.16)}, {'text': 'e', 'timestamp': (3.82, 3.84)}, {'text': 'ela', 'timestamp': (3.88, 3.98)}, {'text': 'está', 'timestamp': (4.2, 4.42)}, {'text': 'como', 'timestamp': (4.54, 4.68)}, {'text': 'assiná-lo', 'timestamp': (4.86, 5.28)}, {'text': 'bem', 'timestamp': (5.44, 5.58)}, {'text': 'aí', 'timestamp': (5.64, 5.76)}, {'text': 'sim', 'timestamp': (5.92, 6.08)}, {'text': 'ela', 'timestamp': (6.78, 6.92)}, {'text': 'é', 'timestamp': (7.06, 7.08)}, {'text': 'está', 'timestamp': (7.78, 7.96)}, {'text': 'sendo', 'timestamp': (8.1, 8.28)}, {'text': 'feita', 'timestamp': (8.46, 8.76)}, {'text': 'para', 'timestamp': (9.44, 9.66)}, {'text': 'um', 'timestamp': (10.02, 10.16)}, {'text': 'país', 'timestamp': (10.3, 10.56)}, {'text': 'continente', 'timestamp': (10.66, 11.24)}, {'text': 'então', 'timestamp': (12.08, 12.34)}, {'text': 'com', 'timestamp': (12.44, 12.54)}, {'text': 'faixas', 'timestamp': (12.8, 13.36)}, {'text': 'tão', 'timestamp': (14.34, 14.52)}, {'text': 'diversas', 'timestamp': (14.76, 15.4)}, {'text': 'de', 'timestamp': (17.2, 17.26)}, {'text': 'mentalidade', 'timestamp': (17.64, 18.6)}, {'text': 'e', 'timestamp': (19.6, 19.62)}, {'text': 'com', 'timestamp': (20.38, 20.46)}, {'text': 'sistemas', 'timestamp': (20.56, 20.98)}, {'text': 'de', 'timestamp': (21.04, 21.1)}, {'text': 'vida', 'timestamp': (21.18, 21.36)}, {'text': 'tão', 'timestamp': (21.54, 21.64)}, {'text': 'diferentes', 'timestamp': (21.7, 22.4)}, {'text': 'ela', 'timestamp': (22.64, 22.74)}, {'text': 'agradandotodas', 'timestamp': (22.8, 24.0)}, {'text': 'essas', 'timestamp': (24.08, 24.28)}, {'text': 'faiscas', 'timestamp': (24.4, 24.8)}, {'text': 'né', 'timestamp': (24.9, 24.94)}];0,29411764705882354;0,2830188679245283;0,42216886754701877;0,11029411764705882
./audios/SP_D2_333_2629.67794_2633.61079.wav;2629,67794;2633,61079;acho que ela está cumprindo brilhantemente... o seu papel;acho que ela está cumprindo brilhantemente o seu papel;3,932850000000144;acho que ela está cumprindo brilhantemente o seu papel;;[{'text': 'acho', 'timestamp': (0.08, 0.18)}, {'text': 'que', 'timestamp': (0.24, 0.3)}, {'text': 'ela', 'timestamp': (0.32, 0.38)}, {'text': 'está', 'timestamp': (0.42, 0.54)}, {'text': 'cumprindo', 'timestamp': (0.66, 1.04)}, {'text': 'brilhantemente', 'timestamp': (1.18, 2.04)}, {'text': 'o', 'timestamp': (3.08, 3.1)}, {'text': 'seu', 'timestamp': (3.18, 3.3)}, {'text': 'papel', 'timestamp': (3.38, 3.7)}];0,0;0,0;0,0;0,0
./audios/SP_D2_333_2634.05037_2644.13418.wav;2634,05037;2644,13418;eu vejo mesmo a televisão como foi o rádio há tempos atrás... ah era um rapsodo o rádio... que levava a voz do contador de histórias para a mais longínqua região;eu vejo mesmo a televisão como foi o rádio há tempos atrás ah era um rapsodo o rádio que levava a voz do contador de histórias para a mais longínqua região;10,083810000000085;eu vejo a mesma televisão como foi o rádio há tempos atrás era um rapsodo rádio que levava à porta o contador de histórias pra mais longinho a região;;[{'text': 'eu', 'timestamp': (0.16, 0.22)}, {'text': 'vejo', 'timestamp': (0.34, 0.64)}, {'text': 'a', 'timestamp': (0.86, 0.88)}, {'text': 'mesma', 'timestamp': (0.92, 1.14)}, {'text': 'televisão', 'timestamp': (1.16, 1.58)}, {'text': 'como', 'timestamp': (1.72, 1.86)}, {'text': 'foi', 'timestamp': (2.04, 2.18)}, {'text': 'o', 'timestamp': (2.24, 2.26)}, {'text': 'rádio', 'timestamp': (2.34, 2.62)}, {'text': 'há', 'timestamp': (2.66, 2.72)}, {'text': 'tempos', 'timestamp': (2.8, 3.08)}, {'text': 'atrás', 'timestamp': (3.16, 3.56)}, {'text': 'era', 'timestamp': (4.6, 4.72)}, {'text': 'um', 'timestamp': (4.78, 4.82)}, {'text': 'rapsodo', 'timestamp': (4.92, 5.74)}, {'text': 'rádio', 'timestamp': (5.8, 6.08)}, {'text': 'que', 'timestamp': (6.5, 6.56)}, {'text': 'levava', 'timestamp': (6.64, 7.12)}, {'text': 'à', 'timestamp': (7.2, 7.22)}, {'text': 'porta', 'timestamp': (7.32, 7.62)}, {'text': 'o', 'timestamp': (7.64, 7.66)}, {'text': 'contador', 'timestamp': (7.74, 8.12)}, {'text': 'de', 'timestamp': (8.2, 8.24)}, {'text': 'histórias', 'timestamp': (8.3, 8.7)}, {'text': 'pra', 'timestamp': (8.8, 8.9)}, {'text': 'mais', 'timestamp': (8.98, 9.14)}, {'text': 'longinho', 'timestamp': (9.2, 9.58)}, {'text': 'a', 'timestamp': (9.66, 9.68)}, {'text': 'região', 'timestamp': (9.72, 9.98)}];0,3548387096774194;0,3548387096774194;0,5550611790878754;0,14193548387096774
./audios/SP_D2_333_2644.43376_2658.22283.wav;2644,43376;2658,22283;hoje a televisão... com aquela sua telinha mágica... que leva a figura que leva o::... o a a a iMAgem... ah contando as histórias para as mais diversas regiões do país né?;hoje a televisão com aquela sua telinha mágica que leva a figura que leva o o a a a imagem ah contando as histórias para as mais diversas regiões do país né;13,789070000000265;hoje a televisão com aquela sua telinha mágica que leva a fegunda que leva a imagem contando as histórias para as mais diversas regiões do país;;[{'text': 'hoje', 'timestamp': (0.06, 0.28)}, {'text': 'a', 'timestamp': (0.34, 0.36)}, {'text': 'televisão', 'timestamp': (0.4, 0.88)}, {'text': 'com', 'timestamp': (1.72, 1.8)}, {'text': 'aquela', 'timestamp': (1.84, 2.04)}, {'text': 'sua', 'timestamp': (2.16, 2.28)}, {'text': 'telinha', 'timestamp': (2.4, 2.84)}, {'text': 'mágica', 'timestamp': (2.98, 3.52)}, {'text': 'que', 'timestamp': (4.12, 4.2)}, {'text': 'leva', 'timestamp': (4.28, 4.54)}, {'text': 'a', 'timestamp': (4.76, 4.78)}, {'text': 'fegunda', 'timestamp': (4.9, 5.32)}, {'text': 'que', 'timestamp': (5.44, 5.52)}, {'text': 'leva', 'timestamp': (5.58, 5.8)}, {'text': 'a', 'timestamp': (8.1, 8.12)}, {'text': 'imagem', 'timestamp': (8.34, 8.98)}, {'text': 'contando', 'timestamp': (9.8, 10.36)}, {'text': 'as', 'timestamp': (10.46, 10.52)}, {'text': 'histórias', 'timestamp': (10.58, 11.24)}, {'text': 'para', 'timestamp': (11.34, 11.46)}, {'text': 'as', 'timestamp': (11.48, 11.56)}, {'text': 'mais', 'timestamp': (11.66, 11.86)}, {'text': 'diversas', 'timestamp': (11.94, 12.36)}, {'text': 'regiões', 'timestamp': (12.42, 12.74)}, {'text': 'do', 'timestamp': (12.8, 12.84)}, {'text': 'país', 'timestamp': (12.92, 13.24)}];0,21875;0,21875;0,24879807692307687;0,10897435897435898
./audios/SP_D2_333_2662.56818_2663.62167.wav;2662,56818;2663,62167;[a nossa nacionalidade;a nossa nacionalidade;1,0534899999997833;a nossa nacionalidade;;[{'text': 'a', 'timestamp': (0.06, 0.08)}, {'text': 'nossa', 'timestamp': (0.14, 0.32)}, {'text': 'nacionalidade', 'timestamp': (0.38, 0.98)}];0,0;0,0;0,0;0,0
./audios/SP_D2_333_2663.62167_2665.00319.wav;2663,62167;2665,00319;e é isso que se [espera né?;e é isso que se espera né;1,3815199999999095;e é isso que se assine o nosso;;[{'text': 'e', 'timestamp': (0.0, 0.02)}, {'text': 'é', 'timestamp': (0.12, 0.14)}, {'text': 'isso', 'timestamp': (0.22, 0.36)}, {'text': 'que', 'timestamp': (0.42, 0.56)}, {'text': 'se', 'timestamp': (0.6, 0.64)}, {'text': 'assine', 'timestamp': (0.68, 0.9)}, {'text': 'o', 'timestamp': (0.98, 1.0)}, {'text': 'nosso', 'timestamp': (1.06, 1.32)}];0,42857142857142855;0,375;0,5535714285714286;0,4
./audios/SP_D2_333_2669.1373_2669.74604.wav;2669,1373;2669,74604;de falar;de falar;0,6087400000001253;falar;;[{'text': 'falar', 'timestamp': (1.0, 1.28)}];0,5;0,5;0,5;0,375
./audios/SP_D2_333_2670.12533_2671.1545.wav;2670,12533;2671,1545;[a nossa música;a nossa música;1,0291700000002493;a nossa música;;[{'text': 'a', 'timestamp': (0.12, 0.14)}, {'text': 'nossa', 'timestamp': (0.18, 0.38)}, {'text': 'música', 'timestamp': (0.5, 0.9)}];0,0;0,0;0,0;0,0
./audios/SP_D2_333_2672.93298_2678.077.wav;2672,93298;2678,077;éh:: e eu costumo dizer... ''ah ah se no princípio era o verbo... agora é a ima::gem'';eh e eu costumo dizer ah ah se no princípio era o verbo agora é a imagem;5,144020000000182;e eu costumo dizer se no princípio era o verbo agora é a imagem;;[{'text': 'e', 'timestamp': (0.06, 0.08)}, {'text': 'eu', 'timestamp': (0.56, 0.7)}, {'text': 'costumo', 'timestamp': (0.76, 0.98)}, {'text': 'dizer', 'timestamp': (1.06, 1.32)}, {'text': 'se', 'timestamp': (1.86, 1.92)}, {'text': 'no', 'timestamp': (1.98, 2.02)}, {'text': 'princípio', 'timestamp': (2.06, 2.38)}, {'text': 'era', 'timestamp': (2.4, 2.52)}, {'text': 'o', 'timestamp': (2.54, 2.56)}, {'text': 'verbo', 'timestamp': (2.68, 3.06)}, {'text': 'agora', 'timestamp': (3.48, 3.84)}, {'text': 'é', 'timestamp': (4.1, 4.12)}, {'text': 'a', 'timestamp': (4.2, 4.22)}, {'text': 'imagem', 'timestamp': (4.3, 4.92)}];0,17647058823529413;0,17647058823529413;0,17647058823529416;0,125
./audios/SP_D2_333_2678.50324_2680.81806.wav;2678,50324;2680,81806;a imagem está realmente dominando;a imagem está realmente dominando;2,3148200000000543;a imagem está realmente dominando;;[{'text': 'a', 'timestamp': (0.1, 0.12)}, {'text': 'imagem', 'timestamp': (0.22, 0.58)}, {'text': 'está', 'timestamp': (0.64, 0.84)}, {'text': 'realmente', 'timestamp': (0.96, 1.28)}, {'text': 'dominando', 'timestamp': (1.38, 1.98)}];0,0;0,0;0,0;0,0
./audios/SP_D2_333_2681.22383_2692.44404.wav;2681,22383;2692,44404;e:::... o Beethoven dizia quando... lhe perguntavam né?... o que ele queria expressar com determinada sinfonia... ''se eu pudesse fazer com palavras não faria com [música'';e o beethoven dizia quando lhe perguntavam né o que ele queria expressar com determinada sinfonia se eu pudesse fazer com palavras não faria com música;11,220209999999952;e o betoven dizia quando lhe perguntavam o que ele queria expressar com determinada sinfonia se eu pudesse fazer com palavras não faria com música;;[{'text': 'e', 'timestamp': (0.1, 0.12)}, {'text': 'o', 'timestamp': (1.96, 1.98)}, {'text': 'betoven', 'timestamp': (2.08, 2.48)}, {'text': 'dizia', 'timestamp': (2.58, 2.82)}, {'text': 'quando', 'timestamp': (2.88, 3.04)}, {'text': 'lhe', 'timestamp': (3.14, 3.42)}, {'text': 'perguntavam', 'timestamp': (3.48, 4.08)}, {'text': 'o', 'timestamp': (4.6, 4.62)}, {'text': 'que', 'timestamp': (4.66, 4.72)}, {'text': 'ele', 'timestamp': (4.76, 4.86)}, {'text': 'queria', 'timestamp': (4.92, 5.22)}, {'text': 'expressar', 'timestamp': (5.42, 5.94)}, {'text': 'com', 'timestamp': (6.04, 6.12)}, {'text': 'determinada', 'timestamp': (6.16, 6.6)}, {'text': 'sinfonia', 'timestamp': (6.7, 7.22)}, {'text': 'se', 'timestamp': (7.86, 7.94)}, {'text': 'eu', 'timestamp': (7.98, 8.06)}, {'text': 'pudesse', 'timestamp': (8.2, 8.66)}, {'text': 'fazer', 'timestamp': (8.84, 9.12)}, {'text': 'com', 'timestamp': (9.22, 9.32)}, {'text': 'palavras', 'timestamp': (9.42, 9.86)}, {'text': 'não', 'timestamp': (9.94, 10.02)}, {'text': 'faria', 'timestamp': (10.08, 10.32)}, {'text': 'com', 'timestamp': (10.4, 10.48)}, {'text': 'música', 'timestamp': (10.58, 11.04)}];0,07692307692307693;0,07692307692307693;0,11384615384615382;0,033112582781456956
./audios/SP_D2_333_2692.9741_2697.98129.wav;2692,9741;2697,98129;[eu acho que hoje o que se pode fazer com a imagem não se deve fazer com palavra;eu acho que hoje o que se pode fazer com a imagem não se deve fazer com palavra;5,007190000000264;eu acho que hoje o que se pode fazer com a imagem não se deve fazer com palavra;;[{'text': 'eu', 'timestamp': (0.08, 0.16)}, {'text': 'acho', 'timestamp': (0.34, 0.58)}, {'text': 'que', 'timestamp': (0.68, 0.76)}, {'text': 'hoje', 'timestamp': (0.88, 1.12)}, {'text': 'o', 'timestamp': (1.18, 1.2)}, {'text': 'que', 'timestamp': (1.22, 1.28)}, {'text': 'se', 'timestamp': (1.36, 1.42)}, {'text': 'pode', 'timestamp': (1.52, 1.7)}, {'text': 'fazer', 'timestamp': (1.82, 2.1)}, {'text': 'com', 'timestamp': (2.24, 2.38)}, {'text': 'a', 'timestamp': (2.46, 2.48)}, {'text': 'imagem', 'timestamp': (2.56, 3.1)}, {'text': 'não', 'timestamp': (3.18, 3.28)}, {'text': 'se', 'timestamp': (3.38, 3.44)}, {'text': 'deve', 'timestamp': (3.52, 3.7)}, {'text': 'fazer', 'timestamp': (3.8, 3.98)}, {'text': 'com', 'timestamp': (4.06, 4.16)}, {'text': 'palavra', 'timestamp': (4.26, 4.72)}];0,0;0,0;0,0;0,0
./audios/SP_D2_333_2697.98129_2699.49333.wav;2697,98129;2699,49333;porque ela é muito mais imediata;porque ela é muito mais imediata;1,5120399999996152;fiquei muito mais imediata;;[{'text': 'fiquei', 'timestamp': (0.06, 0.3)}, {'text': 'muito', 'timestamp': (0.34, 0.46)}, {'text': 'mais', 'timestamp': (0.54, 0.68)}, {'text': 'imediata', 'timestamp': (0.78, 1.3)}];0,5;0,5;0,625;0,28125
./audios/SP_D2_333_2699.8264_2709.20969.wav;2699,8264;2709,20969;se eu disser... éh ''em tal região do Brasil uma criança tem fome''... ah a pessoa lerá o jornal e dirá... ''bom ela é uma jornalista Exagerada'';se eu disser eh em tal região do brasil uma criança tem fome ah a pessoa lerá o jornal e dirá bom ela é uma jornalista exagerada;9,383290000000216;se eu disser e em qual região do brasil uma criança tem fome e a pessoa ler o jornal e dirá bom ela é uma jornalista exagerada;;[{'text': 'se', 'timestamp': (0.06, 0.12)}, {'text': 'eu', 'timestamp': (0.16, 0.2)}, {'text': 'disser', 'timestamp': (0.26, 0.56)}, {'text': 'e', 'timestamp': (1.08, 1.1)}, {'text': 'em', 'timestamp': (1.28, 1.32)}, {'text': 'qual', 'timestamp': (1.4, 1.5)}, {'text': 'região', 'timestamp': (1.58, 1.8)}, {'text': 'do', 'timestamp': (1.86, 1.92)}, {'text': 'brasil', 'timestamp': (1.98, 2.28)}, {'text': 'uma', 'timestamp': (2.38, 2.46)}, {'text': 'criança', 'timestamp': (2.54, 2.86)}, {'text': 'tem', 'timestamp': (2.94, 3.04)}, {'text': 'fome', 'timestamp': (3.24, 3.52)}, {'text': 'e', 'timestamp': (4.28, 4.3)}, {'text': 'a', 'timestamp': (4.48, 4.5)}, {'text': 'pessoa', 'timestamp': (4.56, 4.86)}, {'text': 'ler', 'timestamp': (4.9, 5.08)}, {'text': 'o', 'timestamp': (5.18, 5.2)}, {'text': 'jornal', 'timestamp': (5.3, 5.62)}, {'text': 'e', 'timestamp': (5.76, 5.78)}, {'text': 'dirá', 'timestamp': (5.84, 6.02)}, {'text': 'bom', 'timestamp': (6.58, 6.76)}, {'text': 'ela', 'timestamp': (7.02, 7.12)}, {'text': 'é', 'timestamp': (7.16, 7.18)}, {'text': 'uma', 'timestamp': (7.24, 7.34)}, {'text': 'jornalista', 'timestamp': (7.68, 8.24)}, {'text': 'exagerada', 'timestamp': (8.4, 9.12)}];0,14814814814814814;0,14814814814814814;0,27434842249657065;0,046875
./audios/SP_D2_333_2709.55102_2711.90608.wav;2709,55102;2711,90608;pode poderá até me chamar de subversiva;pode poderá até me chamar de subversiva;2,3550600000003215;pode poderá até me chamar de subversive;;[{'text': 'pode', 'timestamp': (0.1, 0.24)}, {'text': 'poderá', 'timestamp': (0.48, 0.68)}, {'text': 'até', 'timestamp': (0.72, 0.84)}, {'text': 'me', 'timestamp': (0.96, 1.0)}, {'text': 'chamar', 'timestamp': (1.08, 1.28)}, {'text': 'de', 'timestamp': (1.34, 1.38)}, {'text': 'subversive', 'timestamp': (1.46, 2.08)}];0,14285714285714285;0,14285714285714285;0,26530612244897966;0,02564102564102564
./audios/SP_D2_333_2712.24612_2721.90337.wav;2712,24612;2721,90337;agora vai um cinegrafista filma uma criança a FOme da criança... e põe no vídeo... é uma fome Irretorquível e INsofismável;agora vai um cinegrafista filma uma criança a fome da criança e põe no vídeo é uma fome irretorquível e insofismável;9,657250000000204;agora vai um cinegrafista filma a criança a fome da criança e põe no vídeo é uma fome irretorquível e insofismável;;[{'text': 'agora', 'timestamp': (0.1, 0.4)}, {'text': 'vai', 'timestamp': (0.5, 0.64)}, {'text': 'um', 'timestamp': (0.7, 0.74)}, {'text': 'cinegrafista', 'timestamp': (0.82, 1.66)}, {'text': 'filma', 'timestamp': (1.98, 2.2)}, {'text': 'a', 'timestamp': (2.24, 2.26)}, {'text': 'criança', 'timestamp': (2.34, 2.66)}, {'text': 'a', 'timestamp': (2.82, 2.84)}, {'text': 'fome', 'timestamp': (3.06, 3.28)}, {'text': 'da', 'timestamp': (3.36, 3.4)}, {'text': 'criança', 'timestamp': (3.48, 3.84)}, {'text': 'e', 'timestamp': (4.66, 4.68)}, {'text': 'põe', 'timestamp': (4.92, 5.14)}, {'text': 'no', 'timestamp': (5.18, 5.26)}, {'text': 'vídeo', 'timestamp': (5.38, 5.7)}, {'text': 'é', 'timestamp': (6.62, 6.64)}, {'text': 'uma', 'timestamp': (6.7, 6.78)}, {'text': 'fome', 'timestamp': (6.94, 7.14)}, {'text': 'irretorquível', 'timestamp': (7.38, 8.34)}, {'text': 'e', 'timestamp': (8.52, 8.54)}, {'text': 'insofismável', 'timestamp': (8.64, 9.42)}];0,047619047619047616;0,047619047619047616;0,09297052154195018;0,017241379310344827
./audios/SP_D2_333_2729.21369_2729.52.wav;2729,21369;2729,52;é?;é;0,30630999999993946;é;;[{'text': 'é', 'timestamp': (1.04, 1.06)}];0,0;0,0;0,0;0,0
./audios/SP_D2_333_2731.0979_2732.09927.wav;2731,0979;2732,09927;os migrantes [( );os migrantes;1,0013699999999517;os baianos;;[{'text': 'os', 'timestamp': (0.46, 0.58)}, {'text': 'baianos', 'timestamp': (0.62, 0.96)}];0,5;0,5;0,75;0,5
./audios/SP_D2_333_2735.88613_2736.13954.wav;2735,88613;2736,13954;pois é;pois é;0,25341000000025815;pois é;;[{'text': 'pois', 'timestamp': (1.04, 1.14)}, {'text': 'é', 'timestamp': (1.18, 1.2)}];0,0;0,0;0,0;0,0
./audios/SP_D2_333_2736.35479_2750.40362.wav;2736,35479;2750,40362;agora você vê no jornal... você compara esse drama... levaria... éh:: quantas laudas você teria que bater à máquina... você precisaria Apreender bem o drama... ouvir uma porção de depoimentos (e tudo mais);agora você vê no jornal você compara esse drama levaria eh quantas laudas você teria que bater à máquina você precisaria apreender bem o drama ouvir uma porção de depoimentos e tudo mais;14,04883000000018;agora você vê no jornal você contar este drama levaria quantas laudas você teria que bater a máquina você precisaria apreender bem o drama ouvir uma pessoa de apoimento tudo;;[{'text': 'agora', 'timestamp': (0.06, 0.28)}, {'text': 'você', 'timestamp': (0.38, 0.5)}, {'text': 'vê', 'timestamp': (0.56, 0.6)}, {'text': 'no', 'timestamp': (0.74, 0.82)}, {'text': 'jornal', 'timestamp': (0.92, 1.24)}, {'text': 'você', 'timestamp': (1.84, 2.1)}, {'text': 'contar', 'timestamp': (2.28, 2.66)}, {'text': 'este', 'timestamp': (2.74, 2.9)}, {'text': 'drama', 'timestamp': (3.02, 3.24)}, {'text': 'levaria', 'timestamp': (3.96, 4.52)}, {'text': 'quantas', 'timestamp': (5.52, 5.78)}, {'text': 'laudas', 'timestamp': (5.9, 6.24)}, {'text': 'você', 'timestamp': (6.38, 6.52)}, {'text': 'teria', 'timestamp': (6.6, 6.82)}, {'text': 'que', 'timestamp': (6.9, 6.98)}, {'text': 'bater', 'timestamp': (7.06, 7.34)}, {'text': 'a', 'timestamp': (7.42, 7.44)}, {'text': 'máquina', 'timestamp': (7.5, 7.96)}, {'text': 'você', 'timestamp': (8.68, 8.8)}, {'text': 'precisaria', 'timestamp': (8.9, 9.48)}, {'text': 'apreender', 'timestamp': (9.68, 10.4)}, {'text': 'bem', 'timestamp': (10.54, 10.68)}, {'text': 'o', 'timestamp': (10.78, 10.82)}, {'text': 'drama', 'timestamp': (10.92, 11.24)}, {'text': 'ouvir', 'timestamp': (11.9, 12.16)}, {'text': 'uma', 'timestamp': (12.24, 12.3)}, {'text': 'pessoa', 'timestamp': (12.32, 12.52)}, {'text': 'de', 'timestamp': (12.56, 12.6)}, {'text': 'apoimento', 'timestamp': (12.64, 13.12)}, {'text': 'tudo', 'timestamp': (13.4, 13.56)}];0,24242424242424243;0,24242424242424243;0,3686868686868686;0,12365591397849462
./audios/SP_D2_333_2750.40362_2751.27275.wav;2750,40362;2751,27275;com a [imagem;com a imagem;0,869130000000041;com a mali no;;[{'text': 'com', 'timestamp': (1.0, 1.12)}, {'text': 'a', 'timestamp': (1.18, 1.2)}, {'text': 'mali', 'timestamp': (1.4, 1.74)}, {'text': 'no', 'timestamp': (1.8, 1.86)}];0,6666666666666666;0,5;0,6666666666666667;0,5
./audios/SP_D2_333_2758.56_2758.82959.wav;2758,56;2758,82959;[tem;tem;0,2695899999998801;tem;;[{'text': 'tem', 'timestamp': (1.04, 1.16)}];0,0;0,0;0,0;0,0
./audios/SP_D2_333_2758.82959_2759.6731.wav;2758,82959;2759,6731;pode melhorar mais;pode melhorar mais;0,8435100000001512;pode melhorar mais;;[{'text': 'pode', 'timestamp': (1.04, 1.24)}, {'text': 'melhorar', 'timestamp': (1.32, 1.58)}, {'text': 'mais', 'timestamp': (1.68, 1.82)}];0,0;0,0;0,0;0,0
./audios/SP_D2_333_2759.6731_2764.60013.wav;2759,6731;2764,60013;nesse ponto o o:: telejornal nosso... pode se aprimorar bastante;nesse ponto o o telejornal nosso pode se aprimorar bastante;4,9270299999998315;nesse ponto o tele jornal nosso pode se aprimorar bastante;;[{'text': 'nesse', 'timestamp': (0.08, 0.26)}, {'text': 'ponto', 'timestamp': (0.38, 0.64)}, {'text': 'o', 'timestamp': (1.44, 1.46)}, {'text': 'tele', 'timestamp': (1.54, 1.72)}, {'text': 'jornal', 'timestamp': (1.82, 2.08)}, {'text': 'nosso', 'timestamp': (2.22, 2.56)}, {'text': 'pode', 'timestamp': (3.2, 3.36)}, {'text': 'se', 'timestamp': (3.46, 3.52)}, {'text': 'aprimorar', 'timestamp': (3.54, 3.98)}, {'text': 'bastante', 'timestamp': (4.1, 4.64)}];0,2;0,2;0,3599999999999999;0,05084745762711865
./audios/SP_D2_333_2764.87605_2766.0081.wav;2764,87605;2766,0081;eu acho [bastante;eu acho bastante;1,132050000000163;eu acho que bastante que se;;[{'text': 'eu', 'timestamp': (0.0, 0.1)}, {'text': 'acho', 'timestamp': (0.18, 0.32)}, {'text': 'que', 'timestamp': (0.34, 0.42)}, {'text': 'bastante', 'timestamp': (0.46, 0.86)}, {'text': 'que', 'timestamp': (0.92, 0.98)}, {'text': 'se', 'timestamp': (1.0, 1.1)}];1,0;0,5;0,5;0,6875
./audios/SP_D2_333_2766.53042_2769.65465.wav;2766,53042;2769,65465;[sobretudo nesse sentido que a I/ éh:: que a Isa falou;sobretudo nesse sentido que a i eh que a isa falou;3,1242299999998977;sobretudo nesse sentido que a isa falou;;[{'text': 'sobretudo', 'timestamp': (0.14, 0.58)}, {'text': 'nesse', 'timestamp': (0.7, 0.9)}, {'text': 'sentido', 'timestamp': (0.94, 1.26)}, {'text': 'que', 'timestamp': (2.36, 2.42)}, {'text': 'a', 'timestamp': (2.5, 2.52)}, {'text': 'isa', 'timestamp': (2.56, 2.72)}, {'text': 'falou', 'timestamp': (2.8, 2.98)}];0,36363636363636365;0,36363636363636365;0,36363636363636365;0,22
./audios/SP_D2_333_2769.97805_2773.36919.wav;2769,97805;2773,36919;éh f/ pegar mais o homem brasileiro e a problemática brasileira;eh f pegar mais o homem brasileiro e a problemática brasileira;3,391139999999723;eh pegar mais um homem brasileiro e a problemática brasileira;;[{'text': 'eh', 'timestamp': (0.06, 0.14)}, {'text': 'pegar', 'timestamp': (0.5, 0.78)}, {'text': 'mais', 'timestamp': (0.9, 1.1)}, {'text': 'um', 'timestamp': (1.18, 1.22)}, {'text': 'homem', 'timestamp': (1.28, 1.46)}, {'text': 'brasileiro', 'timestamp': (1.54, 2.0)}, {'text': 'e', 'timestamp': (2.06, 2.08)}, {'text': 'a', 'timestamp': (2.14, 2.16)}, {'text': 'problemática', 'timestamp': (2.2, 2.76)}, {'text': 'brasileira', 'timestamp': (2.82, 3.22)}];0,18181818181818182;0,18181818181818182;0,26363636363636356;0,06451612903225806
./audios/SP_D2_333_2773.62161_2781.7186.wav;2773,62161;2781,7186;porque nós estamos recebendo ainda MUIto em matéria de telejornalismo... as notícias mais imediatas da::: que vêm... pelas agências;porque nós estamos recebendo ainda muito em matéria de telejornalismo as notícias mais imediatas da que vêm pelas agências;8,096990000000005;que nós estamos recebendo ainda muito em matéria de telejornalismo as notícias mais imediatas que vem pelas agências;;[{'text': 'que', 'timestamp': (0.04, 0.1)}, {'text': 'nós', 'timestamp': (0.14, 0.2)}, {'text': 'estamos', 'timestamp': (0.28, 0.58)}, {'text': 'recebendo', 'timestamp': (0.66, 1.08)}, {'text': 'ainda', 'timestamp': (1.16, 1.38)}, {'text': 'muito', 'timestamp': (1.56, 1.84)}, {'text': 'em', 'timestamp': (1.98, 2.02)}, {'text': 'matéria', 'timestamp': (2.08, 2.42)}, {'text': 'de', 'timestamp': (2.46, 2.52)}, {'text': 'telejornalismo', 'timestamp': (2.6, 3.4)}, {'text': 'as', 'timestamp': (3.98, 4.06)}, {'text': 'notícias', 'timestamp': (4.16, 4.6)}, {'text': 'mais', 'timestamp': (4.68, 4.82)}, {'text': 'imediatas', 'timestamp': (4.9, 5.52)}, {'text': 'que', 'timestamp': (6.56, 6.64)}, {'text': 'vem', 'timestamp': (6.72, 6.84)}, {'text': 'pelas', 'timestamp': (7.26, 7.42)}, {'text': 'agências', 'timestamp': (7.48, 7.94)}];0,15789473684210525;0,15789473684210525;0,2514619883040936;0,05737704918032787
./audios/SP_D2_333_2782.15148_2783.10385.wav;2782,15148;2783,10385;éh estrangeiras;eh estrangeiras;0,9523699999999735;é estrangeira sem;;[{'text': 'é', 'timestamp': (1.14, 1.16)}, {'text': 'estrangeira', 'timestamp': (1.28, 1.78)}, {'text': 'sem', 'timestamp': (1.8, 1.98)}];1,5;1,0;1,0;0,3333333333333333
./audios/SP_D2_333_2783.10385_2786.11152.wav;2783,10385;2786,11152;então... éh:::... sabe-se lá de dos;então eh sabese lá de dos;3,007669999999962;então eh sabe se lá de do;;[{'text': 'então', 'timestamp': (0.06, 0.28)}, {'text': 'eh', 'timestamp': (0.98, 1.02)}, {'text': 'sabe', 'timestamp': (1.9, 2.12)}, {'text': 'se', 'timestamp': (2.24, 2.3)}, {'text': 'lá', 'timestamp': (2.36, 2.42)}, {'text': 'de', 'timestamp': (2.5, 2.54)}, {'text': 'do', 'timestamp': (2.62, 2.82)}];0,5;0,42857142857142855;0,6190476190476191;0,08
./audios/SP_D2_333_2786.11152_2798.42323.wav;2786,11152;2798,42323;outro dia ainda vi na no no... Jornal da Globo... os movimentos na China na da Praça da Paz... Celestial... o o:: de pê/ de adeptos da das doutrinas do ( )... e de pessoas divergentes;outro dia ainda vi na no no jornal da globo os movimentos na china na da praça da paz celestial o o de pê de adeptos da das doutrinas do e de pessoas divergentes;12,311709999999948;no outro dia leviano jornal da globo os movimentos na china a da praça da pacelestrial de adeptos das doutrinas do sueli e de pessoas divergentes;;[{'text': 'no', 'timestamp': (0.0, 0.08)}, {'text': 'outro', 'timestamp': (0.1, 0.24)}, {'text': 'dia', 'timestamp': (0.28, 0.38)}, {'text': 'leviano', 'timestamp': (0.42, 1.16)}, {'text': 'jornal', 'timestamp': (1.52, 1.72)}, {'text': 'da', 'timestamp': (1.78, 1.82)}, {'text': 'globo', 'timestamp': (1.92, 2.2)}, {'text': 'os', 'timestamp': (2.7, 2.74)}, {'text': 'movimentos', 'timestamp': (2.8, 3.34)}, {'text': 'na', 'timestamp': (3.4, 3.46)}, {'text': 'china', 'timestamp': (3.66, 3.94)}, {'text': 'a', 'timestamp': (4.08, 4.1)}, {'text': 'da', 'timestamp': (4.24, 4.3)}, {'text': 'praça', 'timestamp': (4.42, 4.68)}, {'text': 'da', 'timestamp': (4.76, 4.8)}, {'text': 'pacelestrial', 'timestamp': (4.92, 5.98)}, {'text': 'de', 'timestamp': (7.5, 7.9)}, {'text': 'adeptos', 'timestamp': (7.98, 8.56)}, {'text': 'das', 'timestamp': (8.78, 9.04)}, {'text': 'doutrinas', 'timestamp': (9.12, 9.56)}, {'text': 'do', 'timestamp': (9.62, 9.68)}, {'text': 'sueli', 'timestamp': (9.78, 10.28)}, {'text': 'e', 'timestamp': (10.9, 10.92)}, {'text': 'de', 'timestamp': (11.04, 11.08)}, {'text': 'pessoas', 'timestamp': (11.28, 11.6)}, {'text': 'divergentes', 'timestamp': (11.68, 12.24)}];0,4411764705882353;0,4166666666666667;0,501131221719457;0,2360248447204969
./audios/SP_D2_333_2798.73566_2802.06561.wav;2798,73566;2802,06561;mas o que se passa no Amazonas... eu não vejo... não é?;mas o que se passa no amazonas eu não vejo não é;3,329950000000281;mas o que se passa no amazona e eu não vejo não é;;[{'text': 'mas', 'timestamp': (0.14, 0.34)}, {'text': 'o', 'timestamp': (0.48, 0.5)}, {'text': 'que', 'timestamp': (0.54, 0.62)}, {'text': 'se', 'timestamp': (0.7, 0.74)}, {'text': 'passa', 'timestamp': (0.86, 1.08)}, {'text': 'no', 'timestamp': (1.16, 1.22)}, {'text': 'amazona', 'timestamp': (1.28, 1.78)}, {'text': 'e', 'timestamp': (2.28, 2.3)}, {'text': 'eu', 'timestamp': (2.34, 2.38)}, {'text': 'não', 'timestamp': (2.42, 2.48)}, {'text': 'vejo', 'timestamp': (2.54, 2.78)}, {'text': 'não', 'timestamp': (3.1, 3.18)}, {'text': 'é', 'timestamp': (3.22, 3.24)}];0,16666666666666666;0,15384615384615385;0,22435897435897445;0,041666666666666664
./audios/SP_D2_333_2802.69323_2804.11802.wav;2802,69323;2804,11802;[esse drama por exemplo;esse drama por exemplo;1,42479000000003;eu acho que trama por exemplo sexo;;[{'text': 'eu', 'timestamp': (0.0, 0.04)}, {'text': 'acho', 'timestamp': (0.08, 0.18)}, {'text': 'que', 'timestamp': (0.22, 0.32)}, {'text': 'trama', 'timestamp': (0.34, 0.6)}, {'text': 'por', 'timestamp': (0.64, 0.74)}, {'text': 'exemplo', 'timestamp': (0.8, 1.06)}, {'text': 'sexo', 'timestamp': (1.1, 1.34)}];1,25;0,7142857142857143;0,8571428571428572;0,6818181818181818
./audios/SP_D2_333_2809.21793_2809.703.wav;2809,21793;2809,703;(com [certeza);com certeza;0,48507000000017797;a gerisue;;[{'text': 'a', 'timestamp': (1.04, 1.06)}, {'text': 'gerisue', 'timestamp': (1.12, 1.48)}];1,0;1,0;1,0;0,7272727272727273
./audios/SP_D2_333_2816.51022_2817.07065.wav;2816,51022;2817,07065;da agência;da agência;0,5604299999999967;da agência;;[{'text': 'da', 'timestamp': (1.04, 1.1)}, {'text': 'agência', 'timestamp': (1.14, 1.7)}];0,0;0,0;0,0;0,0
./audios/SP_D2_333_2817.81648_2818.6.wav;2817,81648;2818,6;[é superficial;é superficial;0,7835199999999531;só superficial;;[{'text': 'só', 'timestamp': (0.96, 1.06)}, {'text': 'superficial', 'timestamp': (1.18, 1.7)}];0,5;0,5;0,75;0,15384615384615385
./audios/SP_D2_333_2819.4529_2819.77662.wav;2819,4529;2819,77662;[é;é;0,32371999999986656;combate;;[{'text': 'combate', 'timestamp': (1.0, 1.36)}];1,0;1,0;1,0;7,0
./audios/SP_D2_333_2820.32234_2820.6088.wav;2820,32234;2820,6088;é;é;0,2864599999998063;ideia;;[{'text': 'ideia', 'timestamp': (0.88, 1.28)}];1,0;1,0;1,0;5,0
./audios/SP_D2_333_2820.6088_2821.34787.wav;2820,6088;2821,34787;[(é) horizontal;é horizontal;0,7390700000000834;atum quintão;;[{'text': 'atum', 'timestamp': (1.12, 1.38)}, {'text': 'quintão', 'timestamp': (1.42, 1.68)}];1,0;1,0;1,0;0,8333333333333334
./audios/SP_D2_333_2822.56301_2822.86093.wav;2822,56301;2822,86093;[é;é;0,2979199999999764;dono;;[{'text': 'dono', 'timestamp': (1.0, 1.26)}];1,0;1,0;1,0;4,0
./audios/SP_D2_333_2823.97759_2824.91718.wav;2823,97759;2824,91718;[um aprofundamento;um aprofundamento;0,9395899999999529;o dia para mais perto;;[{'text': 'o', 'timestamp': (1.02, 1.04)}, {'text': 'dia', 'timestamp': (1.08, 1.16)}, {'text': 'para', 'timestamp': (1.26, 1.52)}, {'text': 'mais', 'timestamp': (1.56, 1.68)}, {'text': 'perto', 'timestamp': (1.74, 2.04)}];2,5;1,0;1,0;0,8823529411764706
./audios/SP_D2_333_2825.15781_2826.30938.wav;2825,15781;2826,30938;[mas já está se [fazendo;mas já está se fazendo;1,1515699999999924;mas a gente tá se fazendo uma;;[{'text': 'mas', 'timestamp': (0.04, 0.1)}, {'text': 'a', 'timestamp': (0.12, 0.14)}, {'text': 'gente', 'timestamp': (0.2, 0.38)}, {'text': 'tá', 'timestamp': (0.42, 0.46)}, {'text': 'se', 'timestamp': (0.58, 0.64)}, {'text': 'fazendo', 'timestamp': (0.74, 1.0)}, {'text': 'uma', 'timestamp': (1.02, 1.08)}];0,8;0,5714285714285714;0,7428571428571429;0,5
./audios/SP_D2_333_2826.30938_2831.04131.wav;2826,30938;2831,04131;a Globo tem uma série de Globo Repórter... sobre por exemplo a poluição das águas;a globo tem uma série de globo repórter sobre por exemplo a poluição das águas;4,73192999999992;a globo tem feito uma série de globo repórter sobre por exemplo a poluição das águas;;[{'text': 'a', 'timestamp': (0.28, 0.3)}, {'text': 'globo', 'timestamp': (0.34, 0.56)}, {'text': 'tem', 'timestamp': (0.62, 0.72)}, {'text': 'feito', 'timestamp': (0.82, 1.0)}, {'text': 'uma', 'timestamp': (1.08, 1.16)}, {'text': 'série', 'timestamp': (1.32, 1.52)}, {'text': 'de', 'timestamp': (1.56, 1.6)}, {'text': 'globo', 'timestamp': (1.68, 1.88)}, {'text': 'repórter', 'timestamp': (1.96, 2.46)}, {'text': 'sobre', 'timestamp': (3.0, 3.14)}, {'text': 'por', 'timestamp': (3.22, 3.3)}, {'text': 'exemplo', 'timestamp': (3.34, 3.5)}, {'text': 'a', 'timestamp': (3.58, 3.6)}, {'text': 'poluição', 'timestamp': (3.62, 4.0)}, {'text': 'das', 'timestamp': (4.06, 4.18)}, {'text': 'águas', 'timestamp': (4.26, 4.5)}];0,06666666666666667;0,0625;0,0625;0,07692307692307693
./audios/SP_D2_333_2831.04131_2845.63654.wav;2831,04131;2845,63654;ainda ontem --se não me engano--... num trê/... num grande trecho do Globo Repórter de ontem que foi terça-feira... enfocava o problema da poluição das águas... e da MORte ou do deCREto da morte do rio Mô/ Moji Guaçu;ainda ontem se não me engano num trê num grande trecho do globo repórter de ontem que foi terçafeira enfocava o problema da poluição das águas e da morte ou do decreto da morte do rio mô moji guaçu;14,595229999999901;ainda ontem se não me engano um grande trecho do globo repórter de ontem que foi terça-feira enfocava o problema da poluição das águas e da morte do decreto da morte do rio mogiguaçu;;[{'text': 'ainda', 'timestamp': (0.08, 0.32)}, {'text': 'ontem', 'timestamp': (0.48, 0.8)}, {'text': 'se', 'timestamp': (0.92, 0.96)}, {'text': 'não', 'timestamp': (1.02, 1.1)}, {'text': 'me', 'timestamp': (1.16, 1.22)}, {'text': 'engano', 'timestamp': (1.24, 1.48)}, {'text': 'um', 'timestamp': (2.04, 2.84)}, {'text': 'grande', 'timestamp': (2.9, 3.1)}, {'text': 'trecho', 'timestamp': (3.22, 3.56)}, {'text': 'do', 'timestamp': (3.7, 3.76)}, {'text': 'globo', 'timestamp': (3.98, 4.2)}, {'text': 'repórter', 'timestamp': (4.3, 4.74)}, {'text': 'de', 'timestamp': (4.82, 4.88)}, {'text': 'ontem', 'timestamp': (4.92, 5.06)}, {'text': 'que', 'timestamp': (5.12, 5.18)}, {'text': 'foi', 'timestamp': (5.22, 5.32)}, {'text': 'terça-feira', 'timestamp': (5.4, 5.94)}, {'text': 'enfocava', 'timestamp': (6.66, 7.18)}, {'text': 'o', 'timestamp': (7.26, 7.28)}, {'text': 'problema', 'timestamp': (7.36, 7.74)}, {'text': 'da', 'timestamp': (7.84, 7.9)}, {'text': 'poluição', 'timestamp': (8.06, 8.58)}, {'text': 'das', 'timestamp': (8.66, 8.8)}, {'text': 'águas', 'timestamp': (8.88, 9.18)}, {'text': 'e', 'timestamp': (9.98, 10.0)}, {'text': 'da', 'timestamp': (10.2, 10.28)}, {'text': 'morte', 'timestamp': (10.46, 10.9)}, {'text': 'do', 'timestamp': (11.34, 11.4)}, {'text': 'decreto', 'timestamp': (11.46, 12.06)}, {'text': 'da', 'timestamp': (12.18, 12.24)}, {'text': 'morte', 'timestamp': (12.38, 12.76)}, {'text': 'do', 'timestamp': (12.9, 12.96)}, {'text': 'rio', 'timestamp': (13.12, 13.3)}, {'text': 'mogiguaçu', 'timestamp': (13.4, 14.34)}];0,20512820512820512;0,20512820512820512;0,27526395173454;0,09137055837563451
./audios/SP_D2_333_2846.20235_2849.75515.wav;2846,20235;2849,75515;[que es/ que estaria com os seus peixes todos morrendo e tudo mais;que es que estaria com os seus peixes todos morrendo e tudo mais;3,552799999999934;importante estaria com seus peixes todos morrendo e tudo mais;;[{'text': 'importante', 'timestamp': (0.04, 0.46)}, {'text': 'estaria', 'timestamp': (0.56, 0.9)}, {'text': 'com', 'timestamp': (0.96, 1.02)}, {'text': 'seus', 'timestamp': (1.06, 1.28)}, {'text': 'peixes', 'timestamp': (1.4, 1.74)}, {'text': 'todos', 'timestamp': (1.86, 2.08)}, {'text': 'morrendo', 'timestamp': (2.18, 2.7)}, {'text': 'e', 'timestamp': (2.78, 2.8)}, {'text': 'tudo', 'timestamp': (2.88, 3.0)}, {'text': 'mais', 'timestamp': (3.08, 3.3)}];0,3076923076923077;0,3076923076923077;0,3769230769230769;0,1875
./audios/SP_D2_333_2850.18204_2863.97269.wav;2850,18204;2863,97269;então foram ouvidos diversos especialistas e:: e (ideólogos)... e:: para fa/ como seria possível restaurar::... éh::: esta esta vida... já morta do rio não é?;então foram ouvidos diversos especialistas e e ideólogos e para fa como seria possível restaurar eh esta esta vida já morta do rio não é;13,790649999999914;então foram ouvidos diversos especialistas e etólogos pra como seria possível restaurar esta vida já morta do rio não é;;[{'text': 'então', 'timestamp': (0.06, 0.24)}, {'text': 'foram', 'timestamp': (0.34, 0.5)}, {'text': 'ouvidos', 'timestamp': (0.6, 0.94)}, {'text': 'diversos', 'timestamp': (1.04, 1.48)}, {'text': 'especialistas', 'timestamp': (1.58, 2.52)}, {'text': 'e', 'timestamp': (2.66, 2.68)}, {'text': 'etólogos', 'timestamp': (3.28, 3.98)}, {'text': 'pra', 'timestamp': (6.12, 6.24)}, {'text': 'como', 'timestamp': (6.56, 6.72)}, {'text': 'seria', 'timestamp': (6.88, 7.08)}, {'text': 'possível', 'timestamp': (7.18, 7.5)}, {'text': 'restaurar', 'timestamp': (7.6, 8.12)}, {'text': 'esta', 'timestamp': (10.72, 10.92)}, {'text': 'vida', 'timestamp': (11.08, 11.42)}, {'text': 'já', 'timestamp': (12.12, 12.18)}, {'text': 'morta', 'timestamp': (12.42, 12.78)}, {'text': 'do', 'timestamp': (12.88, 12.94)}, {'text': 'rio', 'timestamp': (13.04, 13.28)}, {'text': 'não', 'timestamp': (13.44, 13.5)}, {'text': 'é', 'timestamp': (13.56, 13.58)}];0,28;0,28;0,352;0,1323529411764706
./audios/SP_D2_333_2865.30428_2867.79975.wav;2865,30428;2867,79975;ressuscitar esta vida morta do rio;ressuscitar esta vida morta do rio;2,495470000000296;ressuscitar esta vida morta do frio;;[{'text': 'ressuscitar', 'timestamp': (0.12, 0.86)}, {'text': 'esta', 'timestamp': (0.96, 1.16)}, {'text': 'vida', 'timestamp': (1.26, 1.46)}, {'text': 'morta', 'timestamp': (1.58, 1.86)}, {'text': 'do', 'timestamp': (1.94, 1.98)}, {'text': 'frio', 'timestamp': (2.1, 2.36)}];0,16666666666666666;0,16666666666666666;0,30555555555555547;0,029411764705882353
./audios/SP_D2_333_2868.10828_2874.65262.wav;2868,10828;2874,65262;houve também uma reportagem que eu particularmente que adoro cachorro que sou cachorreira... amei especialmente;houve também uma reportagem que eu particularmente que adoro cachorro que sou cachorreira amei especialmente;6,54433999999992;houve também uma reportagem que eu particularmente que adora o cachorro que sou cachorreira meio especialmente;;[{'text': 'houve', 'timestamp': (0.04, 0.22)}, {'text': 'também', 'timestamp': (0.32, 0.54)}, {'text': 'uma', 'timestamp': (0.62, 0.7)}, {'text': 'reportagem', 'timestamp': (0.76, 1.36)}, {'text': 'que', 'timestamp': (1.46, 1.52)}, {'text': 'eu', 'timestamp': (1.56, 1.64)}, {'text': 'particularmente', 'timestamp': (1.74, 2.38)}, {'text': 'que', 'timestamp': (2.48, 2.56)}, {'text': 'adora', 'timestamp': (2.62, 2.88)}, {'text': 'o', 'timestamp': (2.94, 2.96)}, {'text': 'cachorro', 'timestamp': (3.0, 3.5)}, {'text': 'que', 'timestamp': (3.56, 3.66)}, {'text': 'sou', 'timestamp': (3.76, 3.82)}, {'text': 'cachorreira', 'timestamp': (3.92, 4.58)}, {'text': 'meio', 'timestamp': (5.44, 5.64)}, {'text': 'especialmente', 'timestamp': (5.68, 6.38)}];0,2;0,1875;0,2958333333333333;0,037037037037037035
./audios/SP_D2_333_2875.10419_2877.06475.wav;2875,10419;2877,06475;que foi sobre o o:: fila brasileiro;que foi sobre o o fila brasileiro;1,9605599999999868;foi sobre o fila brasileiro;;[{'text': 'foi', 'timestamp': (0.02, 0.12)}, {'text': 'sobre', 'timestamp': (0.2, 0.36)}, {'text': 'o', 'timestamp': (0.4, 0.42)}, {'text': 'fila', 'timestamp': (1.1, 1.32)}, {'text': 'brasileiro', 'timestamp': (1.42, 1.92)}];0,2857142857142857;0,2857142857142857;0,2857142857142857;0,18181818181818182
./audios/SP_D2_333_2877.22801_2878.36.wav;2877,22801;2878,36;[está aí uma coisa;está aí uma coisa;1,1319900000003145;a mata;;[{'text': 'a', 'timestamp': (0.34, 0.36)}, {'text': 'mata', 'timestamp': (0.54, 0.76)}];1,0;1,0;1,0;0,7058823529411765
./audios/SP_D2_333_2878.82545_2880.48.wav;2878,82545;2880,48;exportando fila brasileiro;exportando fila brasileiro;1,6545500000001994;exportando o filme a brasileira;;[{'text': 'exportando', 'timestamp': (0.04, 0.66)}, {'text': 'o', 'timestamp': (0.72, 0.74)}, {'text': 'filme', 'timestamp': (0.9, 1.12)}, {'text': 'a', 'timestamp': (1.2, 1.22)}, {'text': 'brasileira', 'timestamp': (1.3, 1.62)}];1,3333333333333333;0,8;0,9333333333333333;0,23076923076923078
./audios/SP_D2_333_2881.30895_2887.0659.wav;2881,30895;2887,0659;então como a a ALquimia... --que coisa maravilhosa que é a natureza-- como se consegue um fila?;então como a a alquimia que coisa maravilhosa que é a natureza como se consegue um fila;5,756949999999961;então como a alquimia que coisa maravilhosa que é a natureza como se consegue um filho;;[{'text': 'então', 'timestamp': (0.04, 0.32)}, {'text': 'como', 'timestamp': (0.52, 0.7)}, {'text': 'a', 'timestamp': (0.9, 0.94)}, {'text': 'alquimia', 'timestamp': (1.38, 2.26)}, {'text': 'que', 'timestamp': (2.66, 2.72)}, {'text': 'coisa', 'timestamp': (2.86, 3.04)}, {'text': 'maravilhosa', 'timestamp': (3.12, 3.6)}, {'text': 'que', 'timestamp': (3.68, 3.74)}, {'text': 'é', 'timestamp': (3.76, 3.78)}, {'text': 'a', 'timestamp': (3.8, 3.82)}, {'text': 'natureza', 'timestamp': (3.84, 4.18)}, {'text': 'como', 'timestamp': (4.34, 4.52)}, {'text': 'se', 'timestamp': (4.66, 4.72)}, {'text': 'consegue', 'timestamp': (4.82, 5.22)}, {'text': 'um', 'timestamp': (5.28, 5.32)}, {'text': 'filho', 'timestamp': (5.44, 5.64)}];0,11764705882352941;0,11764705882352941;0,17279411764705888;0,04597701149425287
./audios/SP_D2_333_2887.0659_2889.72529.wav;2887,0659;2889,72529;como s/... como foram conseguidos os filas não é?;como s como foram conseguidos os filas não é;2,659389999999803;talvez como foram conseguidos rotinas não é;;[{'text': 'talvez', 'timestamp': (0.04, 0.2)}, {'text': 'como', 'timestamp': (0.64, 0.78)}, {'text': 'foram', 'timestamp': (0.92, 1.12)}, {'text': 'conseguidos', 'timestamp': (1.22, 1.88)}, {'text': 'rotinas', 'timestamp': (1.92, 2.38)}, {'text': 'não', 'timestamp': (2.42, 2.48)}, {'text': 'é', 'timestamp': (2.52, 2.54)}];0,4444444444444444;0,4444444444444444;0,6031746031746031;0,25
./audios/SP_D2_333_2889.96278_2892.50241.wav;2889,96278;2892,50241;então o o fila tem um pouco de buldo::gue;então o o fila tem um pouco de buldogue;2,5396300000002157;então o filho tem um pouco de bom dos;;[{'text': 'então', 'timestamp': (0.1, 0.28)}, {'text': 'o', 'timestamp': (0.4, 0.42)}, {'text': 'filho', 'timestamp': (0.76, 0.92)}, {'text': 'tem', 'timestamp': (1.0, 1.08)}, {'text': 'um', 'timestamp': (1.16, 1.2)}, {'text': 'pouco', 'timestamp': (1.28, 1.46)}, {'text': 'de', 'timestamp': (1.52, 1.56)}, {'text': 'bom', 'timestamp': (1.68, 1.82)}, {'text': 'dos', 'timestamp': (1.94, 2.24)}];0,4444444444444444;0,4;0,5555555555555556;0,2564102564102564
./audios/SP_D2_333_2892.76469_2897.97377.wav;2892,76469;2897,97377;o fila tem um pouco do::... daquele cachorro que chamam de MAStim;o fila tem um pouco do daquele cachorro que chamam de mastim;5,209080000000085;o filho tem um pouco daquele cachorro que eles chamam de maxximo;;[{'text': 'o', 'timestamp': (0.08, 0.1)}, {'text': 'filho', 'timestamp': (0.2, 0.38)}, {'text': 'tem', 'timestamp': (0.5, 0.62)}, {'text': 'um', 'timestamp': (0.68, 0.72)}, {'text': 'pouco', 'timestamp': (0.84, 1.1)}, {'text': 'daquele', 'timestamp': (1.24, 2.88)}, {'text': 'cachorro', 'timestamp': (2.98, 3.48)}, {'text': 'que', 'timestamp': (3.58, 3.66)}, {'text': 'eles', 'timestamp': (3.7, 3.8)}, {'text': 'chamam', 'timestamp': (3.9, 4.1)}, {'text': 'de', 'timestamp': (4.16, 4.2)}, {'text': 'maxximo', 'timestamp': (4.28, 4.98)}];0,3333333333333333;0,3076923076923077;0,4375;0,21666666666666667
./audios/SP_D2_333_2924.82561_2943.53952.wav;2924,82561;2943,53952;então os ingleses estão... importando os filas naciô/ ba/ brasileiros... PAra... amansarem --isso que é lindo a contribuição do Brasil para a paz... [não digo entre os povos mas pelo menos entre os cães--... para amansar... os cães de guarda... ingleses... que eram muito ferozes;então os ingleses estão importando os filas naciô ba brasileiros para amansarem isso que é lindo a contribuição do brasil para a paz não digo entre os povos mas pelo menos entre os cães para amansar os cães de guarda ingleses que eram muito ferozes;18,71390999999994;então os ingleses estão importando os filas brasileiros para amansarem isso que ali a contribuição do brasil para a paz não digo gente os povos mas pelo menos entre os cães para amansar os caires de guarda ingleses que eram muito ferozes;;[{'text': 'então', 'timestamp': (0.12, 0.54)}, {'text': 'os', 'timestamp': (0.88, 0.96)}, {'text': 'ingleses', 'timestamp': (1.08, 1.5)}, {'text': 'estão', 'timestamp': (1.6, 1.94)}, {'text': 'importando', 'timestamp': (2.54, 3.1)}, {'text': 'os', 'timestamp': (3.28, 3.34)}, {'text': 'filas', 'timestamp': (3.44, 3.86)}, {'text': 'brasileiros', 'timestamp': (4.36, 4.82)}, {'text': 'para', 'timestamp': (5.62, 5.88)}, {'text': 'amansarem', 'timestamp': (6.48, 7.3)}, {'text': 'isso', 'timestamp': (7.36, 7.52)}, {'text': 'que', 'timestamp': (7.6, 7.68)}, {'text': 'ali', 'timestamp': (7.78, 7.86)}, {'text': 'a', 'timestamp': (8.0, 8.02)}, {'text': 'contribuição', 'timestamp': (8.1, 8.62)}, {'text': 'do', 'timestamp': (8.68, 8.72)}, {'text': 'brasil', 'timestamp': (8.78, 9.1)}, {'text': 'para', 'timestamp': (9.18, 9.28)}, {'text': 'a', 'timestamp': (9.32, 9.34)}, {'text': 'paz', 'timestamp': (9.48, 9.86)}, {'text': 'não', 'timestamp': (10.58, 10.66)}, {'text': 'digo', 'timestamp': (10.74, 10.92)}, {'text': 'gente', 'timestamp': (10.98, 11.24)}, {'text': 'os', 'timestamp': (11.34, 11.4)}, {'text': 'povos', 'timestamp': (11.58, 11.9)}, {'text': 'mas', 'timestamp': (11.96, 12.04)}, {'text': 'pelo', 'timestamp': (12.14, 12.26)}, {'text': 'menos', 'timestamp': (12.32, 12.46)}, {'text': 'entre', 'timestamp': (12.5, 12.66)}, {'text': 'os', 'timestamp': (12.72, 12.78)}, {'text': 'cães', 'timestamp': (12.88, 13.1)}, {'text': 'para', 'timestamp': (13.54, 13.7)}, {'text': 'amansar', 'timestamp': (13.78, 14.48)}, {'text': 'os', 'timestamp': (15.0, 15.06)}, {'text': 'caires', 'timestamp': (15.2, 15.5)}, {'text': 'de', 'timestamp': (15.56, 15.62)}, {'text': 'guarda', 'timestamp': (15.74, 16.18)}, {'text': 'ingleses', 'timestamp': (16.9, 17.34)}, {'text': 'que', 'timestamp': (17.74, 17.8)}, {'text': 'eram', 'timestamp': (17.84, 17.94)}, {'text': 'muito', 'timestamp': (17.98, 18.1)}, {'text': 'ferozes', 'timestamp': (18.2, 18.66)}];0,13333333333333333;0,13333333333333333;0,1952380952380952;0,07661290322580645
./audios/SP_D2_333_2943.53952_2947.5008.wav;2943,53952;2947,5008;então eles guardarem o rebanho mas ao mesmo tempo que guardavam comiam as ovelhas;então eles guardarem o rebanho mas ao mesmo tempo que guardavam comiam as ovelhas;3,961279999999988;então eles guardavam e bem ao mesmo tempo que guardavam eles comiam as ovelhas;;[{'text': 'então', 'timestamp': (0.06, 0.42)}, {'text': 'eles', 'timestamp': (0.5, 0.64)}, {'text': 'guardavam', 'timestamp': (0.72, 1.12)}, {'text': 'e', 'timestamp': (1.16, 1.18)}, {'text': 'bem', 'timestamp': (1.42, 1.54)}, {'text': 'ao', 'timestamp': (1.66, 2.08)}, {'text': 'mesmo', 'timestamp': (2.1, 2.26)}, {'text': 'tempo', 'timestamp': (2.3, 2.42)}, {'text': 'que', 'timestamp': (2.44, 2.54)}, {'text': 'guardavam', 'timestamp': (2.56, 2.86)}, {'text': 'eles', 'timestamp': (2.88, 3.02)}, {'text': 'comiam', 'timestamp': (3.1, 3.4)}, {'text': 'as', 'timestamp': (3.46, 3.5)}, {'text': 'ovelhas', 'timestamp': (3.58, 3.9)}];0,35714285714285715;0,3333333333333333;0,4897959183673469;0,20987654320987653
./audios/SP_D2_333_2947.5008_2952.89187.wav;2947,5008;2952,89187;então... o nosso fila... (ele) é incapaz desse ato de antropofagia... sabe?;então o nosso fila ele é incapaz desse ato de antropofagia sabe;5,391070000000127;então o nosso filho é incapaz desse ato de antropofagia sabe;;[{'text': 'então', 'timestamp': (0.1, 0.38)}, {'text': 'o', 'timestamp': (0.92, 0.94)}, {'text': 'nosso', 'timestamp': (1.08, 1.44)}, {'text': 'filho', 'timestamp': (1.6, 1.84)}, {'text': 'é', 'timestamp': (2.26, 2.28)}, {'text': 'incapaz', 'timestamp': (2.4, 3.12)}, {'text': 'desse', 'timestamp': (3.28, 3.56)}, {'text': 'ato', 'timestamp': (3.66, 3.9)}, {'text': 'de', 'timestamp': (3.96, 4.02)}, {'text': 'antropofagia', 'timestamp': (4.04, 4.9)}, {'text': 'sabe', 'timestamp': (5.12, 5.28)}];0,16666666666666666;0,16666666666666666;0,24242424242424243;0,07936507936507936
./audios/SP_D2_333_2953.86433_2954.7294.wav;2953,86433;2954,7294;então eu achei lindo;então eu achei lindo;0,8650700000002871;então eu achei lindo;;[{'text': 'então', 'timestamp': (1.12, 1.3)}, {'text': 'eu', 'timestamp': (1.32, 1.36)}, {'text': 'achei', 'timestamp': (1.4, 1.56)}, {'text': 'lindo', 'timestamp': (1.64, 1.8)}];0,0;0,0;0,0;0,0
./audios/SP_D2_333_2954.7294_2957.75338.wav;2954,7294;2957,75338;foi uma uma sequência ontem do Globo Repórter;foi uma uma sequência ontem do globo repórter;3,0239799999999377;foi uma sequência ontem do globo repórter;;[{'text': 'foi', 'timestamp': (0.08, 0.16)}, {'text': 'uma', 'timestamp': (0.52, 0.64)}, {'text': 'sequência', 'timestamp': (0.86, 1.5)}, {'text': 'ontem', 'timestamp': (1.76, 1.98)}, {'text': 'do', 'timestamp': (2.06, 2.12)}, {'text': 'globo', 'timestamp': (2.18, 2.38)}, {'text': 'repórter', 'timestamp': (2.48, 2.96)}];0,125;0,125;0,125;0,08888888888888889
./audios/SP_D2_333_2957.75338_2962.88666.wav;2957,75338;2962,88666;foi essa da... criação de filas brasileiros e exportação para a Inglaterra;foi essa da criação de filas brasileiros e exportação para a inglaterra;5,133280000000013;foi essa da criação de filhos brasileiros e exportação para inglaterra;;[{'text': 'foi', 'timestamp': (0.08, 0.2)}, {'text': 'essa', 'timestamp': (0.32, 0.56)}, {'text': 'da', 'timestamp': (0.66, 0.72)}, {'text': 'criação', 'timestamp': (1.66, 2.16)}, {'text': 'de', 'timestamp': (2.24, 2.28)}, {'text': 'filhos', 'timestamp': (2.44, 2.7)}, {'text': 'brasileiros', 'timestamp': (2.8, 3.4)}, {'text': 'e', 'timestamp': (3.44, 3.46)}, {'text': 'exportação', 'timestamp': (3.54, 4.26)}, {'text': 'para', 'timestamp': (4.34, 4.46)}, {'text': 'inglaterra', 'timestamp': (4.5, 4.96)}];0,16666666666666666;0,16666666666666666;0,24242424242424243;0,056338028169014086
./audios/SP_D2_333_2971.6757_2975.29494.wav;2971,6757;2975,29494;o problema do Sílvio Santos é um problema MUito difícil;o problema do sílvio santos é um problema muito difícil;3,6192400000004454;o problema do self santos é um problema muito difícil;;[{'text': 'o', 'timestamp': (0.14, 0.16)}, {'text': 'problema', 'timestamp': (0.3, 0.68)}, {'text': 'do', 'timestamp': (0.74, 0.8)}, {'text': 'self', 'timestamp': (0.88, 1.06)}, {'text': 'santos', 'timestamp': (1.2, 1.4)}, {'text': 'é', 'timestamp': (1.46, 1.48)}, {'text': 'um', 'timestamp': (1.52, 1.56)}, {'text': 'problema', 'timestamp': (1.6, 1.94)}, {'text': 'muito', 'timestamp': (2.08, 2.46)}, {'text': 'difícil', 'timestamp': (2.58, 3.26)}];0,1;0,1;0,18999999999999995;0,07272727272727272
./audios/SP_D2_333_2975.79454_2978.17198.wav;2975,79454;2978,17198;de se SENtenciar sobre ele;de se sentenciar sobre ele;2,377440000000206;de se sentenciar sobre ele;;[{'text': 'de', 'timestamp': (0.06, 0.1)}, {'text': 'se', 'timestamp': (0.2, 0.26)}, {'text': 'sentenciar', 'timestamp': (0.5, 1.62)}, {'text': 'sobre', 'timestamp': (1.84, 2.06)}, {'text': 'ele', 'timestamp': (2.16, 2.3)}];0,0;0,0;0,0;0,0
./audios/SP_D2_333_2978.17198_2980.8814.wav;2978,17198;2980,8814;como aliás é difícil de sentenciar sobre tudo;como aliás é difícil de sentenciar sobre tudo;2,7094200000001365;com aliás edifícios que se setentas;;[{'text': 'com', 'timestamp': (0.04, 0.12)}, {'text': 'aliás', 'timestamp': (0.14, 0.32)}, {'text': 'edifícios', 'timestamp': (0.42, 0.92)}, {'text': 'que', 'timestamp': (0.96, 1.16)}, {'text': 'se', 'timestamp': (1.24, 1.3)}, {'text': 'setentas', 'timestamp': (1.6, 2.1)}];0,875;0,875;0,9791666666666666;0,4888888888888889
./audios/SP_D2_333_2981.59385_2982.78204.wav;2981,59385;2982,78204;e ele especificamente;e ele especificamente;1,1881899999998495;e ele especificamente;;[{'text': 'e', 'timestamp': (0.08, 0.1)}, {'text': 'ele', 'timestamp': (0.16, 0.26)}, {'text': 'especificamente', 'timestamp': (0.3, 1.08)}];0,0;0,0;0,0;0,0
./audios/SP_D2_333_2982.78204_3000.45448.wav;2982,78204;3000,45448;porque... tem que se ter ali a medida do homem... a medida do:::... do industrial --que ele já é um industrial em grande escala--... a medida do comerciante... a do homem de negócios... e do profissional de tevê... e do empresário de tevê;porque tem que se ter ali a medida do homem a medida do do industrial que ele já é um industrial em grande escala a medida do comerciante a do homem de negócios e do profissional de tevê e do empresário de tevê;17,672439999999824;porque tem que se ter ali a medida do homem à medida do industrial porque ele vai a um industrial em grande escala a medida do comerciante do homem de negócios e do profissional de tevê e do empresário de tevê;;[{'text': 'porque', 'timestamp': (0.14, 0.4)}, {'text': 'tem', 'timestamp': (1.64, 1.72)}, {'text': 'que', 'timestamp': (1.78, 1.84)}, {'text': 'se', 'timestamp': (1.92, 1.96)}, {'text': 'ter', 'timestamp': (2.06, 2.18)}, {'text': 'ali', 'timestamp': (2.24, 2.34)}, {'text': 'a', 'timestamp': (2.44, 2.46)}, {'text': 'medida', 'timestamp': (2.52, 2.78)}, {'text': 'do', 'timestamp': (2.86, 2.92)}, {'text': 'homem', 'timestamp': (3.0, 3.24)}, {'text': 'à', 'timestamp': (3.88, 3.9)}, {'text': 'medida', 'timestamp': (4.0, 4.46)}, {'text': 'do', 'timestamp': (4.6, 4.66)}, {'text': 'industrial', 'timestamp': (6.38, 6.84)}, {'text': 'porque', 'timestamp': (6.92, 7.1)}, {'text': 'ele', 'timestamp': (7.16, 7.22)}, {'text': 'vai', 'timestamp': (7.28, 7.4)}, {'text': 'a', 'timestamp': (7.48, 7.5)}, {'text': 'um', 'timestamp': (7.52, 7.56)}, {'text': 'industrial', 'timestamp': (7.62, 7.98)}, {'text': 'em', 'timestamp': (8.04, 8.1)}, {'text': 'grande', 'timestamp': (8.14, 8.32)}, {'text': 'escala', 'timestamp': (8.42, 8.78)}, {'text': 'a', 'timestamp': (9.56, 9.58)}, {'text': 'medida', 'timestamp': (9.68, 9.94)}, {'text': 'do', 'timestamp': (10.0, 10.06)}, {'text': 'comerciante', 'timestamp': (10.12, 10.86)}, {'text': 'do', 'timestamp': (11.6, 11.66)}, {'text': 'homem', 'timestamp': (11.72, 11.92)}, {'text': 'de', 'timestamp': (12.0, 12.04)}, {'text': 'negócios', 'timestamp': (12.12, 12.8)}, {'text': 'e', 'timestamp': (13.94, 13.96)}, {'text': 'do', 'timestamp': (14.04, 14.1)}, {'text': 'profissional', 'timestamp': (14.18, 14.74)}, {'text': 'de', 'timestamp': (14.84, 14.88)}, {'text': 'tevê', 'timestamp': (15.0, 15.28)}, {'text': 'e', 'timestamp': (16.06, 16.08)}, {'text': 'do', 'timestamp': (16.22, 16.28)}, {'text': 'empresário', 'timestamp': (16.36, 17.16)}, {'text': 'de', 'timestamp': (17.22, 17.26)}, {'text': 'tevê', 'timestamp': (17.34, 17.54)}];0,13953488372093023;0,13953488372093023;0,22348269994327852;0,06190476190476191
./audios/SP_D2_333_3001.08989_3012.6296.wav;3001,08989;3012,6296;sobre esse aspecto do empresário de tevê... todas as pessoas que trabalham com o Sílvio Santos --os artistas e tudo--... todas essas pessoas testemunham que ele é um:: um dos... melhores empresários do mundo;sobre esse aspecto do empresário de tevê todas as pessoas que trabalham com o sílvio santos os artistas e tudo todas essas pessoas testemunham que ele é um um dos melhores empresários do mundo;11,539710000000014;sob esse aspecto o empresário tv todas as pessoas que trabalham com filucentros artistas e tudo todas essas pessoas testemunham que ele é um dos melhores empresários do mundo;;[{'text': 'sob', 'timestamp': (0.08, 0.18)}, {'text': 'esse', 'timestamp': (0.26, 0.4)}, {'text': 'aspecto', 'timestamp': (0.44, 0.8)}, {'text': 'o', 'timestamp': (0.9, 0.92)}, {'text': 'empresário', 'timestamp': (1.0, 1.46)}, {'text': 'tv', 'timestamp': (1.56, 1.74)}, {'text': 'todas', 'timestamp': (2.28, 2.42)}, {'text': 'as', 'timestamp': (2.5, 2.56)}, {'text': 'pessoas', 'timestamp': (2.64, 2.94)}, {'text': 'que', 'timestamp': (3.0, 3.08)}, {'text': 'trabalham', 'timestamp': (3.14, 3.56)}, {'text': 'com', 'timestamp': (3.64, 3.72)}, {'text': 'filucentros', 'timestamp': (3.82, 4.46)}, {'text': 'artistas', 'timestamp': (4.5, 5.0)}, {'text': 'e', 'timestamp': (5.06, 5.08)}, {'text': 'tudo', 'timestamp': (5.16, 5.28)}, {'text': 'todas', 'timestamp': (6.42, 6.58)}, {'text': 'essas', 'timestamp': (6.64, 6.82)}, {'text': 'pessoas', 'timestamp': (6.92, 7.3)}, {'text': 'testemunham', 'timestamp': (7.46, 8.16)}, {'text': 'que', 'timestamp': (8.34, 8.4)}, {'text': 'ele', 'timestamp': (8.44, 8.56)}, {'text': 'é', 'timestamp': (8.58, 8.6)}, {'text': 'um', 'timestamp': (9.24, 9.32)}, {'text': 'dos', 'timestamp': (9.44, 9.56)}, {'text': 'melhores', 'timestamp': (10.06, 10.48)}, {'text': 'empresários', 'timestamp': (10.6, 11.08)}, {'text': 'do', 'timestamp': (11.12, 11.18)}, {'text': 'mundo', 'timestamp': (11.24, 11.4)}];0,2647058823529412;0,2647058823529412;0,3661257606490872;0,125
./audios/SP_D2_333_3013.00871_3019.82252.wav;3013,00871;3019,82252;que ele paga na hora paga muito bem... e é muito bom é um::... sob [(qualquer) ponto de vista;que ele paga na hora paga muito bem e é muito bom é um sob qualquer ponto de vista;6,813810000000103;que ele paga na hora paga muito bem e é muito bom é um sobredita;;[{'text': 'que', 'timestamp': (0.04, 0.1)}, {'text': 'ele', 'timestamp': (0.12, 0.24)}, {'text': 'paga', 'timestamp': (0.3, 0.46)}, {'text': 'na', 'timestamp': (0.52, 0.58)}, {'text': 'hora', 'timestamp': (0.62, 0.8)}, {'text': 'paga', 'timestamp': (0.94, 1.12)}, {'text': 'muito', 'timestamp': (1.2, 1.34)}, {'text': 'bem', 'timestamp': (1.44, 1.58)}, {'text': 'e', 'timestamp': (2.54, 2.56)}, {'text': 'é', 'timestamp': (2.66, 2.68)}, {'text': 'muito', 'timestamp': (2.82, 3.14)}, {'text': 'bom', 'timestamp': (3.42, 3.7)}, {'text': 'é', 'timestamp': (3.92, 3.94)}, {'text': 'um', 'timestamp': (5.46, 5.56)}, {'text': 'sobredita', 'timestamp': (5.72, 6.78)}];0,2631578947368421;0,2631578947368421;0,31228070175438605;0,23170731707317074
./audios/SP_D2_333_3020.18617_3021.17535.wav;3020,18617;3021,17535;[sob o ponto de vista;sob o ponto de vista;0,989180000000033;apenas viu da mesa;;[{'text': 'apenas', 'timestamp': (1.04, 1.5)}, {'text': 'viu', 'timestamp': (1.56, 1.68)}, {'text': 'da', 'timestamp': (1.76, 1.82)}, {'text': 'mesa', 'timestamp': (1.9, 2.14)}];1,0;1,0;1,0;0,75
./audios/SP_D2_333_3021.49056_3022.52.wav;3021,49056;3022,52;[não deixa eu dizer;não deixa eu dizer;1,029439999999795;não haja lugar;;[{'text': 'não', 'timestamp': (0.06, 0.2)}, {'text': 'haja', 'timestamp': (0.28, 0.52)}, {'text': 'lugar', 'timestamp': (0.74, 0.96)}];0,75;0,75;0,9166666666666666;0,5555555555555556
./audios/SP_D2_333_3022.82285_3024.62316.wav;3022,82285;3024,62316;[deixa eu [terminar não é?... [sob o;deixa eu terminar não é sob o;1,8003100000000813;deixa terminar o peso;;[{'text': 'deixa', 'timestamp': (0.06, 0.18)}, {'text': 'terminar', 'timestamp': (0.28, 0.7)}, {'text': 'o', 'timestamp': (1.06, 1.08)}, {'text': 'peso', 'timestamp': (1.16, 1.72)}];0,7142857142857143;0,7142857142857143;0,8571428571428572;0,3448275862068966
./audios/SP_D2_333_3024.62316_3027.47807.wav;3024,62316;3027,47807;eu eu lamento muitas coisas mas eu estou expondo o que se diz dele;eu eu lamento muitas coisas mas eu estou expondo o que se diz dele;2,854910000000018;eu lamento muitas coisas mas eu estou expondo o que se diz dele;;[{'text': 'eu', 'timestamp': (0.26, 0.36)}, {'text': 'lamento', 'timestamp': (0.4, 0.7)}, {'text': 'muitas', 'timestamp': (0.8, 1.0)}, {'text': 'coisas', 'timestamp': (1.12, 1.34)}, {'text': 'mas', 'timestamp': (1.38, 1.48)}, {'text': 'eu', 'timestamp': (1.5, 1.56)}, {'text': 'estou', 'timestamp': (1.58, 1.7)}, {'text': 'expondo', 'timestamp': (1.76, 2.08)}, {'text': 'o', 'timestamp': (2.12, 2.14)}, {'text': 'que', 'timestamp': (2.2, 2.28)}, {'text': 'se', 'timestamp': (2.34, 2.38)}, {'text': 'diz', 'timestamp': (2.44, 2.56)}, {'text': 'dele', 'timestamp': (2.66, 2.8)}];0,07142857142857142;0,07142857142857142;0,0714285714285714;0,045454545454545456
./audios/SP_D2_333_3027.91752_3038.07475.wav;3027,91752;3038,07475;sob o ponto de vista patronal... ele seria... estaria muitos ( ) acima... do que... o::: a maioria... dos empresários de televisão;sob o ponto de vista patronal ele seria estaria muitos acima do que o a maioria dos empresários de televisão;10,157230000000254;sob o ponto de vista patronal estaria muosacima do que a maioria dos empresários de televisão;;[{'text': 'sob', 'timestamp': (0.04, 0.14)}, {'text': 'o', 'timestamp': (0.22, 0.24)}, {'text': 'ponto', 'timestamp': (0.3, 0.46)}, {'text': 'de', 'timestamp': (0.54, 0.58)}, {'text': 'vista', 'timestamp': (0.64, 0.84)}, {'text': 'patronal', 'timestamp': (0.94, 1.4)}, {'text': 'estaria', 'timestamp': (1.8, 3.04)}, {'text': 'muosacima', 'timestamp': (3.12, 4.14)}, {'text': 'do', 'timestamp': (5.26, 5.32)}, {'text': 'que', 'timestamp': (5.46, 5.54)}, {'text': 'a', 'timestamp': (7.46, 7.48)}, {'text': 'maioria', 'timestamp': (7.54, 7.96)}, {'text': 'dos', 'timestamp': (8.38, 8.5)}, {'text': 'empresários', 'timestamp': (8.64, 9.34)}, {'text': 'de', 'timestamp': (9.42, 9.48)}, {'text': 'televisão', 'timestamp': (9.56, 10.04)}];0,25;0,25;0,296875;0,1388888888888889
./audios/SP_D2_333_3038.7092_3040.3976.wav;3038,7092;3040,3976;então seria o lado bom dele;então seria o lado bom dele;1,6884000000000015;então seria o lado bom de;;[{'text': 'então', 'timestamp': (0.1, 0.28)}, {'text': 'seria', 'timestamp': (0.4, 0.62)}, {'text': 'o', 'timestamp': (0.66, 0.68)}, {'text': 'lado', 'timestamp': (0.76, 1.04)}, {'text': 'bom', 'timestamp': (1.1, 1.26)}, {'text': 'de', 'timestamp': (1.36, 1.56)}];0,16666666666666666;0,16666666666666666;0,30555555555555547;0,07407407407407407
./audios/SP_D2_333_3040.96619_3044.64994.wav;3040,96619;3044,64994;agora... o lado discutível... escapa à televisão;agora o lado discutível escapa à televisão;3,6837499999996908;agora o lado discutido escapa à televisão;;[{'text': 'agora', 'timestamp': (0.06, 0.4)}, {'text': 'o', 'timestamp': (0.74, 0.76)}, {'text': 'lado', 'timestamp': (0.86, 1.08)}, {'text': 'discutido', 'timestamp': (1.2, 1.74)}, {'text': 'escapa', 'timestamp': (2.38, 2.94)}, {'text': 'à', 'timestamp': (3.02, 3.04)}, {'text': 'televisão', 'timestamp': (3.08, 3.58)}];0,14285714285714285;0,14285714285714285;0,26530612244897966;0,09523809523809523
./audios/SP_D2_333_3044.86975_3053.26808.wav;3044,86975;3053,26808;que é aquele lamentável lado do Baú --que de certo era isso que você ia... [lamentar--... [do Baú da [Felicidade... que ele com [isso ele se agiganta;que é aquele lamentável lado do baú que de certo era isso que você ia lamentar do baú da felicidade que ele com isso ele se agiganta;8,398329999999987;que é aquele lamentava o lado do baú se a cera isso se não também no baú da felicidade que ele cobre honesto;;[{'text': 'que', 'timestamp': (0.0, 0.08)}, {'text': 'é', 'timestamp': (0.14, 0.16)}, {'text': 'aquele', 'timestamp': (0.22, 0.48)}, {'text': 'lamentava', 'timestamp': (0.58, 1.22)}, {'text': 'o', 'timestamp': (1.34, 1.36)}, {'text': 'lado', 'timestamp': (1.44, 1.72)}, {'text': 'do', 'timestamp': (1.84, 1.9)}, {'text': 'baú', 'timestamp': (1.98, 2.18)}, {'text': 'se', 'timestamp': (2.5, 2.56)}, {'text': 'a', 'timestamp': (2.6, 2.62)}, {'text': 'cera', 'timestamp': (2.66, 2.8)}, {'text': 'isso', 'timestamp': (2.9, 3.08)}, {'text': 'se', 'timestamp': (3.16, 3.2)}, {'text': 'não', 'timestamp': (3.56, 3.68)}, {'text': 'também', 'timestamp': (3.78, 3.92)}, {'text': 'no', 'timestamp': (4.6, 4.72)}, {'text': 'baú', 'timestamp': (4.8, 4.96)}, {'text': 'da', 'timestamp': (5.06, 5.14)}, {'text': 'felicidade', 'timestamp': (5.18, 5.7)}, {'text': 'que', 'timestamp': (6.34, 6.42)}, {'text': 'ele', 'timestamp': (6.6, 6.74)}, {'text': 'cobre', 'timestamp': (6.94, 7.78)}, {'text': 'honesto', 'timestamp': (7.86, 8.32)}];0,5925925925925926;0,5714285714285714;0,7681159420289856;0,3560606060606061
./audios/SP_D2_333_3053.64213_3055.10232.wav;3053,64213;3055,10232;não eu não [acho que seja honesto;não eu não acho que seja honesto;1,460189999999784;não faz o mero;;[{'text': 'não', 'timestamp': (0.1, 0.36)}, {'text': 'faz', 'timestamp': (0.88, 1.0)}, {'text': 'o', 'timestamp': (1.08, 1.1)}, {'text': 'mero', 'timestamp': (1.18, 1.32)}];0,8571428571428571;0,8571428571428571;0,9642857142857143;0,71875
./audios/SP_D2_333_3055.21137_3057.15967.wav;3055,21137;3057,15967;[ele está tirando do pô/ do povo;ele está tirando do pô do povo;1,9483000000000175;ele está tirando do do povo;;[{'text': 'ele', 'timestamp': (0.02, 0.14)}, {'text': 'está', 'timestamp': (0.18, 0.3)}, {'text': 'tirando', 'timestamp': (0.4, 0.82)}, {'text': 'do', 'timestamp': (0.94, 1.38)}, {'text': 'do', 'timestamp': (1.46, 1.5)}, {'text': 'povo', 'timestamp': (1.62, 1.88)}];0,14285714285714285;0,14285714285714285;0,1428571428571429;0,1
./audios/SP_D2_333_3057.15967_3059.96762.wav;3057,15967;3059,96762;antes de dar qualquer coisa [ele está tirando dinheiro do [povo;antes de dar qualquer coisa ele está tirando dinheiro do povo;2,8079499999998916;antes de dar qualquer coisa ele está tirando o dinheiro do povo;;[{'text': 'antes', 'timestamp': (0.12, 0.34)}, {'text': 'de', 'timestamp': (0.4, 0.44)}, {'text': 'dar', 'timestamp': (0.54, 0.64)}, {'text': 'qualquer', 'timestamp': (0.74, 1.02)}, {'text': 'coisa', 'timestamp': (1.14, 1.34)}, {'text': 'ele', 'timestamp': (1.38, 1.48)}, {'text': 'está', 'timestamp': (1.5, 1.64)}, {'text': 'tirando', 'timestamp': (1.72, 1.98)}, {'text': 'o', 'timestamp': (2.06, 2.08)}, {'text': 'dinheiro', 'timestamp': (2.12, 2.36)}, {'text': 'do', 'timestamp': (2.4, 2.46)}, {'text': 'povo', 'timestamp': (2.56, 2.76)}];0,09090909090909091;0,08333333333333333;0,08333333333333337;0,03278688524590164
./audios/SP_D2_333_3060.58306_3063.24433.wav;3060,58306;3063,24433;[isso... para a economia [popular eu acho;isso para a economia popular eu acho;2,6612700000000586;nos paria ser coromines;;[{'text': 'nos', 'timestamp': (0.0, 0.2)}, {'text': 'paria', 'timestamp': (0.22, 0.42)}, {'text': 'ser', 'timestamp': (0.5, 0.72)}, {'text': 'coromines', 'timestamp': (1.18, 2.54)}];1,0;1,0;1,0;0,6944444444444444
./audios/SP_D2_333_3063.24433_3064.47925.wav;3063,24433;3064,47925;não não não isso é terrível;não não não isso é terrível;1,2349199999998746;não não não isso é o;;[{'text': 'não', 'timestamp': (0.06, 0.24)}, {'text': 'não', 'timestamp': (0.32, 0.42)}, {'text': 'não', 'timestamp': (0.46, 0.56)}, {'text': 'isso', 'timestamp': (0.68, 0.78)}, {'text': 'é', 'timestamp': (0.82, 0.84)}, {'text': 'o', 'timestamp': (1.1, 1.12)}];0,16666666666666666;0,16666666666666666;0,30555555555555547;0,2962962962962963
./audios/SP_D2_333_3070.85805_3073.80958.wav;3070,85805;3073,80958;ah [bom (okay) ( ) (aquilo é horrível) ( );ah bom okay aquilo é horrível;2,9515300000002753;que aquele programa que é basta crítica;;[{'text': 'que', 'timestamp': (0.44, 0.64)}, {'text': 'aquele', 'timestamp': (0.8, 1.1)}, {'text': 'programa', 'timestamp': (1.22, 1.58)}, {'text': 'que', 'timestamp': (1.74, 1.84)}, {'text': 'é', 'timestamp': (1.96, 1.98)}, {'text': 'basta', 'timestamp': (2.16, 2.42)}, {'text': 'crítica', 'timestamp': (2.56, 2.88)}];1,0;0,8571428571428571;0,9761904761904762;1,0344827586206897
./audios/SP_D2_333_3078.98137_3079.5218.wav;3078,98137;3079,5218;[(não interveio);não interveio;0,5404300000000148;e veio ainda;;[{'text': 'e', 'timestamp': (1.06, 1.08)}, {'text': 'veio', 'timestamp': (1.18, 1.32)}, {'text': 'ainda', 'timestamp': (1.36, 1.56)}];1,5;1,0;1,0;0,9230769230769231
./audios/SP_D2_333_3079.73588_3080.71825.wav;3079,73588;3080,71825;não (horrível [aquilo é horrível);não horrível aquilo é horrível;0,9823699999997189;não a iaia;;[{'text': 'não', 'timestamp': (1.0, 1.18)}, {'text': 'a', 'timestamp': (1.26, 1.28)}, {'text': 'iaia', 'timestamp': (1.42, 1.8)}];0,8;0,8;0,9333333333333333;0,8
./audios/SP_D2_333_3084.39849_3088.56729.wav;3084,39849;3088,56729;não aquilo é premiar a desgraça [e é uma coisa há pouco tempo;não aquilo é premiar a desgraça e é uma coisa há pouco tempo;4,168799999999919;não aquilo é premiar a desgraça e alguma coisa do;;[{'text': 'não', 'timestamp': (0.06, 0.22)}, {'text': 'aquilo', 'timestamp': (0.28, 0.74)}, {'text': 'é', 'timestamp': (0.82, 0.84)}, {'text': 'premiar', 'timestamp': (1.0, 1.52)}, {'text': 'a', 'timestamp': (1.6, 1.62)}, {'text': 'desgraça', 'timestamp': (1.7, 2.48)}, {'text': 'e', 'timestamp': (2.66, 2.68)}, {'text': 'alguma', 'timestamp': (2.78, 3.02)}, {'text': 'coisa', 'timestamp': (3.14, 3.42)}, {'text': 'do', 'timestamp': (3.48, 3.54)}];0,38461538461538464;0,38461538461538464;0,5076923076923077;0,26666666666666666
./audios/SP_D2_333_3089.54129_3095.31686.wav;3089,54129;3095,31686;[HÁ pouco tempo ainda [eu escrevi:: isso que a::: que todos os vitoriosos são alegres;há pouco tempo ainda eu escrevi isso que a que todos os vitoriosos são alegres;5,775569999999789;há pouco tempo e ainda escrevi isto que todos os vitoriosos são alegres;;[{'text': 'há', 'timestamp': (0.06, 0.12)}, {'text': 'pouco', 'timestamp': (0.3, 0.54)}, {'text': 'tempo', 'timestamp': (0.66, 0.86)}, {'text': 'e', 'timestamp': (0.92, 0.94)}, {'text': 'ainda', 'timestamp': (1.02, 1.14)}, {'text': 'escrevi', 'timestamp': (1.24, 1.66)}, {'text': 'isto', 'timestamp': (2.12, 2.44)}, {'text': 'que', 'timestamp': (3.64, 3.72)}, {'text': 'todos', 'timestamp': (3.82, 3.98)}, {'text': 'os', 'timestamp': (4.04, 4.12)}, {'text': 'vitoriosos', 'timestamp': (4.14, 4.76)}, {'text': 'são', 'timestamp': (4.88, 4.98)}, {'text': 'alegres', 'timestamp': (5.16, 5.62)}];0,3333333333333333;0,3125;0,3794871794871796;0,15384615384615385
./audios/SP_D2_333_3095.31686_3096.58155.wav;3095,31686;3096,58155;têm aquele sorriso de vitória;têm aquele sorriso de vitória;1,2646899999999732;tem aquele sorriso de vitória;;[{'text': 'tem', 'timestamp': (0.04, 0.12)}, {'text': 'aquele', 'timestamp': (0.2, 0.36)}, {'text': 'sorriso', 'timestamp': (0.42, 0.68)}, {'text': 'de', 'timestamp': (0.72, 0.76)}, {'text': 'vitória', 'timestamp': (0.82, 1.22)}];0,2;0,2;0,3599999999999999;0,034482758620689655
./audios/SP_D2_333_3103.29687_3104.44219.wav;3103,29687;3104,44219;e é o sorriso da vitória;e é o sorriso da vitória;1,1453200000000834;e o sorriso da ditaria;;[{'text': 'e', 'timestamp': (0.04, 0.06)}, {'text': 'o', 'timestamp': (0.12, 0.14)}, {'text': 'sorriso', 'timestamp': (0.22, 0.48)}, {'text': 'da', 'timestamp': (0.52, 0.56)}, {'text': 'ditaria', 'timestamp': (0.62, 1.04)}];0,3333333333333333;0,3333333333333333;0,4666666666666667;0,16666666666666666
./audios/SP_D2_333_3104.8455_3108.08696.wav;3104,8455;3108,08696;a estrela que ganha um um troféu tem o sorriso da vitória;a estrela que ganha um um troféu tem o sorriso da vitória;3,2414600000001883;a estrela que ganham com o trofeu tem o serviço da vitória;;[{'text': 'a', 'timestamp': (0.06, 0.08)}, {'text': 'estrela', 'timestamp': (0.14, 0.54)}, {'text': 'que', 'timestamp': (0.62, 0.68)}, {'text': 'ganham', 'timestamp': (0.76, 0.98)}, {'text': 'com', 'timestamp': (1.26, 1.4)}, {'text': 'o', 'timestamp': (1.46, 1.48)}, {'text': 'trofeu', 'timestamp': (1.58, 1.96)}, {'text': 'tem', 'timestamp': (2.16, 2.26)}, {'text': 'o', 'timestamp': (2.34, 2.36)}, {'text': 'serviço', 'timestamp': (2.42, 2.66)}, {'text': 'da', 'timestamp': (2.7, 2.74)}, {'text': 'vitória', 'timestamp': (2.82, 3.16)}];0,4166666666666667;0,4166666666666667;0,6597222222222221;0,15789473684210525
./audios/SP_D2_333_3108.44502_3113.03472.wav;3108,44502;3113,03472;as únicas vitoriosas tristes que eu conheço que CHOram... são as cinderelas do Sílvio do Sílvio Santos;as únicas vitoriosas tristes que eu conheço que choram são as cinderelas do sílvio do sílvio santos;4,5896999999999935;as únicas vitoriosas tristes que eu conheço que choram são a cinderela se se usa;;[{'text': 'as', 'timestamp': (0.08, 0.14)}, {'text': 'únicas', 'timestamp': (0.2, 0.44)}, {'text': 'vitoriosas', 'timestamp': (0.5, 1.06)}, {'text': 'tristes', 'timestamp': (1.18, 1.44)}, {'text': 'que', 'timestamp': (1.48, 1.54)}, {'text': 'eu', 'timestamp': (1.56, 1.62)}, {'text': 'conheço', 'timestamp': (1.66, 1.94)}, {'text': 'que', 'timestamp': (1.98, 2.1)}, {'text': 'choram', 'timestamp': (2.26, 2.56)}, {'text': 'são', 'timestamp': (2.94, 3.02)}, {'text': 'a', 'timestamp': (3.08, 3.12)}, {'text': 'cinderela', 'timestamp': (3.2, 3.66)}, {'text': 'se', 'timestamp': (3.86, 3.96)}, {'text': 'se', 'timestamp': (4.14, 4.18)}, {'text': 'usa', 'timestamp': (4.24, 4.36)}];0,4117647058823529;0,4117647058823529;0,607843137254902;0,23232323232323232
./audios/SP_D2_333_3113.19135_3119.73696.wav;3113,19135;3119,73696;porque quando elas põem aquele manto coitadas elas SAbem que elas foram escolhidas porque são as mais pobres as [MAIS miseráveis;porque quando elas põem aquele manto coitadas elas sabem que elas foram escolhidas porque são as mais pobres as mais miseráveis;6,545610000000124;porque quando elas põem aquele manto coitado elas sabem que elas folhas comidas porque elas são as mais pobres mais miseráveis;;[{'text': 'porque', 'timestamp': (0.02, 0.2)}, {'text': 'quando', 'timestamp': (0.28, 0.46)}, {'text': 'elas', 'timestamp': (0.48, 0.66)}, {'text': 'põem', 'timestamp': (0.72, 0.86)}, {'text': 'aquele', 'timestamp': (0.88, 1.1)}, {'text': 'manto', 'timestamp': (1.22, 1.52)}, {'text': 'coitado', 'timestamp': (1.62, 1.9)}, {'text': 'elas', 'timestamp': (1.98, 2.26)}, {'text': 'sabem', 'timestamp': (2.44, 2.74)}, {'text': 'que', 'timestamp': (2.82, 2.88)}, {'text': 'elas', 'timestamp': (2.9, 3.02)}, {'text': 'folhas', 'timestamp': (3.08, 3.3)}, {'text': 'comidas', 'timestamp': (3.38, 3.68)}, {'text': 'porque', 'timestamp': (3.74, 3.9)}, {'text': 'elas', 'timestamp': (3.92, 4.02)}, {'text': 'são', 'timestamp': (4.12, 4.22)}, {'text': 'as', 'timestamp': (4.28, 4.34)}, {'text': 'mais', 'timestamp': (4.42, 4.58)}, {'text': 'pobres', 'timestamp': (4.74, 5.02)}, {'text': 'mais', 'timestamp': (5.7, 5.92)}, {'text': 'miseráveis', 'timestamp': (6.0, 6.5)}];0,23809523809523808;0,22727272727272727;0,34467120181405897;0,13385826771653545
./audios/SP_D2_333_3120.30515_3121.69192.wav;3120,30515;3121,69192;[as que têm mais pobreza;as que têm mais pobreza;1,3867700000000696;demais ficam as outras;;[{'text': 'demais', 'timestamp': (0.06, 0.4)}, {'text': 'ficam', 'timestamp': (0.54, 0.74)}, {'text': 'as', 'timestamp': (0.82, 0.88)}, {'text': 'outras', 'timestamp': (0.98, 1.2)}];1,0;1,0;1,0;0,782608695652174
./audios/SP_D2_333_3134.28656_3134.6.wav;3134,28656;3134,6;[é;é;0,31343999999990046;digam;;[{'text': 'digam', 'timestamp': (1.0, 1.2)}];1,0;1,0;1,0;5,0
./audios/SP_D2_333_3135.32414_3137.14558.wav;3135,32414;3137,14558;não eu acho [criminoso sobretudo;não eu acho criminoso sobretudo;1,8214399999997113;é o crime contra;;[{'text': 'é', 'timestamp': (0.56, 0.58)}, {'text': 'o', 'timestamp': (0.66, 0.68)}, {'text': 'crime', 'timestamp': (0.84, 1.08)}, {'text': 'contra', 'timestamp': (1.24, 1.52)}];1,0;1,0;1,0;0,6774193548387096
./audios/SP_D2_333_3138.64688_3139.6.wav;3138,64688;3139,6;eu acho criminoso;eu acho criminoso;0,9531200000001263;eu acho criminoso;;[{'text': 'eu', 'timestamp': (1.06, 1.14)}, {'text': 'acho', 'timestamp': (1.2, 1.36)}, {'text': 'criminoso', 'timestamp': (1.44, 1.92)}];0,0;0,0;0,0;0,0
./audios/SP_D2_333_3139.6_3146.94298.wav;3139,6;3146,94298;[sobretudo... [ah... [éh éh éh esse expor à desgraça... esta falta de respeito para com a criatura humana;sobretudo ah eh eh eh esse expor à desgraça esta falta de respeito para com a criatura humana;7,342979999999898;merecer uma atitude de expor a desgraça essa falta de respeito para patriatura humana;;[{'text': 'merecer', 'timestamp': (0.2, 0.62)}, {'text': 'uma', 'timestamp': (0.74, 0.84)}, {'text': 'atitude', 'timestamp': (0.9, 1.32)}, {'text': 'de', 'timestamp': (1.58, 1.62)}, {'text': 'expor', 'timestamp': (2.24, 3.14)}, {'text': 'a', 'timestamp': (3.24, 3.26)}, {'text': 'desgraça', 'timestamp': (3.32, 4.0)}, {'text': 'essa', 'timestamp': (4.5, 4.72)}, {'text': 'falta', 'timestamp': (4.88, 5.14)}, {'text': 'de', 'timestamp': (5.22, 5.26)}, {'text': 'respeito', 'timestamp': (5.38, 5.92)}, {'text': 'para', 'timestamp': (6.04, 6.2)}, {'text': 'patriatura', 'timestamp': (6.26, 6.82)}, {'text': 'humana', 'timestamp': (6.86, 7.16)}];0,6111111111111112;0,6111111111111112;0,8055555555555556;0,3010752688172043
./audios/SP_D2_333_3147.30299_3150.87843.wav;3147,30299;3150,87843;aliás isso não se vê... não é privilégio do Sílvio Santos;aliás isso não se vê não é privilégio do sílvio santos;3,5754400000000714;aliás isso não se via não é privilégio desse processo;;[{'text': 'aliás', 'timestamp': (0.1, 0.52)}, {'text': 'isso', 'timestamp': (0.74, 0.9)}, {'text': 'não', 'timestamp': (0.98, 1.06)}, {'text': 'se', 'timestamp': (1.16, 1.2)}, {'text': 'via', 'timestamp': (1.26, 1.56)}, {'text': 'não', 'timestamp': (2.04, 2.12)}, {'text': 'é', 'timestamp': (2.18, 2.2)}, {'text': 'privilégio', 'timestamp': (2.32, 2.86)}, {'text': 'desse', 'timestamp': (2.92, 3.06)}, {'text': 'processo', 'timestamp': (3.14, 3.52)}];0,36363636363636365;0,36363636363636365;0,5545454545454546;0,25925925925925924
./audios/SP_D2_333_3150.87843_3154.8916.wav;3150,87843;3154,8916;nós tivemos uma [porção... [de programas Mundo [Cão não é?;nós tivemos uma porção de programas mundo cão não é;4,013169999999718;nós tivemos você se lembra o gasto programas muito flávio é;;[{'text': 'nós', 'timestamp': (0.04, 0.14)}, {'text': 'tivemos', 'timestamp': (0.18, 0.46)}, {'text': 'você', 'timestamp': (0.76, 0.88)}, {'text': 'se', 'timestamp': (0.98, 1.04)}, {'text': 'lembra', 'timestamp': (1.1, 1.34)}, {'text': 'o', 'timestamp': (1.42, 1.44)}, {'text': 'gasto', 'timestamp': (1.58, 1.84)}, {'text': 'programas', 'timestamp': (2.0, 2.58)}, {'text': 'muito', 'timestamp': (2.74, 3.0)}, {'text': 'flávio', 'timestamp': (3.38, 3.74)}, {'text': 'é', 'timestamp': (3.84, 3.86)}];0,8;0,6666666666666666;0,8545454545454545;0,5098039215686274
./audios/SP_D2_333_3154.8916_3164.44.wav;3154,8916;3164,44;é do [Flávio Cavalcanti... que por [sinal agora... [que por sinal agora em falando em Flávio Cavalcanti por sinal agora é um novo contratado do Sílvio Santos;é do flávio cavalcanti que por sinal agora que por sinal agora em falando em flávio cavalcanti por sinal agora é um novo contratado do sílvio santos;9,548400000000129;lembra se calou sinal que por sinal lá agora em falando em fábrica vacante por sinal lá agora é o novo contratado do silo celso;;[{'text': 'lembra', 'timestamp': (0.3, 0.58)}, {'text': 'se', 'timestamp': (0.62, 0.66)}, {'text': 'calou', 'timestamp': (0.74, 1.62)}, {'text': 'sinal', 'timestamp': (1.88, 2.5)}, {'text': 'que', 'timestamp': (3.22, 3.3)}, {'text': 'por', 'timestamp': (3.38, 3.46)}, {'text': 'sinal', 'timestamp': (3.56, 3.78)}, {'text': 'lá', 'timestamp': (3.84, 3.88)}, {'text': 'agora', 'timestamp': (3.96, 4.28)}, {'text': 'em', 'timestamp': (4.52, 4.58)}, {'text': 'falando', 'timestamp': (4.64, 4.96)}, {'text': 'em', 'timestamp': (5.28, 5.32)}, {'text': 'fábrica', 'timestamp': (5.38, 5.7)}, {'text': 'vacante', 'timestamp': (5.8, 6.18)}, {'text': 'por', 'timestamp': (6.34, 6.42)}, {'text': 'sinal', 'timestamp': (6.54, 6.74)}, {'text': 'lá', 'timestamp': (6.8, 6.84)}, {'text': 'agora', 'timestamp': (6.9, 7.18)}, {'text': 'é', 'timestamp': (7.42, 7.44)}, {'text': 'o', 'timestamp': (7.54, 7.56)}, {'text': 'novo', 'timestamp': (7.68, 7.92)}, {'text': 'contratado', 'timestamp': (8.0, 8.5)}, {'text': 'do', 'timestamp': (8.6, 8.64)}, {'text': 'silo', 'timestamp': (8.74, 8.92)}, {'text': 'celso', 'timestamp': (9.02, 9.32)}];0,5185185185185185;0,5;0,7096296296296296;0,3716216216216216
./audios/SP_D2_333_3164.44_3170.14093.wav;3164,44;3170,14093;[então para a nova emissora... ele levará... o Flávio Cavalcanti talvez por todas as suas desgraças também;então para a nova emissora ele levará o flávio cavalcanti talvez por todas as suas desgraças também;5,700929999999971;então a nova emissora levará o fábrica vacante talvez com todas as suas desgraças também;;[{'text': 'então', 'timestamp': (0.02, 0.16)}, {'text': 'a', 'timestamp': (0.36, 0.38)}, {'text': 'nova', 'timestamp': (0.44, 0.64)}, {'text': 'emissora', 'timestamp': (0.72, 1.2)}, {'text': 'levará', 'timestamp': (2.02, 2.36)}, {'text': 'o', 'timestamp': (2.92, 2.94)}, {'text': 'fábrica', 'timestamp': (3.04, 3.4)}, {'text': 'vacante', 'timestamp': (3.42, 3.86)}, {'text': 'talvez', 'timestamp': (4.02, 4.3)}, {'text': 'com', 'timestamp': (4.38, 4.46)}, {'text': 'todas', 'timestamp': (4.54, 4.7)}, {'text': 'as', 'timestamp': (4.78, 4.82)}, {'text': 'suas', 'timestamp': (4.88, 5.0)}, {'text': 'desgraças', 'timestamp': (5.06, 5.5)}, {'text': 'também', 'timestamp': (5.54, 5.66)}];0,29411764705882354;0,29411764705882354;0,4352941176470587;0,1919191919191919
./audios/SP_D2_333_3170.14093_3172.08087.wav;3170,14093;3172,08087;(o quê)... quem é que vai para o trono?;o quê quem é que vai para o trono;1,9399399999997513;e que que é que vai para o trono;;[{'text': 'e', 'timestamp': (0.0, 0.02)}, {'text': 'que', 'timestamp': (0.14, 0.2)}, {'text': 'que', 'timestamp': (0.78, 0.84)}, {'text': 'é', 'timestamp': (0.86, 0.88)}, {'text': 'que', 'timestamp': (0.94, 1.0)}, {'text': 'vai', 'timestamp': (1.04, 1.14)}, {'text': 'para', 'timestamp': (1.2, 1.32)}, {'text': 'o', 'timestamp': (1.34, 1.36)}, {'text': 'trono', 'timestamp': (1.6, 1.88)}];0,3333333333333333;0,3333333333333333;0,5555555555555556;0,09090909090909091
./audios/SP_D2_333_3172.08087_3174.75079.wav;3172,08087;3174,75079;é o canceroso é o leproso... é o tuberculoso?;é o canceroso é o leproso é o tuberculoso;2,6699200000002747;é o canceroso é o leproso é o tuberculoso;;[{'text': 'é', 'timestamp': (0.06, 0.08)}, {'text': 'o', 'timestamp': (0.1, 0.12)}, {'text': 'canceroso', 'timestamp': (0.2, 0.78)}, {'text': 'é', 'timestamp': (0.84, 0.86)}, {'text': 'o', 'timestamp': (0.88, 0.9)}, {'text': 'leproso', 'timestamp': (0.96, 1.5)}, {'text': 'é', 'timestamp': (1.68, 1.7)}, {'text': 'o', 'timestamp': (1.96, 1.98)}, {'text': 'tuberculoso', 'timestamp': (2.02, 2.52)}];0,0;0,0;0,0;0,0
./audios/SP_D2_333_3175.16457_3177.31275.wav;3175,16457;3177,31275;é é então é u/ é uma tristeza;é é então é u é uma tristeza;2,1481800000001385;então é uma tristeza;;[{'text': 'então', 'timestamp': (0.36, 0.68)}, {'text': 'é', 'timestamp': (1.3, 1.32)}, {'text': 'uma', 'timestamp': (1.38, 1.44)}, {'text': 'tristeza', 'timestamp': (1.5, 1.96)}];0,5;0,5;0,5;0,2857142857142857
./audios/SP_D2_333_3177.91236_3180.07548.wav;3177,91236;3180,07548;agora... éh::... do Sílvio;agora eh do sílvio;2,1631200000001627;agora e do sim;;[{'text': 'agora', 'timestamp': (0.08, 0.44)}, {'text': 'e', 'timestamp': (0.9, 0.92)}, {'text': 'do', 'timestamp': (1.84, 1.9)}, {'text': 'sim', 'timestamp': (1.94, 2.12)}];0,5;0,5;0,75;0,2777777777777778
./audios/SP_D2_333_3180.07548_3183.6135.wav;3180,07548;3183,6135;e então uma que se pode dizer... deles éh éh é uma coisa;e então uma que se pode dizer deles eh eh é uma coisa;3,5380199999999604;então o que se pode dizer deles e é uma coisa;;[{'text': 'então', 'timestamp': (0.14, 0.34)}, {'text': 'o', 'timestamp': (0.48, 0.5)}, {'text': 'que', 'timestamp': (0.54, 0.62)}, {'text': 'se', 'timestamp': (0.68, 0.72)}, {'text': 'pode', 'timestamp': (0.8, 0.94)}, {'text': 'dizer', 'timestamp': (1.04, 1.26)}, {'text': 'deles', 'timestamp': (1.66, 2.0)}, {'text': 'e', 'timestamp': (2.26, 2.28)}, {'text': 'é', 'timestamp': (2.88, 2.9)}, {'text': 'uma', 'timestamp': (2.98, 3.06)}, {'text': 'coisa', 'timestamp': (3.18, 3.38)}];0,3076923076923077;0,3076923076923077;0,43356643356643354;0,16981132075471697
./audios/SP_D2_333_3183.6135_3193.94048.wav;3183,6135;3193,94048;eu acho que pelo dinheiro que ele agora acumulou... e está pondo investindo na televisão... DEve-se cobrar com a maior severidade daqui por diante muita coisa;eu acho que pelo dinheiro que ele agora acumulou e está pondo investindo na televisão devese cobrar com a maior severidade daqui por diante muita coisa;10,326980000000276;eu acho que pelo dinheiro que ele agora acumulou está pondo investindo na televisão deve se cobrar com a maior severidade daqui por diante muita coisa;;[{'text': 'eu', 'timestamp': (0.02, 0.08)}, {'text': 'acho', 'timestamp': (0.12, 0.26)}, {'text': 'que', 'timestamp': (0.3, 0.38)}, {'text': 'pelo', 'timestamp': (0.46, 0.62)}, {'text': 'dinheiro', 'timestamp': (0.7, 1.0)}, {'text': 'que', 'timestamp': (1.1, 1.16)}, {'text': 'ele', 'timestamp': (1.22, 1.32)}, {'text': 'agora', 'timestamp': (1.36, 1.64)}, {'text': 'acumulou', 'timestamp': (1.72, 2.22)}, {'text': 'está', 'timestamp': (3.86, 4.1)}, {'text': 'pondo', 'timestamp': (4.34, 4.66)}, {'text': 'investindo', 'timestamp': (4.78, 5.4)}, {'text': 'na', 'timestamp': (5.5, 5.54)}, {'text': 'televisão', 'timestamp': (5.6, 5.94)}, {'text': 'deve', 'timestamp': (6.5, 6.74)}, {'text': 'se', 'timestamp': (6.88, 6.92)}, {'text': 'cobrar', 'timestamp': (7.1, 7.46)}, {'text': 'com', 'timestamp': (7.58, 7.66)}, {'text': 'a', 'timestamp': (7.72, 7.74)}, {'text': 'maior', 'timestamp': (7.78, 8.04)}, {'text': 'severidade', 'timestamp': (8.22, 8.86)}, {'text': 'daqui', 'timestamp': (9.0, 9.2)}, {'text': 'por', 'timestamp': (9.3, 9.38)}, {'text': 'diante', 'timestamp': (9.46, 9.66)}, {'text': 'muita', 'timestamp': (9.76, 9.9)}, {'text': 'coisa', 'timestamp': (10.0, 10.2)}];0,11538461538461539;0,1111111111111111;0,1479289940828401;0,019867549668874173
./audios/SP_D2_333_3194.23877_3196.69804.wav;3194,23877;3196,69804;ele queria ter um canal o governo (lhe) concedeu esse canal;ele queria ter um canal o governo lhe concedeu esse canal;2,459270000000288;ele queria ter um canal o governo concedeu esse canal;;[{'text': 'ele', 'timestamp': (0.06, 0.14)}, {'text': 'queria', 'timestamp': (0.16, 0.34)}, {'text': 'ter', 'timestamp': (0.4, 0.48)}, {'text': 'um', 'timestamp': (0.54, 0.58)}, {'text': 'canal', 'timestamp': (0.66, 0.88)}, {'text': 'o', 'timestamp': (0.98, 1.0)}, {'text': 'governo', 'timestamp': (1.04, 1.32)}, {'text': 'concedeu', 'timestamp': (1.64, 1.94)}, {'text': 'esse', 'timestamp': (2.0, 2.12)}, {'text': 'canal', 'timestamp': (2.2, 2.38)}];0,09090909090909091;0,09090909090909091;0,09090909090909094;0,07017543859649122
./audios/SP_D2_333_3197.07455_3200.2325.wav;3197,07455;3200,2325;então MUIta coisa deve ser cobrada para ele daqui para frente;então muita coisa deve ser cobrada para ele daqui para frente;3,1579500000002554;então muita coisa deve ser cobrada pra ele e daqui pra frente;;[{'text': 'então', 'timestamp': (0.04, 0.24)}, {'text': 'muita', 'timestamp': (0.36, 0.6)}, {'text': 'coisa', 'timestamp': (0.74, 0.94)}, {'text': 'deve', 'timestamp': (1.02, 1.18)}, {'text': 'ser', 'timestamp': (1.24, 1.32)}, {'text': 'cobrada', 'timestamp': (1.42, 1.82)}, {'text': 'pra', 'timestamp': (1.94, 2.02)}, {'text': 'ele', 'timestamp': (2.1, 2.24)}, {'text': 'e', 'timestamp': (2.26, 2.28)}, {'text': 'daqui', 'timestamp': (2.3, 2.5)}, {'text': 'pra', 'timestamp': (2.56, 2.68)}, {'text': 'frente', 'timestamp': (2.74, 3.0)}];0,2727272727272727;0,25;0,38636363636363635;0,06557377049180328
./audios/SP_D2_333_3200.5251_3202.67708.wav;3200,5251;3202,67708;até aqui ele pode ter tido as suas escusas;até aqui ele pode ter tido as suas escusas;2,151980000000094;até aqui ele pode ter tido as suas escusas;;[{'text': 'até', 'timestamp': (0.14, 0.28)}, {'text': 'aqui', 'timestamp': (0.38, 0.54)}, {'text': 'ele', 'timestamp': (0.56, 0.68)}, {'text': 'pode', 'timestamp': (0.78, 0.9)}, {'text': 'ter', 'timestamp': (0.96, 1.06)}, {'text': 'tido', 'timestamp': (1.16, 1.3)}, {'text': 'as', 'timestamp': (1.32, 1.38)}, {'text': 'suas', 'timestamp': (1.42, 1.54)}, {'text': 'escusas', 'timestamp': (1.6, 2.0)}];0,0;0,0;0,0;0,0
./audios/SP_D2_333_3203.21242_3204.68956.wav;3203,21242;3204,68956;para criar o seu império;para criar o seu império;1,477139999999963;para criar o seu empenho;;[{'text': 'para', 'timestamp': (0.06, 0.22)}, {'text': 'criar', 'timestamp': (0.32, 0.6)}, {'text': 'o', 'timestamp': (0.66, 0.68)}, {'text': 'seu', 'timestamp': (0.76, 0.86)}, {'text': 'empenho', 'timestamp': (0.96, 1.32)}];0,2;0,2;0,3599999999999999;0,16666666666666666
./audios/SP_D2_333_3225.77033_3235.27104.wav;3225,77033;3235,27104;olha eu não digo sobrepujar mas aqui no Brasil... hã... com:: [(com) um poder aquisitivo tão [baixo... [com o poder;olha eu não digo sobrepujar mas aqui no brasil ah com com um poder aquisitivo tão baixo com o poder;9,500710000000254;olha eu não digo sobre bujarmas aqui no brasil com um poder aquisitivo tão baixo toteconômico com com o poder;;[{'text': 'olha', 'timestamp': (0.08, 0.26)}, {'text': 'eu', 'timestamp': (0.56, 0.64)}, {'text': 'não', 'timestamp': (0.74, 0.82)}, {'text': 'digo', 'timestamp': (0.94, 1.1)}, {'text': 'sobre', 'timestamp': (1.26, 1.48)}, {'text': 'bujarmas', 'timestamp': (1.58, 2.2)}, {'text': 'aqui', 'timestamp': (2.28, 2.46)}, {'text': 'no', 'timestamp': (2.54, 2.6)}, {'text': 'brasil', 'timestamp': (2.68, 3.16)}, {'text': 'com', 'timestamp': (4.68, 5.84)}, {'text': 'um', 'timestamp': (5.86, 5.9)}, {'text': 'poder', 'timestamp': (5.94, 6.12)}, {'text': 'aquisitivo', 'timestamp': (6.18, 6.68)}, {'text': 'tão', 'timestamp': (6.82, 6.92)}, {'text': 'baixo', 'timestamp': (7.0, 7.34)}, {'text': 'toteconômico', 'timestamp': (7.78, 8.42)}, {'text': 'com', 'timestamp': (8.64, 8.74)}, {'text': 'com', 'timestamp': (8.98, 9.06)}, {'text': 'o', 'timestamp': (9.1, 9.12)}, {'text': 'poder', 'timestamp': (9.18, 9.44)}];0,3;0,2727272727272727;0,3599999999999999;0,2727272727272727
./audios/SP_D2_333_3235.27104_3235.49431.wav;3235,27104;3235,49431;é;é;0,22326999999995678;é;;[{'text': 'é', 'timestamp': (1.02, 1.04)}];0,0;0,0;0,0;0,0
./audios/SP_D2_333_3235.49431_3241.71871.wav;3235,49431;3241,71871;é o poder aquisitivo tão baixo... para muitas faixas a televisão irá... substituir o cinema;é o poder aquisitivo tão baixo para muitas faixas a televisão irá substituir o cinema;6,22440000000006;o poder aquisitivo tão baixo para muitas faixas a televisão irá substituir o cinema;;[{'text': 'o', 'timestamp': (0.1, 0.14)}, {'text': 'poder', 'timestamp': (0.18, 0.36)}, {'text': 'aquisitivo', 'timestamp': (0.4, 0.84)}, {'text': 'tão', 'timestamp': (0.94, 1.04)}, {'text': 'baixo', 'timestamp': (1.14, 1.52)}, {'text': 'para', 'timestamp': (2.08, 2.2)}, {'text': 'muitas', 'timestamp': (2.36, 2.7)}, {'text': 'faixas', 'timestamp': (2.88, 3.34)}, {'text': 'a', 'timestamp': (3.52, 3.54)}, {'text': 'televisão', 'timestamp': (3.62, 4.1)}, {'text': 'irá', 'timestamp': (4.36, 4.54)}, {'text': 'substituir', 'timestamp': (5.22, 5.7)}, {'text': 'o', 'timestamp': (5.76, 5.8)}, {'text': 'cinema', 'timestamp': (5.86, 6.14)}];0,06666666666666667;0,06666666666666667;0,06666666666666665;0,023529411764705882
./audios/SP_D2_333_3242.24253_3253.52119.wav;3242,24253;3253,52119;porque a pessoa compra a sua tele/ o seu tele::: o seu receptor... a prestações... fica com ele no seu barraco... e vê os [filmes... [atrasados... [bons ou ruins não é?;porque a pessoa compra a sua tele o seu tele o seu receptor a prestações fica com ele no seu barraco e vê os filmes atrasados bons ou ruins não é;11,278659999999945;por que a pessoa compra o seu receptor a prestações fica com ele no seu barraco e vê os filmes atrasados os os;;[{'text': 'por', 'timestamp': (0.06, 0.2)}, {'text': 'que', 'timestamp': (0.32, 0.38)}, {'text': 'a', 'timestamp': (0.48, 0.5)}, {'text': 'pessoa', 'timestamp': (0.58, 0.96)}, {'text': 'compra', 'timestamp': (1.1, 1.3)}, {'text': 'o', 'timestamp': (1.72, 1.74)}, {'text': 'seu', 'timestamp': (3.32, 3.42)}, {'text': 'receptor', 'timestamp': (3.5, 3.92)}, {'text': 'a', 'timestamp': (4.16, 4.18)}, {'text': 'prestações', 'timestamp': (4.24, 4.76)}, {'text': 'fica', 'timestamp': (5.32, 5.46)}, {'text': 'com', 'timestamp': (5.54, 5.6)}, {'text': 'ele', 'timestamp': (5.62, 5.74)}, {'text': 'no', 'timestamp': (5.78, 5.86)}, {'text': 'seu', 'timestamp': (5.9, 6.0)}, {'text': 'barraco', 'timestamp': (6.08, 6.42)}, {'text': 'e', 'timestamp': (7.3, 7.32)}, {'text': 'vê', 'timestamp': (7.42, 7.48)}, {'text': 'os', 'timestamp': (7.6, 7.66)}, {'text': 'filmes', 'timestamp': (7.8, 8.18)}, {'text': 'atrasados', 'timestamp': (8.78, 9.5)}, {'text': 'os', 'timestamp': (10.06, 10.3)}, {'text': 'os', 'timestamp': (10.56, 10.74)}];0,41935483870967744;0,40625;0,49368863955119213;0,25517241379310346
./audios/SP_D2_333_3253.84756_3255.08475.wav;3253,84756;3255,08475;[vê nele os seus filmes;vê nele os seus filmes;1,2371899999998277;vê nele os seus filmes;;[{'text': 'vê', 'timestamp': (0.04, 0.1)}, {'text': 'nele', 'timestamp': (0.26, 0.5)}, {'text': 'os', 'timestamp': (0.64, 0.68)}, {'text': 'seus', 'timestamp': (0.72, 0.86)}, {'text': 'filmes', 'timestamp': (0.94, 1.2)}];0,0;0,0;0,0;0,0
./audios/SP_D2_333_3255.08475_3269.08817.wav;3255,08475;3269,08817;então essas pessoas essa... essas grandes faixas... éh:: de uma população... pobre... evidentemente... éh vão cada vez mais::... éh... renunciar ao cinema;então essas pessoas essa essas grandes faixas eh de uma população pobre evidentemente eh vão cada vez mais eh renunciar ao cinema;14,003420000000006;então as pessoas essas grandes faixas de uma população pobre evidentemente vão cada vez mais renunciar ao sine;;[{'text': 'então', 'timestamp': (0.08, 0.26)}, {'text': 'as', 'timestamp': (0.5, 0.56)}, {'text': 'pessoas', 'timestamp': (0.66, 1.18)}, {'text': 'essas', 'timestamp': (1.66, 1.84)}, {'text': 'grandes', 'timestamp': (1.92, 2.22)}, {'text': 'faixas', 'timestamp': (2.36, 2.8)}, {'text': 'de', 'timestamp': (4.1, 4.16)}, {'text': 'uma', 'timestamp': (4.2, 4.26)}, {'text': 'população', 'timestamp': (4.3, 4.88)}, {'text': 'pobre', 'timestamp': (6.78, 7.14)}, {'text': 'evidentemente', 'timestamp': (7.92, 8.64)}, {'text': 'vão', 'timestamp': (9.7, 9.82)}, {'text': 'cada', 'timestamp': (10.0, 10.24)}, {'text': 'vez', 'timestamp': (10.34, 10.52)}, {'text': 'mais', 'timestamp': (10.66, 10.96)}, {'text': 'renunciar', 'timestamp': (12.7, 13.26)}, {'text': 'ao', 'timestamp': (13.34, 13.38)}, {'text': 'sine', 'timestamp': (13.48, 13.68)}];0,2727272727272727;0,2727272727272727;0,3535353535353536;0,15503875968992248
./audios/SP_D2_333_3269.94919_3278.18865.wav;3269,94919;3278,18865;agora... nas nas elites nas camadas... mais altas eu acho que o cinema ainda vai perdurar durante muito tempo;agora nas nas elites nas camadas mais altas eu acho que o cinema ainda vai perdurar durante muito tempo;8,239460000000236;agora nas elites nas camadas mais altas eu acho que o cinema ainda vai perdurar durante muito tempo;;[{'text': 'agora', 'timestamp': (0.08, 0.52)}, {'text': 'nas', 'timestamp': (1.46, 1.6)}, {'text': 'elites', 'timestamp': (1.7, 2.24)}, {'text': 'nas', 'timestamp': (2.34, 2.46)}, {'text': 'camadas', 'timestamp': (2.56, 3.04)}, {'text': 'mais', 'timestamp': (3.82, 4.04)}, {'text': 'altas', 'timestamp': (4.16, 4.54)}, {'text': 'eu', 'timestamp': (4.8, 4.9)}, {'text': 'acho', 'timestamp': (5.0, 5.24)}, {'text': 'que', 'timestamp': (5.34, 5.42)}, {'text': 'o', 'timestamp': (5.46, 5.48)}, {'text': 'cinema', 'timestamp': (5.58, 5.88)}, {'text': 'ainda', 'timestamp': (5.94, 6.1)}, {'text': 'vai', 'timestamp': (6.18, 6.28)}, {'text': 'perdurar', 'timestamp': (6.38, 6.8)}, {'text': 'durante', 'timestamp': (6.9, 7.16)}, {'text': 'muito', 'timestamp': (7.3, 7.46)}, {'text': 'tempo', 'timestamp': (7.62, 7.86)}];0,05263157894736842;0,05263157894736842;0,052631578947368474;0,038834951456310676
./audios/SP_D2_333_3279.43864_3285.45602.wav;3279,43864;3285,45602;hã... parece que no Brasil é um dos lugares em que o nosso cinema é de mais baixo custo não é?;ah parece que no brasil é um dos lugares em que o nosso cinema é de mais baixo custo não é;6,01738000000023;ah parece que no brasil é um dos lugares em que o nosso cinema é de mais baixo custo no;;[{'text': 'ah', 'timestamp': (0.12, 0.22)}, {'text': 'parece', 'timestamp': (1.34, 1.7)}, {'text': 'que', 'timestamp': (1.82, 1.9)}, {'text': 'no', 'timestamp': (1.94, 2.0)}, {'text': 'brasil', 'timestamp': (2.04, 2.46)}, {'text': 'é', 'timestamp': (2.52, 2.54)}, {'text': 'um', 'timestamp': (2.62, 2.66)}, {'text': 'dos', 'timestamp': (2.72, 2.78)}, {'text': 'lugares', 'timestamp': (2.86, 3.18)}, {'text': 'em', 'timestamp': (3.22, 3.26)}, {'text': 'que', 'timestamp': (3.32, 3.4)}, {'text': 'o', 'timestamp': (3.44, 3.46)}, {'text': 'nosso', 'timestamp': (3.54, 3.76)}, {'text': 'cinema', 'timestamp': (3.9, 4.2)}, {'text': 'é', 'timestamp': (4.42, 4.44)}, {'text': 'de', 'timestamp': (4.5, 4.56)}, {'text': 'mais', 'timestamp': (4.62, 4.76)}, {'text': 'baixo', 'timestamp': (4.84, 5.06)}, {'text': 'custo', 'timestamp': (5.18, 5.52)}, {'text': 'no', 'timestamp': (5.66, 5.8)}];0,09523809523809523;0,09523809523809523;0,14047619047619053;0,03333333333333333
./audios/SP_D2_333_3285.87894_3288.74858.wav;3285,87894;3288,74858;é um cinema que não é... MUIto oneroso;é um cinema que não é muito oneroso;2,8696399999998903;é um um cinema que não é muito oneroso;;[{'text': 'é', 'timestamp': (0.1, 0.12)}, {'text': 'um', 'timestamp': (0.22, 0.28)}, {'text': 'um', 'timestamp': (0.4, 0.44)}, {'text': 'cinema', 'timestamp': (0.6, 0.86)}, {'text': 'que', 'timestamp': (0.96, 1.02)}, {'text': 'não', 'timestamp': (1.1, 1.2)}, {'text': 'é', 'timestamp': (1.28, 1.3)}, {'text': 'muito', 'timestamp': (1.98, 2.18)}, {'text': 'oneroso', 'timestamp': (2.3, 2.74)}];0,125;0,1111111111111111;0,11111111111111116;0,08571428571428572
./audios/SP_D2_333_3288.74858_3294.93783.wav;3288,74858;3294,93783;assim mesmo... hã diante do poder aquisitivo da população... é bastante oneroso;assim mesmo ah diante do poder aquisitivo da população é bastante oneroso;6,189249999999902;a si mesmo diante do poder aquisitivo da população é bastante onerosa;;[{'text': 'a', 'timestamp': (0.06, 0.08)}, {'text': 'si', 'timestamp': (0.22, 0.26)}, {'text': 'mesmo', 'timestamp': (0.38, 0.64)}, {'text': 'diante', 'timestamp': (2.24, 2.42)}, {'text': 'do', 'timestamp': (2.48, 2.54)}, {'text': 'poder', 'timestamp': (2.6, 2.82)}, {'text': 'aquisitivo', 'timestamp': (2.9, 3.34)}, {'text': 'da', 'timestamp': (3.4, 3.46)}, {'text': 'população', 'timestamp': (3.52, 4.16)}, {'text': 'é', 'timestamp': (4.86, 4.88)}, {'text': 'bastante', 'timestamp': (4.98, 5.36)}, {'text': 'onerosa', 'timestamp': (5.46, 5.88)}];0,3333333333333333;0,3076923076923077;0,4375;0,0821917808219178
./audios/SP_D2_333_3295.6099_3301.11412.wav;3295,6099;3301,11412;então ele vai prosseguir nestas faixas... de maior poder aquisitivo;então ele vai prosseguir nestas faixas de maior poder aquisitivo;5,5042200000002595;então ele vai prosseguir nessas faixas de maior poder aquisitivo;;[{'text': 'então', 'timestamp': (0.0, 0.12)}, {'text': 'ele', 'timestamp': (0.16, 0.26)}, {'text': 'vai', 'timestamp': (0.32, 0.42)}, {'text': 'prosseguir', 'timestamp': (0.54, 1.18)}, {'text': 'nessas', 'timestamp': (1.56, 2.08)}, {'text': 'faixas', 'timestamp': (2.3, 2.78)}, {'text': 'de', 'timestamp': (4.08, 4.14)}, {'text': 'maior', 'timestamp': (4.24, 4.46)}, {'text': 'poder', 'timestamp': (4.56, 4.78)}, {'text': 'aquisitivo', 'timestamp': (4.82, 5.38)}];0,1;0,1;0,18999999999999995;0,015625
./audios/SP_D2_333_3301.11412_3304.64391.wav;3301,11412;3304,64391;nas outras ele vai ser completamente substituído pela televisão;nas outras ele vai ser completamente substituído pela televisão;3,5297899999995934;nas outras ele vai ser completamente substituído pela televisão;;[{'text': 'nas', 'timestamp': (0.06, 0.26)}, {'text': 'outras', 'timestamp': (0.38, 0.66)}, {'text': 'ele', 'timestamp': (0.74, 0.84)}, {'text': 'vai', 'timestamp': (0.9, 1.0)}, {'text': 'ser', 'timestamp': (1.08, 1.18)}, {'text': 'completamente', 'timestamp': (1.3, 1.9)}, {'text': 'substituído', 'timestamp': (1.98, 2.5)}, {'text': 'pela', 'timestamp': (2.64, 2.78)}, {'text': 'televisão', 'timestamp': (2.86, 3.26)}];0,0;0,0;0,0;0,0
./audios/SP_D2_333_4.70344_5.69431.wav;4,70344;5,69431;olha Isa;olha isa;0,9908700000000001;alaíze;;[{'text': 'alaíze', 'timestamp': (1.22, 1.76)}];1,0;1,0;1,0;0,75
./audios/SP_D2_333_5.69431_6.23719.wav;5,69431;6,23719;eu;eu;0,5428800000000003;eu;;[{'text': 'eu', 'timestamp': (1.06, 1.16)}];0,0;0,0;0,0;0,0
./audios/SP_D2_333_6.66511_7.81974.wav;6,66511;7,81974;como você sabe;como você sabe;1,15463;como você sabe;;[{'text': 'como', 'timestamp': (0.04, 0.2)}, {'text': 'você', 'timestamp': (0.3, 0.46)}, {'text': 'sabe', 'timestamp': (0.66, 0.88)}];0,0;0,0;0,0;0,0
./audios/SP_D2_333_8.62578_9.57496.wav;8,62578;9,57496;u::ma pessoa;uma pessoa;0,9491800000000001;uma pessoa;;[{'text': 'uma', 'timestamp': (1.14, 1.5)}, {'text': 'pessoa', 'timestamp': (1.6, 1.94)}];0,0;0,0;0,0;0,0
./audios/SP_D2_333_9.57496_11.12294.wav;9,57496;11,12294;um diretor lá da Folha;um diretor lá da folha;1,547979999999999;um diretor lá da folha;;[{'text': 'um', 'timestamp': (0.04, 0.08)}, {'text': 'diretor', 'timestamp': (0.14, 0.48)}, {'text': 'lá', 'timestamp': (0.56, 0.62)}, {'text': 'da', 'timestamp': (0.7, 0.74)}, {'text': 'folha', 'timestamp': (0.94, 1.24)}];0,0;0,0;0,0;0,0
./audios/SP_D2_333_11.69456_12.95842.wav;11,69456;12,95842;certa feita me chamou;certa feita me chamou;1,263860000000001;certa feita me chamou;;[{'text': 'certa', 'timestamp': (0.06, 0.28)}, {'text': 'feita', 'timestamp': (0.4, 0.58)}, {'text': 'me', 'timestamp': (0.68, 0.72)}, {'text': 'chamou', 'timestamp': (0.82, 1.1)}];0,0;0,0;0,0;0,0
./audios/SP_D2_333_13.4889_15.68396.wav;13,4889;15,68396;e me incumbiu de escrever sobre televisão;e me incumbiu de escrever sobre televisão;2,1950600000000016;e me incumbiu de escrever sobre televisão;;[{'text': 'e', 'timestamp': (0.06, 0.08)}, {'text': 'me', 'timestamp': (0.14, 0.2)}, {'text': 'incumbiu', 'timestamp': (0.26, 0.62)}, {'text': 'de', 'timestamp': (0.7, 0.74)}, {'text': 'escrever', 'timestamp': (0.8, 1.2)}, {'text': 'sobre', 'timestamp': (1.28, 1.42)}, {'text': 'televisão', 'timestamp': (1.48, 1.98)}];0,0;0,0;0,0;0,0
./audios/SP_D2_333_16.37625_18.28.wav;16,37625;18,28;o que me parece é que na ocasião;o que me parece é que na ocasião;1,9037500000000023;o que me parece é que na ocasião;;[{'text': 'o', 'timestamp': (0.08, 0.1)}, {'text': 'que', 'timestamp': (0.14, 0.2)}, {'text': 'me', 'timestamp': (0.26, 0.3)}, {'text': 'parece', 'timestamp': (0.38, 0.68)}, {'text': 'é', 'timestamp': (0.82, 0.84)}, {'text': 'que', 'timestamp': (0.9, 1.0)}, {'text': 'na', 'timestamp': (1.06, 1.12)}, {'text': 'ocasião', 'timestamp': (1.26, 1.68)}];0,0;0,0;0,0;0,0
./audios/SP_D2_333_18.28_19.71613.wav;18,28;19,71613;quando ele me incumbiu disso;quando ele me incumbiu disso;1,4361299999999986;ponderei me copio disso;;[{'text': 'ponderei', 'timestamp': (0.12, 0.32)}, {'text': 'me', 'timestamp': (0.36, 0.42)}, {'text': 'copio', 'timestamp': (0.54, 0.84)}, {'text': 'disso', 'timestamp': (0.92, 1.22)}];0,6;0,6;0,8;0,4642857142857143
./audios/SP_D2_333_20.03881_20.71924.wav;20,03881;20,71924;ele pensou;ele pensou;0,6804299999999976;ele pensou;;[{'text': 'ele', 'timestamp': (1.08, 1.18)}, {'text': 'pensou', 'timestamp': (1.24, 1.56)}];0,0;0,0;0,0;0,0
./audios/SP_D2_333_21.06998_22.15025.wav;21,06998;22,15025;que ele ia::;que ele ia;1,0802699999999987;que linha;;[{'text': 'que', 'timestamp': (0.06, 0.16)}, {'text': 'linha', 'timestamp': (0.22, 0.48)}];0,6666666666666666;0,6666666666666666;0,8333333333333334;0,4
./audios/SP_D2_333_22.52_24.30865.wav;22,52;24,30865;ficar em face de uma recusa;ficar em face de uma recusa;1,7886500000000005;ficarem fatos de uma recusa;;[{'text': 'ficarem', 'timestamp': (0.06, 0.34)}, {'text': 'fatos', 'timestamp': (0.48, 0.74)}, {'text': 'de', 'timestamp': (0.8, 0.84)}, {'text': 'uma', 'timestamp': (0.88, 0.96)}, {'text': 'recusa', 'timestamp': (1.04, 1.6)}];0,5;0,5;0,7;0,14814814814814814
./audios/SP_D2_333_25.0943_26.0689.wav;25,0943;26,0689;e que eu ia;e que eu ia;0,9745999999999988;e que eu ia;;[{'text': 'e', 'timestamp': (1.1, 1.12)}, {'text': 'que', 'timestamp': (1.3, 1.38)}, {'text': 'eu', 'timestamp': (1.5, 1.56)}, {'text': 'ia', 'timestamp': (1.66, 1.86)}];0,0;0,0;0,0;0,0
./audios/SP_D2_333_26.26363_27.16982.wav;26,26363;27,16982;esnoBAR;esnobar;0,9061900000000023;isso no bar;;[{'text': 'isso', 'timestamp': (1.04, 1.2)}, {'text': 'no', 'timestamp': (1.28, 1.34)}, {'text': 'bar', 'timestamp': (1.5, 1.74)}];3,0;1,0;1,0;0,7142857142857143
./audios/SP_D2_333_27.30004_29.56584.wav;27,30004;29,56584;--agora vamos usar um termo;agora vamos usar um termo;2,2658000000000023;agora vamos usar o termo;;[{'text': 'agora', 'timestamp': (0.08, 0.5)}, {'text': 'vamos', 'timestamp': (0.96, 1.2)}, {'text': 'usar', 'timestamp': (1.3, 1.62)}, {'text': 'o', 'timestamp': (1.74, 1.76)}, {'text': 'termo', 'timestamp': (1.88, 2.1)}];0,2;0,2;0,3599999999999999;0,08
./audios/SP_D2_333_30.21797_32.41401.wav;30,21797;32,41401;que eu uso bastante e que todo mundo usa muito--;que eu uso bastante e que todo mundo usa muito;2,1960399999999964;que eu uso bastante que todo mundo usa muito;;[{'text': 'que', 'timestamp': (0.02, 0.1)}, {'text': 'eu', 'timestamp': (0.12, 0.18)}, {'text': 'uso', 'timestamp': (0.22, 0.34)}, {'text': 'bastante', 'timestamp': (0.48, 0.92)}, {'text': 'que', 'timestamp': (1.02, 1.1)}, {'text': 'todo', 'timestamp': (1.16, 1.3)}, {'text': 'mundo', 'timestamp': (1.38, 1.52)}, {'text': 'usa', 'timestamp': (1.62, 1.74)}, {'text': 'muito', 'timestamp': (1.84, 2.04)}];0,1;0,1;0,09999999999999998;0,043478260869565216
./audios/SP_D2_333_32.41401_34.46739.wav;32,41401;34,46739;eu iria esnobar a televisão;eu iria esnobar a televisão;2,053380000000004;eu iria esnobar a televisão;;[{'text': 'eu', 'timestamp': (0.06, 0.12)}, {'text': 'iria', 'timestamp': (0.2, 0.42)}, {'text': 'esnobar', 'timestamp': (0.6, 1.2)}, {'text': 'a', 'timestamp': (1.28, 1.3)}, {'text': 'televisão', 'timestamp': (1.38, 1.84)}];0,0;0,0;0,0;0,0
./audios/SP_D2_333_35.09872_38.07299.wav;35,09872;38,07299;como todo intelectual realmente esnoba;como todo intelectual realmente esnoba;2,974269999999997;como todo o intelectual é realmente e nota;;[{'text': 'como', 'timestamp': (0.16, 0.28)}, {'text': 'todo', 'timestamp': (0.44, 0.66)}, {'text': 'o', 'timestamp': (0.76, 0.78)}, {'text': 'intelectual', 'timestamp': (0.98, 1.58)}, {'text': 'é', 'timestamp': (1.96, 1.98)}, {'text': 'realmente', 'timestamp': (2.08, 2.5)}, {'text': 'e', 'timestamp': (2.64, 2.66)}, {'text': 'nota', 'timestamp': (2.72, 2.9)}];0,8;0,5;0,6;0,15789473684210525
./audios/SP_D2_333_38.54796_39.56216.wav;38,54796;39,56216;mas acontece;mas acontece;1,0141999999999953;mas acontece;;[{'text': 'mas', 'timestamp': (0.04, 0.14)}, {'text': 'acontece', 'timestamp': (0.22, 0.8)}];0,0;0,0;0,0;0,0
./audios/SP_D2_333_40.1869_43.65138.wav;40,1869;43,65138;que eu já tinha visto durante muito tempo televisão;que eu já tinha visto durante muito tempo televisão;3,464480000000002;que eu já tinha visto durante muito tempo televisão;;[{'text': 'que', 'timestamp': (0.08, 0.16)}, {'text': 'eu', 'timestamp': (0.18, 0.24)}, {'text': 'já', 'timestamp': (0.36, 0.42)}, {'text': 'tinha', 'timestamp': (0.62, 0.9)}, {'text': 'visto', 'timestamp': (1.08, 1.4)}, {'text': 'durante', 'timestamp': (1.52, 1.76)}, {'text': 'muito', 'timestamp': (1.86, 2.0)}, {'text': 'tempo', 'timestamp': (2.24, 2.48)}, {'text': 'televisão', 'timestamp': (2.62, 3.22)}];0,0;0,0;0,0;0,0
./audios/SP_D2_333_44.63312_45.34652.wav;44,63312;45,34652;porque::;porque;0,7134;por que;;[{'text': 'por', 'timestamp': (1.08, 1.22)}, {'text': 'que', 'timestamp': (1.4, 1.48)}];2,0;1,0;1,0;0,16666666666666666
./audios/SP_D2_333_45.34652_48.3211.wav;45,34652;48,3211;houve uma época na minha vida (em) que a literatura::;houve uma época na minha vida em que a literatura;2,974580000000003;houve uma época da minha vida é que a literatura;;[{'text': 'houve', 'timestamp': (0.04, 0.2)}, {'text': 'uma', 'timestamp': (0.26, 0.34)}, {'text': 'época', 'timestamp': (0.4, 0.62)}, {'text': 'da', 'timestamp': (0.68, 0.72)}, {'text': 'minha', 'timestamp': (0.8, 0.96)}, {'text': 'vida', 'timestamp': (1.04, 1.26)}, {'text': 'é', 'timestamp': (1.32, 1.34)}, {'text': 'que', 'timestamp': (1.52, 1.62)}, {'text': 'a', 'timestamp': (1.64, 1.66)}, {'text': 'literatura', 'timestamp': (1.72, 2.52)}];0,2;0,2;0,3599999999999999;0,061224489795918366
./audios/SP_D2_333_48.3211_50.15383.wav;48,3211;50,15383;me fazia prestar muita atenção;me fazia prestar muita atenção;1,832729999999998;me fazia prestar muita atenção;;[{'text': 'me', 'timestamp': (0.08, 0.14)}, {'text': 'fazia', 'timestamp': (0.22, 0.42)}, {'text': 'prestar', 'timestamp': (0.48, 0.8)}, {'text': 'muita', 'timestamp': (0.9, 1.04)}, {'text': 'atenção', 'timestamp': (1.14, 1.68)}];0,0;0,0;0,0;0,0
./audios/SP_D2_333_50.51083_52.26.wav;50,51083;52,26;e eu queria era uma fuga;e eu queria era uma fuga;1,7491699999999994;e eu queria era uma fuga;;[{'text': 'e', 'timestamp': (0.06, 0.08)}, {'text': 'eu', 'timestamp': (0.16, 0.24)}, {'text': 'queria', 'timestamp': (0.34, 0.64)}, {'text': 'era', 'timestamp': (0.76, 0.86)}, {'text': 'uma', 'timestamp': (0.9, 0.98)}, {'text': 'fuga', 'timestamp': (1.24, 1.52)}];0,0;0,0;0,0;0,0
./audios/SP_D2_333_52.26_53.42266.wav;52,26;53,42266;então a minha fuga;então a minha fuga;1,1626600000000025;então a minha fuga;;[{'text': 'então', 'timestamp': (0.14, 0.32)}, {'text': 'a', 'timestamp': (0.4, 0.42)}, {'text': 'minha', 'timestamp': (0.46, 0.58)}, {'text': 'fuga', 'timestamp': (0.82, 1.06)}];0,0;0,0;0,0;0,0
./audios/SP_D2_333_54.06024_55.29941.wav;54,06024;55,29941;era me deitar na cama;era me deitar na cama;1,2391700000000014;era me deitar na cama;;[{'text': 'era', 'timestamp': (0.06, 0.16)}, {'text': 'me', 'timestamp': (0.2, 0.24)}, {'text': 'deitar', 'timestamp': (0.3, 0.58)}, {'text': 'na', 'timestamp': (0.64, 0.68)}, {'text': 'cama', 'timestamp': (0.9, 1.14)}];0,0;0,0;0,0;0,0
./audios/SP_D2_333_55.85987_58.2.wav;55,85987;58,2;ligar o:: receptor e ficar vendo;ligar o receptor e ficar vendo;2,340130000000002;ligar o o receptor e ficar vendo;;[{'text': 'ligar', 'timestamp': (0.16, 0.56)}, {'text': 'o', 'timestamp': (0.7, 0.72)}, {'text': 'o', 'timestamp': (0.86, 0.9)}, {'text': 'receptor', 'timestamp': (0.94, 1.4)}, {'text': 'e', 'timestamp': (1.48, 1.5)}, {'text': 'ficar', 'timestamp': (1.54, 1.8)}, {'text': 'vendo', 'timestamp': (1.94, 2.24)}];0,16666666666666666;0,14285714285714285;0,1428571428571429;0,06666666666666667
./audios/SP_D2_333_58.2_59.00302.wav;58,2;59,00302;ficar vendo;ficar vendo;0,8030199999999965;cabe;;[{'text': 'cabe', 'timestamp': (1.22, 1.42)}];1,0;1,0;1,0;0,7272727272727273
./audios/SP_D2_333_59.84722_60.20355.wav;59,84722;60,20355;e::;e;0,3563299999999998;e;;[{'text': 'e', 'timestamp': (1.08, 1.1)}];0,0;0,0;0,0;0,0
./audios/SP_D2_333_60.39316_63.69011.wav;60,39316;63,69011;aí eu comecei a prestar atenção naquela tela pequena;aí eu comecei a prestar atenção naquela tela pequena;3,2969499999999954;aí eu comecei a prestar atenção naquela tela pequena;;[{'text': 'aí', 'timestamp': (0.06, 0.14)}, {'text': 'eu', 'timestamp': (0.2, 0.26)}, {'text': 'comecei', 'timestamp': (0.32, 0.66)}, {'text': 'a', 'timestamp': (0.7, 0.76)}, {'text': 'prestar', 'timestamp': (0.8, 1.28)}, {'text': 'atenção', 'timestamp': (1.38, 1.98)}, {'text': 'naquela', 'timestamp': (2.08, 2.34)}, {'text': 'tela', 'timestamp': (2.48, 2.64)}, {'text': 'pequena', 'timestamp': (2.76, 3.16)}];0,0;0,0;0,0;0,0
./audios/SP_D2_333_64.36_64.77988.wav;64,36;64,77988;vi;vi;0,41988000000000625;vi;;[{'text': 'vi', 'timestamp': (1.1, 1.16)}];0,0;0,0;0,0;0,0
./audios/SP_D2_333_65.20899_67.40951.wav;65,20899;67,40951;não só que já se fazia muita coisa boa;não só que já se fazia muita coisa boa;2,2005199999999974;não só que já se fazia muita coisa boa;;[{'text': 'não', 'timestamp': (0.1, 0.2)}, {'text': 'só', 'timestamp': (0.36, 0.42)}, {'text': 'que', 'timestamp': (0.62, 0.68)}, {'text': 'já', 'timestamp': (0.8, 0.84)}, {'text': 'se', 'timestamp': (0.96, 1.02)}, {'text': 'fazia', 'timestamp': (1.1, 1.42)}, {'text': 'muita', 'timestamp': (1.48, 1.64)}, {'text': 'coisa', 'timestamp': (1.72, 1.9)}, {'text': 'boa', 'timestamp': (2.02, 2.16)}];0,0;0,0;0,0;0,0
./audios/SP_D2_333_67.40951_69.08939.wav;67,40951;69,08939;e também muita coisa ruim é claro;e também muita coisa ruim é claro;1,6798799999999972;e também muita coisa ruim é claro;;[{'text': 'e', 'timestamp': (0.04, 0.06)}, {'text': 'também', 'timestamp': (0.14, 0.38)}, {'text': 'muita', 'timestamp': (0.48, 0.64)}, {'text': 'coisa', 'timestamp': (0.74, 0.94)}, {'text': 'ruim', 'timestamp': (1.04, 1.2)}, {'text': 'é', 'timestamp': (1.26, 1.28)}, {'text': 'claro', 'timestamp': (1.36, 1.54)}];0,0;0,0;0,0;0,0
./audios/SP_D2_333_70.02957_73.18821.wav;70,02957;73,18821;mas:: vi também todas as possibilidades::;mas vi também todas as possibilidades;3,1586399999999912;mas vi também todas as possibilidades;;[{'text': 'mas', 'timestamp': (0.2, 0.56)}, {'text': 'vi', 'timestamp': (0.7, 0.74)}, {'text': 'também', 'timestamp': (0.88, 1.14)}, {'text': 'todas', 'timestamp': (1.44, 1.8)}, {'text': 'as', 'timestamp': (1.88, 1.94)}, {'text': 'possibilidades', 'timestamp': (2.04, 2.88)}];0,0;0,0;0,0;0,0
./audios/SP_D2_333_73.32068_74.17618.wav;73,32068;74,17618;que aquele veículo;que aquele veículo;0,8555000000000064;que que ele veio com ele;;[{'text': 'que', 'timestamp': (1.02, 1.08)}, {'text': 'que', 'timestamp': (1.16, 1.22)}, {'text': 'ele', 'timestamp': (1.24, 1.34)}, {'text': 'veio', 'timestamp': (1.4, 1.6)}, {'text': 'com', 'timestamp': (1.68, 1.76)}, {'text': 'ele', 'timestamp': (1.84, 2.0)}];1,6666666666666667;0,8333333333333334;0,9444444444444444;0,6111111111111112
./audios/SP_D2_333_74.37009_75.3633.wav;74,37009;75,3633;ensejava;ensejava;0,9932099999999906;ensejava;;[{'text': 'ensejava', 'timestamp': (1.06, 1.84)}];0,0;0,0;0,0;0,0
./audios/SP_D2_333_75.3633_78.56349.wav;75,3633;78,56349;e que estavam ali laTENtes para serem aproveitados;e que estavam ali latentes para serem aproveitados;3,2001900000000063;e que estavam ali latentes para serem aproveitados;;[{'text': 'e', 'timestamp': (0.08, 0.1)}, {'text': 'que', 'timestamp': (0.2, 0.28)}, {'text': 'estavam', 'timestamp': (0.36, 0.88)}, {'text': 'ali', 'timestamp': (1.02, 1.14)}, {'text': 'latentes', 'timestamp': (1.26, 1.9)}, {'text': 'para', 'timestamp': (1.98, 2.08)}, {'text': 'serem', 'timestamp': (2.18, 2.36)}, {'text': 'aproveitados', 'timestamp': (2.42, 3.04)}];0,0;0,0;0,0;0,0
./audios/SP_D2_333_79.24_80.27984.wav;79,24;80,27984;agora voCÊ;agora você;1,039839999999998;agora você;;[{'text': 'agora', 'timestamp': (0.06, 0.32)}, {'text': 'você', 'timestamp': (0.44, 0.8)}];0,0;0,0;0,0;0,0
./audios/SP_D2_333_81.22547_82.85356.wav;81,22547;82,85356;foi dos tempos heroicos;foi dos tempos heroicos;1,6280900000000003;foi dos tempos heróicos;;[{'text': 'foi', 'timestamp': (0.12, 0.24)}, {'text': 'dos', 'timestamp': (0.32, 0.42)}, {'text': 'tempos', 'timestamp': (0.52, 0.8)}, {'text': 'heróicos', 'timestamp': (0.88, 1.44)}];0,25;0,25;0,4375;0,043478260869565216
./audios/SP_D2_333_82.97845_84.39297.wav;82,97845;84,39297;da mencionada luta;da mencionada luta;1,4145200000000102;dimensionada não é;;[{'text': 'dimensionada', 'timestamp': (0.06, 0.92)}, {'text': 'não', 'timestamp': (1.02, 1.08)}, {'text': 'é', 'timestamp': (1.2, 1.22)}];1,0;1,0;1,0;0,4444444444444444
./audios/SP_D2_333_96.20602_97.0283.wav;96,20602;97,0283;[vinte e [cinco anos;vinte e cinco anos;0,8222800000000063;vinte se duas;;[{'text': 'vinte', 'timestamp': (1.02, 1.2)}, {'text': 'se', 'timestamp': (1.32, 1.38)}, {'text': 'duas', 'timestamp': (1.46, 1.74)}];0,75;0,75;0,9166666666666666;0,5
./audios/SP_D2_333_97.0283_97.19897.wav;97,0283;97,19897;né?;né;0,1706700000000012;não;;[{'text': 'não', 'timestamp': (1.02, 1.12)}];1,0;1,0;1,0;1,0
./audios/SP_D2_333_115.72_116.40825.wav;115,72;116,40825;[sibilados;sibilados;0,6882499999999965;craca;;[{'text': 'craca', 'timestamp': (1.04, 1.5)}];1,0;1,0;1,0;0,8888888888888888
./audios/SP_D2_333_132.21918_132.56003.wav;132,21918;132,56003;é;é;0,3408500000000174;a;;[{'text': 'a', 'timestamp': (1.08, 1.1)}];1,0;1,0;1,0;1,0
./audios/SP_D2_333_142.53542_142.82183.wav;142,53542;142,82183;[é;é;0,2864100000000178;será;;[{'text': 'será', 'timestamp': (0.9, 1.18)}];1,0;1,0;1,0;4,0
./audios/SP_D2_333_143.56438_143.96902.wav;143,56438;143,96902;[no programa dele;no programa dele;0,40464000000000055;labaci;;[{'text': 'labaci', 'timestamp': (1.04, 1.34)}];1,0;1,0;1,0;0,875
./audios/SP_D2_333_144.55621_144.79246.wav;144,55621;144,79246;é;é;0,2362500000000125;é;;[{'text': 'é', 'timestamp': (1.04, 1.06)}];0,0;0,0;0,0;0,0
./audios/SP_D2_333_150.35897_150.88861.wav;150,35897;150,88861;[dos erres;dos erres;0,5296400000000006;pois este;;[{'text': 'pois', 'timestamp': (1.02, 1.18)}, {'text': 'este', 'timestamp': (1.22, 1.44)}];1,0;1,0;1,0;0,5555555555555556
./audios/SP_D2_333_150.88861_151.04288.wav;150,88861;151,04288;é;é;0,1542699999999968;a;;[{'text': 'a', 'timestamp': (1.02, 1.04)}];1,0;1,0;1,0;1,0
./audios/SP_D2_333_160.48739_161.15936.wav;160,48739;161,15936;[exata;exata;0,6719699999999875;rosata;;[{'text': 'rosata', 'timestamp': (1.04, 1.52)}];1,0;1,0;1,0;0,6
./audios/SP_D2_333_167.02017_167.77468.wav;167,02017;167,77468;[dos cariocas;dos cariocas;0,754509999999982;gasqueriosa;;[{'text': 'gasqueriosa', 'timestamp': (1.04, 1.62)}];1,0;1,0;1,0;0,5833333333333334
./audios/SP_D2_333_169.52_169.64331.wav;169,52;169,64331;é;é;0,12331000000000358;e;;[{'text': 'e', 'timestamp': (1.06, 1.08)}];1,0;1,0;1,0;1,0
./audios/SP_D2_333_169.64331_172.41253.wav;169,64331;172,41253;e agora como o que domina o mercado é a Globo;e agora como o que domina o mercado é a globo;2,76921999999999;e agora como o que domina o mercado e a grupo;;[{'text': 'e', 'timestamp': (0.14, 0.16)}, {'text': 'agora', 'timestamp': (0.3, 0.56)}, {'text': 'como', 'timestamp': (0.64, 0.76)}, {'text': 'o', 'timestamp': (0.88, 0.9)}, {'text': 'que', 'timestamp': (1.0, 1.08)}, {'text': 'domina', 'timestamp': (1.16, 1.4)}, {'text': 'o', 'timestamp': (1.46, 1.5)}, {'text': 'mercado', 'timestamp': (1.54, 1.96)}, {'text': 'e', 'timestamp': (2.02, 2.08)}, {'text': 'a', 'timestamp': (2.22, 2.24)}, {'text': 'grupo', 'timestamp': (2.3, 2.66)}];0,18181818181818182;0,18181818181818182;0,3305785123966941;0,08888888888888889
./audios/SP_D2_333_172.554_173.67562.wav;172,554;173,67562;e os estúdios da Globo;e os estúdios da globo;1,1216200000000072;e os estudos da no;;[{'text': 'e', 'timestamp': (0.06, 0.08)}, {'text': 'os', 'timestamp': (0.28, 0.42)}, {'text': 'estudos', 'timestamp': (0.46, 0.74)}, {'text': 'da', 'timestamp': (0.82, 0.86)}, {'text': 'no', 'timestamp': (0.98, 1.06)}];0,4;0,4;0,64;0,2727272727272727
./audios/SP_D2_333_173.97664_174.44881.wav;173,97664;174,44881;estão;estão;0,47217000000000553;estão;;[{'text': 'estão', 'timestamp': (1.14, 1.4)}];0,0;0,0;0,0;0,0
./audios/SP_D2_333_174.69074_175.45197.wav;174,69074;175,45197;no no Rio;no no rio;0,7612299999999834;não meu rio;;[{'text': 'não', 'timestamp': (1.12, 1.3)}, {'text': 'meu', 'timestamp': (1.34, 1.42)}, {'text': 'rio', 'timestamp': (1.5, 1.68)}];0,6666666666666666;0,6666666666666666;0,8888888888888888;0,4444444444444444
./audios/SP_D2_333_176.30685_177.57066.wav;176,30685;177,57066;isto faz com que;isto faz com que;1,2638100000000065;isto faz com que;;[{'text': 'isto', 'timestamp': (0.1, 0.26)}, {'text': 'faz', 'timestamp': (0.42, 0.62)}, {'text': 'com', 'timestamp': (0.74, 0.84)}, {'text': 'que', 'timestamp': (0.94, 1.0)}];0,0;0,0;0,0;0,0
./audios/SP_D2_333_177.99239_179.83892.wav;177,99239;179,83892;até os paulistas;até os paulistas;1,8465300000000013;até os paulistas;;[{'text': 'até', 'timestamp': (0.12, 0.48)}, {'text': 'os', 'timestamp': (0.66, 0.74)}, {'text': 'paulistas', 'timestamp': (0.94, 1.62)}];0,0;0,0;0,0;0,0
./audios/SP_D2_333_179.83892_180.72.wav;179,83892;180,72;que vão para o Rio;que vão para o rio;0,8810799999999972;que vão para o pinho;;[{'text': 'que', 'timestamp': (1.06, 1.14)}, {'text': 'vão', 'timestamp': (1.22, 1.32)}, {'text': 'para', 'timestamp': (1.4, 1.5)}, {'text': 'o', 'timestamp': (1.54, 1.56)}, {'text': 'pinho', 'timestamp': (1.62, 1.84)}];0,2;0,2;0,3599999999999999;0,16666666666666666
./audios/SP_D2_333_180.72_182.55273.wav;180,72;182,55273;os artistas paulistas que [estão lá;os artistas paulistas que estão lá;1,832729999999998;os artistas paulistas que adotam;;[{'text': 'os', 'timestamp': (0.06, 0.1)}, {'text': 'artistas', 'timestamp': (0.18, 0.58)}, {'text': 'paulistas', 'timestamp': (0.66, 1.06)}, {'text': 'que', 'timestamp': (1.12, 1.2)}, {'text': 'adotam', 'timestamp': (1.38, 1.68)}];0,3333333333333333;0,3333333333333333;0,4666666666666667;0,20588235294117646
./audios/SP_D2_333_183.22_185.2029.wav;183,22;185,2029;eles começam a adoTAR;eles começam a adotar;1,9829000000000008;eles começam a adotar;;[{'text': 'eles', 'timestamp': (0.18, 0.4)}, {'text': 'começam', 'timestamp': (0.5, 0.96)}, {'text': 'a', 'timestamp': (1.02, 1.06)}, {'text': 'adotar', 'timestamp': (1.08, 1.7)}];0,0;0,0;0,0;0,0
./audios/SP_D2_333_185.44232_187.00412.wav;185,44232;187,00412;para não ficar diferente;para não ficar diferente;1,5618000000000052;para não ficar diferente;;[{'text': 'para', 'timestamp': (0.06, 0.2)}, {'text': 'não', 'timestamp': (0.26, 0.34)}, {'text': 'ficar', 'timestamp': (0.4, 0.64)}, {'text': 'diferente', 'timestamp': (0.78, 1.36)}];0,0;0,0;0,0;0,0
./audios/SP_D2_333_187.47481_192.35374.wav;187,47481;192,35374;e:: uma vez:: que:: nós estamos aqui dando um depoimento;e uma vez que nós estamos aqui dando um depoimento;4,878929999999997;e uma vez que nós estamos aqui dentro de um depoimento;;[{'text': 'e', 'timestamp': (0.12, 0.14)}, {'text': 'uma', 'timestamp': (0.48, 0.6)}, {'text': 'vez', 'timestamp': (0.8, 1.0)}, {'text': 'que', 'timestamp': (1.46, 1.54)}, {'text': 'nós', 'timestamp': (2.26, 2.42)}, {'text': 'estamos', 'timestamp': (2.5, 2.94)}, {'text': 'aqui', 'timestamp': (3.04, 3.24)}, {'text': 'dentro', 'timestamp': (3.42, 3.62)}, {'text': 'de', 'timestamp': (3.68, 3.72)}, {'text': 'um', 'timestamp': (3.76, 3.8)}, {'text': 'depoimento', 'timestamp': (3.86, 4.66)}];0,2;0,18181818181818182;0,26363636363636356;0,12
./audios/SP_D2_333_192.35374_194.52645.wav;192,35374;194,52645;sobre esse aspecto de linGUAgem;sobre esse aspecto de linguagem;2,1727100000000235;sobre esse aspecto da linguagem;;[{'text': 'sobre', 'timestamp': (0.26, 0.42)}, {'text': 'esse', 'timestamp': (0.46, 0.58)}, {'text': 'aspecto', 'timestamp': (0.62, 1.04)}, {'text': 'da', 'timestamp': (1.14, 1.2)}, {'text': 'linguagem', 'timestamp': (1.3, 2.06)}];0,2;0,2;0,3599999999999999;0,03225806451612903
./audios/SP_D2_333_194.95056_196.45429.wav;194,95056;196,45429;eu já enfoquei;eu já enfoquei;1,5037299999999902;eu já enfoquei;;[{'text': 'eu', 'timestamp': (0.12, 0.2)}, {'text': 'já', 'timestamp': (0.32, 0.4)}, {'text': 'enfoquei', 'timestamp': (0.68, 1.34)}];0,0;0,0;0,0;0,0
./audios/SP_D2_333_196.74215_198.96836.wav;196,74215;198,96836;na nas minhas crônicas da Folha;na nas minhas crônicas da folha;2,2262099999999805;na nas minhas crônicas da foia;;[{'text': 'na', 'timestamp': (0.12, 0.18)}, {'text': 'nas', 'timestamp': (0.44, 0.58)}, {'text': 'minhas', 'timestamp': (0.68, 0.9)}, {'text': 'crônicas', 'timestamp': (1.02, 1.46)}, {'text': 'da', 'timestamp': (1.52, 1.58)}, {'text': 'foia', 'timestamp': (1.76, 2.12)}];0,16666666666666666;0,16666666666666666;0,30555555555555547;0,06451612903225806
./audios/SP_D2_333_199.40495_201.00577.wav;199,40495;201,00577;a pedra no caminho;a pedra no caminho;1,6008199999999988;a pedra no caminho;;[{'text': 'a', 'timestamp': (0.16, 0.18)}, {'text': 'pedra', 'timestamp': (0.38, 0.7)}, {'text': 'no', 'timestamp': (0.8, 0.86)}, {'text': 'caminho', 'timestamp': (0.94, 1.42)}];0,0;0,0;0,0;0,0
./audios/SP_D2_333_201.45483_202.10348.wav;201,45483;202,10348;que é;que é;0,6486500000000035;que é;;[{'text': 'que', 'timestamp': (1.08, 1.16)}, {'text': 'é', 'timestamp': (1.32, 1.34)}];0,0;0,0;0,0;0,0
./audios/SP_D2_333_202.58996_203.05562.wav;202,58996;203,05562;a::;a;0,46566000000001395;ah;;[{'text': 'ah', 'timestamp': (1.12, 1.18)}];1,0;1,0;1,0;1,0
./audios/SP_D2_333_203.05562_204.26.wav;203,05562;204,26;a pronúncia;a pronúncia;1,2043799999999862;a pronúncia;;[{'text': 'a', 'timestamp': (0.06, 0.08)}, {'text': 'pronúncia', 'timestamp': (0.2, 1.02)}];0,0;0,0;0,0;0,0
./audios/SP_D2_333_204.5804_205.79527.wav;204,5804;205,79527;tão diferente;tão diferente;1,2148699999999906;tão diferente;;[{'text': 'tão', 'timestamp': (0.06, 0.18)}, {'text': 'diferente', 'timestamp': (0.3, 0.98)}];0,0;0,0;0,0;0,0
./audios/SP_D2_333_205.94545_206.70201.wav;205,94545;206,70201;e mesmo;e mesmo;0,7565600000000074;e mesmo;;[{'text': 'e', 'timestamp': (1.06, 1.08)}, {'text': 'mesmo', 'timestamp': (1.24, 1.58)}];0,0;0,0;0,0;0,0
./audios/SP_D2_333_207.28569_208.44813.wav;207,28569;208,44813;a maneira de falar;a maneira de falar;1,1624400000000037;a maneira de falar;;[{'text': 'a', 'timestamp': (0.1, 0.12)}, {'text': 'maneira', 'timestamp': (0.2, 0.66)}, {'text': 'de', 'timestamp': (0.74, 0.78)}, {'text': 'falar', 'timestamp': (0.88, 1.08)}];0,0;0,0;0,0;0,0
./audios/SP_D2_333_208.44813_211.22737.wav;208,44813;211,22737;as SINgularidades que tem cada região do país;as singularidades que tem cada região do país;2,7792400000000157;as singularidades que tem cada região do país;;[{'text': 'as', 'timestamp': (0.0, 0.14)}, {'text': 'singularidades', 'timestamp': (0.24, 1.1)}, {'text': 'que', 'timestamp': (1.2, 1.26)}, {'text': 'tem', 'timestamp': (1.34, 1.42)}, {'text': 'cada', 'timestamp': (1.54, 1.7)}, {'text': 'região', 'timestamp': (1.78, 2.08)}, {'text': 'do', 'timestamp': (2.18, 2.22)}, {'text': 'país', 'timestamp': (2.32, 2.6)}];0,0;0,0;0,0;0,0
./audios/SP_D2_333_211.55004_215.08827.wav;211,55004;215,08827;e e e que como isso constitui numa PEdra no caminho;e e e que como isso constitui numa pedra no caminho;3,5382299999999987;e e e e que como isso constitui uma pedra no caminho;;[{'text': 'e', 'timestamp': (0.1, 0.12)}, {'text': 'e', 'timestamp': (0.3, 0.32)}, {'text': 'e', 'timestamp': (0.42, 0.44)}, {'text': 'e', 'timestamp': (0.62, 0.64)}, {'text': 'que', 'timestamp': (0.96, 1.18)}, {'text': 'como', 'timestamp': (1.32, 1.46)}, {'text': 'isso', 'timestamp': (1.58, 1.74)}, {'text': 'constitui', 'timestamp': (1.86, 2.24)}, {'text': 'uma', 'timestamp': (2.36, 2.44)}, {'text': 'pedra', 'timestamp': (2.66, 2.9)}, {'text': 'no', 'timestamp': (2.98, 3.02)}, {'text': 'caminho', 'timestamp': (3.1, 3.42)}];0,18181818181818182;0,16666666666666666;0,24242424242424243;0,058823529411764705
./audios/SP_D2_333_215.308_218.11955.wav;215,308;218,11955;quando é passado em termos de arte cênica;quando é passado em termos de arte cênica;2,811550000000011;quando é passado em termos de arte cênica;;[{'text': 'quando', 'timestamp': (0.02, 0.18)}, {'text': 'é', 'timestamp': (0.26, 0.28)}, {'text': 'passado', 'timestamp': (0.38, 0.9)}, {'text': 'em', 'timestamp': (1.06, 1.1)}, {'text': 'termos', 'timestamp': (1.22, 1.5)}, {'text': 'de', 'timestamp': (1.6, 1.64)}, {'text': 'arte', 'timestamp': (1.72, 1.96)}, {'text': 'cênica', 'timestamp': (2.2, 2.6)}];0,0;0,0;0,0;0,0
./audios/SP_D2_333_218.43927_219.85432.wav;218,43927;219,85432;e no caso televisão;e no caso televisão;1,415050000000008;e no caso televisão;;[{'text': 'e', 'timestamp': (0.12, 0.14)}, {'text': 'no', 'timestamp': (0.22, 0.28)}, {'text': 'caso', 'timestamp': (0.4, 0.62)}, {'text': 'televisão', 'timestamp': (0.76, 1.28)}];0,0;0,0;0,0;0,0
./audios/SP_D2_333_219.85432_221.99927.wav;219,85432;221,99927;uma vez que a televisão vai para o Brasil inteiro;uma vez que a televisão vai para o brasil inteiro;2,1449499999999944;uma vez que a televisão vai para o brasil do inteiro;;[{'text': 'uma', 'timestamp': (0.08, 0.16)}, {'text': 'vez', 'timestamp': (0.2, 0.3)}, {'text': 'que', 'timestamp': (0.34, 0.42)}, {'text': 'a', 'timestamp': (0.44, 0.46)}, {'text': 'televisão', 'timestamp': (0.5, 0.84)}, {'text': 'vai', 'timestamp': (0.92, 1.02)}, {'text': 'para', 'timestamp': (1.08, 1.18)}, {'text': 'o', 'timestamp': (1.2, 1.22)}, {'text': 'brasil', 'timestamp': (1.28, 1.56)}, {'text': 'do', 'timestamp': (1.62, 1.66)}, {'text': 'inteiro', 'timestamp': (1.72, 2.08)}];0,1;0,09090909090909091;0,09090909090909094;0,061224489795918366
./audios/SP_D2_333_222.14149_222.40288.wav;222,14149;222,40288;não é?;não é;0,2613900000000058;não é;;[{'text': 'não', 'timestamp': (1.02, 1.08)}, {'text': 'é', 'timestamp': (1.12, 1.14)}];0,0;0,0;0,0;0,0
./audios/SP_D2_333_222.88_223.33095.wav;222,88;223,33095;ar/;ar;0,45095000000000596;ar;;[{'text': 'ar', 'timestamp': (1.06, 1.24)}];0,0;0,0;0,0;0,0
./audios/SP_D2_333_223.33095_224.20689.wav;223,33095;224,20689;as redes;as redes;0,8759399999999857;as redes;;[{'text': 'as', 'timestamp': (1.12, 1.24)}, {'text': 'redes', 'timestamp': (1.38, 1.72)}];0,0;0,0;0,0;0,0
./audios/SP_D2_333_224.30772_226.47146.wav;224,30772;226,47146;das grandes emissoras cobrem o Brasil inteiro;das grandes emissoras cobrem o brasil inteiro;2,1637400000000184;as grandes emissoras cobrem o brasil inteiro;;[{'text': 'as', 'timestamp': (0.1, 0.18)}, {'text': 'grandes', 'timestamp': (0.22, 0.46)}, {'text': 'emissoras', 'timestamp': (0.56, 1.0)}, {'text': 'cobrem', 'timestamp': (1.12, 1.38)}, {'text': 'o', 'timestamp': (1.44, 1.46)}, {'text': 'brasil', 'timestamp': (1.48, 1.72)}, {'text': 'inteiro', 'timestamp': (1.8, 2.06)}];0,14285714285714285;0,14285714285714285;0,26530612244897966;0,022222222222222223
./audios/SP_D2_333_226.83021_227.29758.wav;226,83021;227,29758;então;então;0,4673700000000167;então;;[{'text': 'então', 'timestamp': (1.08, 1.3)}];0,0;0,0;0,0;0,0
./audios/SP_D2_333_227.5445_227.78695.wav;227,5445;227,78695;vôs/;vôs;0,24244999999999095;você;;[{'text': 'você', 'timestamp': (1.06, 1.24)}];1,0;1,0;1,0;1,0
./audios/SP_D2_333_227.78695_229.11794.wav;227,78695;229,11794;--não sei se vocês acompanharam;não sei se vocês acompanharam;1,330990000000014;não sei se vocês acompanharam;;[{'text': 'não', 'timestamp': (0.02, 0.1)}, {'text': 'sei', 'timestamp': (0.12, 0.2)}, {'text': 'se', 'timestamp': (0.24, 0.3)}, {'text': 'vocês', 'timestamp': (0.34, 0.48)}, {'text': 'acompanharam', 'timestamp': (0.6, 1.26)}];0,0;0,0;0,0;0,0
./audios/SP_D2_333_229.11794_230.95411.wav;229,11794;230,95411;a polêmica em torno de Gabriela;a polêmica em torno de gabriela;1,8361699999999814;a polêmica em torno de gabriela;;[{'text': 'a', 'timestamp': (0.06, 0.08)}, {'text': 'polêmica', 'timestamp': (0.18, 0.66)}, {'text': 'em', 'timestamp': (0.72, 0.78)}, {'text': 'torno', 'timestamp': (0.88, 1.08)}, {'text': 'de', 'timestamp': (1.14, 1.18)}, {'text': 'gabriela', 'timestamp': (1.24, 1.74)}];0,0;0,0;0,0;0,0
./audios/SP_D2_333_231.43375_232.19381.wav;231,43375;232,19381;Gabriela;gabriela;0,76006000000001;gabriela;;[{'text': 'gabriela', 'timestamp': (1.08, 1.64)}];0,0;0,0;0,0;0,0
./audios/SP_D2_333_232.92759_233.47195.wav;232,92759;233,47195;a::h;ah;0,5443599999999833;a;;[{'text': 'a', 'timestamp': (1.06, 1.08)}];1,0;1,0;1,0;0,5
./audios/SP_D2_333_233.47195_234.793.wav;233,47195;234,793;jornais baianos::;jornais baianos;1,3210500000000138;os jornais baianos;;[{'text': 'os', 'timestamp': (0.04, 0.08)}, {'text': 'jornais', 'timestamp': (0.14, 0.48)}, {'text': 'baianos', 'timestamp': (0.58, 1.1)}];0,5;0,3333333333333333;0,33333333333333337;0,2
./audios/SP_D2_333_235.06867_235.2511.wav;235,06867;235,2511;não é?;não é;0,18243000000001075;o;;[{'text': 'o', 'timestamp': (1.04, 1.06)}];1,0;1,0;1,0;0,8
./audios/SP_D2_333_235.58763_235.7738.wav;235,58763;235,7738;éh;eh;0,18617000000000417;pet;;[{'text': 'pet', 'timestamp': (1.0, 1.2)}];1,0;1,0;1,0;1,0
./audios/SP_D2_333_235.92058_236.71896.wav;235,92058;236,71896;fizeram;fizeram;0,7983800000000087;fizeram;;[{'text': 'fizeram', 'timestamp': (1.08, 1.68)}];0,0;0,0;0,0;0,0
./audios/SP_D2_333_237.28462_238.51261.wav;237,28462;238,51261;editoriais;editoriais;1,2279900000000055;editoriais;;[{'text': 'editoriais', 'timestamp': (0.06, 0.78)}];0,0;0,0;0,0;0,0
./audios/SP_D2_333_238.90353_240.20671.wav;238,90353;240,20671;a respeito de Gabriela;a respeito de gabriela;1,3031799999999976;a respeito de gabriela;;[{'text': 'a', 'timestamp': (0.08, 0.1)}, {'text': 'respeito', 'timestamp': (0.18, 0.5)}, {'text': 'de', 'timestamp': (0.58, 0.62)}, {'text': 'gabriela', 'timestamp': (0.68, 1.18)}];0,0;0,0;0,0;0,0
./audios/SP_D2_333_240.44885_241.42754.wav;240,44885;241,42754;indignados;indignados;0,9786900000000003;indignados;;[{'text': 'indignados', 'timestamp': (1.02, 1.84)}];0,0;0,0;0,0;0,0
./audios/SP_D2_333_241.42754_242.06634.wav;241,42754;242,06634;porque;porque;0,6388000000000034;por quê;;[{'text': 'por', 'timestamp': (1.04, 1.18)}, {'text': 'quê', 'timestamp': (1.38, 1.46)}];2,0;1,0;1,0;0,3333333333333333
./audios/SP_D2_333_242.4888_243.14039.wav;242,4888;243,14039;é é;é é;0,6515899999999988;e era;;[{'text': 'e', 'timestamp': (1.08, 1.1)}, {'text': 'era', 'timestamp': (1.46, 1.58)}];1,0;1,0;1,0;1,3333333333333333
./audios/SP_D2_333_243.14039_246.13271.wav;243,14039;246,13271;que aquela baiaNIce que se falava;que aquela baianice que se falava;2,9923200000000065;que aquela baianice que se falava;;[{'text': 'que', 'timestamp': (0.04, 0.12)}, {'text': 'aquela', 'timestamp': (0.16, 0.32)}, {'text': 'baianice', 'timestamp': (0.5, 1.52)}, {'text': 'que', 'timestamp': (1.74, 1.82)}, {'text': 'se', 'timestamp': (1.96, 2.0)}, {'text': 'falava', 'timestamp': (2.16, 2.78)}];0,0;0,0;0,0;0,0
./audios/SP_D2_333_246.58773_248.46237.wav;246,58773;248,46237;lá não era [absolutamente;lá não era absolutamente;1,8746399999999994;lá não era sua taco;;[{'text': 'lá', 'timestamp': (0.08, 0.14)}, {'text': 'não', 'timestamp': (0.36, 0.46)}, {'text': 'era', 'timestamp': (0.54, 0.68)}, {'text': 'sua', 'timestamp': (0.9, 1.12)}, {'text': 'taco', 'timestamp': (1.26, 1.6)}];0,5;0,4;0,55;0,4166666666666667
./audios/SP_D2_333_248.76_249.5163.wav;248,76;249,5163;a maneira;a maneira;0,7563000000000102;a maneira;;[{'text': 'a', 'timestamp': (1.02, 1.04)}, {'text': 'maneira', 'timestamp': (1.14, 1.58)}];0,0;0,0;0,0;0,0
./audios/SP_D2_333_249.91728_251.76562.wav;249,91728;251,76562;como o baiano falava;como o baiano falava;1,8483400000000074;como o baiano falar;;[{'text': 'como', 'timestamp': (0.04, 0.28)}, {'text': 'o', 'timestamp': (0.5, 0.52)}, {'text': 'baiano', 'timestamp': (0.6, 0.98)}, {'text': 'falar', 'timestamp': (1.2, 1.52)}];0,25;0,25;0,4375;0,1
./audios/SP_D2_333_252.26116_253.92133.wav;252,26116;253,92133;depois ao correr da novela;depois ao correr da novela;1,6601700000000221;depois ao correr da novela;;[{'text': 'depois', 'timestamp': (0.1, 0.38)}, {'text': 'ao', 'timestamp': (0.42, 0.48)}, {'text': 'correr', 'timestamp': (0.6, 0.88)}, {'text': 'da', 'timestamp': (1.02, 1.06)}, {'text': 'novela', 'timestamp': (1.14, 1.6)}];0,0;0,0;0,0;0,0
./audios/SP_D2_333_254.65166_257.73807.wav;254,65166;257,73807;eu tenho a impressão que eles foram aparando essas arestas;eu tenho a impressão que eles foram aparando essas arestas;3,0864100000000008;eu tenho a impressão que eles foram aparando essas arestas;;[{'text': 'eu', 'timestamp': (0.04, 0.1)}, {'text': 'tenho', 'timestamp': (0.16, 0.28)}, {'text': 'a', 'timestamp': (0.3, 0.32)}, {'text': 'impressão', 'timestamp': (0.36, 0.58)}, {'text': 'que', 'timestamp': (0.64, 0.72)}, {'text': 'eles', 'timestamp': (0.74, 0.84)}, {'text': 'foram', 'timestamp': (0.92, 1.1)}, {'text': 'aparando', 'timestamp': (1.3, 1.9)}, {'text': 'essas', 'timestamp': (2.1, 2.36)}, {'text': 'arestas', 'timestamp': (2.44, 2.98)}];0,0;0,0;0,0;0,0
./audios/SP_D2_333_258.06822_258.96308.wav;258,06822;258,96308;mas a verdade;mas a verdade;0,8948599999999942;mas a verdade;;[{'text': 'mas', 'timestamp': (1.04, 1.16)}, {'text': 'a', 'timestamp': (1.22, 1.24)}, {'text': 'verdade', 'timestamp': (1.32, 1.74)}];0,0;0,0;0,0;0,0
./audios/SP_D2_333_259.21186_259.91056.wav;259,21186;259,91056;é esta;é esta;0,6986999999999739;é esta;;[{'text': 'é', 'timestamp': (1.04, 1.06)}, {'text': 'esta', 'timestamp': (1.22, 1.56)}];0,0;0,0;0,0;0,0
./audios/SP_D2_333_260.2815_260.56131.wav;260,2815;260,56131;é;é;0,27980999999999767;é;;[{'text': 'é', 'timestamp': (1.08, 1.1)}];0,0;0,0;0,0;0,0
./audios/SP_D2_333_260.56131_261.30549.wav;260,56131;261,30549;no no::;no no;0,7441800000000285;no neo;;[{'text': 'no', 'timestamp': (1.04, 1.14)}, {'text': 'neo', 'timestamp': (1.2, 1.4)}];0,5;0,5;0,75;0,2
./audios/SP_D2_333_261.30549_262.22331.wav;261,30549;262,22331;por exemplo se;por exemplo se;0,9178200000000061;por exemplo sim;;[{'text': 'por', 'timestamp': (1.04, 1.14)}, {'text': 'exemplo', 'timestamp': (1.2, 1.52)}, {'text': 'sim', 'timestamp': (1.64, 1.76)}];0,3333333333333333;0,3333333333333333;0,5555555555555556;0,14285714285714285
./audios/SP_D2_333_262.48997_264.66669.wav;262,48997;264,66669;estão gravando agora este::;estão gravando agora este;2,176719999999989;estão gravando agora este;;[{'text': 'estão', 'timestamp': (0.1, 0.24)}, {'text': 'gravando', 'timestamp': (0.3, 0.66)}, {'text': 'agora', 'timestamp': (1.0, 1.3)}, {'text': 'este', 'timestamp': (1.38, 1.64)}];0,0;0,0;0,0;0,0
./audios/SP_D2_333_264.66669_265.30545.wav;264,66669;265,30545;está passando;está passando;0,6387599999999907;tá passando;;[{'text': 'tá', 'timestamp': (1.04, 1.08)}, {'text': 'passando', 'timestamp': (1.16, 1.52)}];0,5;0,5;0,75;0,15384615384615385
./audios/SP_D2_333_265.30545_267.1845.wav;265,30545;267,1845;está passando agora em São Paulo O Grito;está passando agora em são paulo o grito;1,8790500000000065;está passando a varição paulo grito;;[{'text': 'está', 'timestamp': (0.04, 0.2)}, {'text': 'passando', 'timestamp': (0.3, 0.58)}, {'text': 'a', 'timestamp': (0.64, 0.66)}, {'text': 'varição', 'timestamp': (0.72, 1.02)}, {'text': 'paulo', 'timestamp': (1.16, 1.38)}, {'text': 'grito', 'timestamp': (1.5, 1.82)}];0,5;0,5;0,6666666666666667;0,25
./audios/SP_D2_333_267.1845_267.4457.wav;267,1845;267,4457;não é?;não é;0,2611999999999739;não é;;[{'text': 'não', 'timestamp': (1.04, 1.1)}, {'text': 'é', 'timestamp': (1.18, 1.2)}];0,0;0,0;0,0;0,0
./audios/SP_D2_333_267.4457_269.05263.wav;267,4457;269,05263;no no Brasil todo aliás;no no brasil todo aliás;1,606930000000034;o brasão todo as;;[{'text': 'o', 'timestamp': (0.04, 0.08)}, {'text': 'brasão', 'timestamp': (0.3, 0.52)}, {'text': 'todo', 'timestamp': (0.64, 0.8)}, {'text': 'as', 'timestamp': (0.98, 1.14)}];0,8;0,8;0,95;0,391304347826087
./audios/SP_D2_333_269.05263_270.35129.wav;269,05263;270,35129;O Grito de Jorge Andrade;o grito de jorge andrade;1,298659999999984;o grito de joás andrade;;[{'text': 'o', 'timestamp': (0.08, 0.1)}, {'text': 'grito', 'timestamp': (0.12, 0.3)}, {'text': 'de', 'timestamp': (0.38, 0.42)}, {'text': 'joás', 'timestamp': (0.5, 0.68)}, {'text': 'andrade', 'timestamp': (0.78, 1.26)}];0,2;0,2;0,3599999999999999;0,125
./audios/SP_D2_333_270.35129_272.90905.wav;270,35129;272,90905;que é um excelente autor e um autor paulista;que é um excelente autor e um autor paulista;2,5577599999999734;que é um excelente autor e um autor paulista;;[{'text': 'que', 'timestamp': (0.0, 0.06)}, {'text': 'é', 'timestamp': (0.08, 0.12)}, {'text': 'um', 'timestamp': (0.18, 0.24)}, {'text': 'excelente', 'timestamp': (0.3, 0.84)}, {'text': 'autor', 'timestamp': (0.98, 1.34)}, {'text': 'e', 'timestamp': (1.4, 1.42)}, {'text': 'um', 'timestamp': (1.5, 1.54)}, {'text': 'autor', 'timestamp': (1.6, 1.84)}, {'text': 'paulista', 'timestamp': (1.96, 2.46)}];0,0;0,0;0,0;0,0
./audios/SP_D2_333_273.51611_274.03888.wav;273,51611;274,03888;pois bem;pois bem;0,52276999999998;pois bem;;[{'text': 'pois', 'timestamp': (1.06, 1.2)}, {'text': 'bem', 'timestamp': (1.28, 1.38)}];0,0;0,0;0,0;0,0
./audios/SP_D2_333_274.03888_275.51756.wav;274,03888;275,51756;uma grande atriz;uma grande atriz;1,478679999999997;uma grande atris;;[{'text': 'uma', 'timestamp': (0.06, 0.18)}, {'text': 'grande', 'timestamp': (0.36, 0.72)}, {'text': 'atris', 'timestamp': (0.74, 1.24)}];0,3333333333333333;0,3333333333333333;0,5555555555555556;0,0625
./audios/SP_D2_333_275.51756_276.45943.wav;275,51756;276,45943;que é a Maria Fernanda;que é a maria fernanda;0,9418699999999944;que a maria fernanda;;[{'text': 'que', 'timestamp': (1.02, 1.08)}, {'text': 'a', 'timestamp': (1.14, 1.16)}, {'text': 'maria', 'timestamp': (1.22, 1.42)}, {'text': 'fernanda', 'timestamp': (1.48, 1.82)}];0,2;0,2;0,19999999999999996;0,09090909090909091
./audios/SP_D2_333_276.82607_277.36581.wav;276,82607;277,36581;faz;faz;0,5397399999999948;fans;;[{'text': 'fans', 'timestamp': (1.1, 1.34)}];1,0;1,0;1,0;0,6666666666666666
./audios/SP_D2_333_277.56411_279.15386.wav;277,56411;279,15386;uma paulista de quatrocentos anos;uma paulista de quatrocentos anos;1,589749999999981;uma paulista de anos;;[{'text': 'uma', 'timestamp': (0.04, 0.12)}, {'text': 'paulista', 'timestamp': (0.22, 0.6)}, {'text': 'de', 'timestamp': (0.66, 0.7)}, {'text': 'anos', 'timestamp': (1.26, 1.44)}];0,2;0,2;0,19999999999999996;0,3939393939393939
./audios/SP_D2_333_279.49354_282.46474.wav;279,49354;282,46474;eXAtamente com a linguagem que você assinalou;exatamente com a linguagem que você assinalou;2,9712000000000103;exatamente com a linguagem que você assinalou;;[{'text': 'exatamente', 'timestamp': (0.08, 0.9)}, {'text': 'com', 'timestamp': (1.02, 1.12)}, {'text': 'a', 'timestamp': (1.16, 1.18)}, {'text': 'linguagem', 'timestamp': (1.24, 1.84)}, {'text': 'que', 'timestamp': (1.92, 1.98)}, {'text': 'você', 'timestamp': (2.06, 2.26)}, {'text': 'assinalou', 'timestamp': (2.36, 2.86)}];0,0;0,0;0,0;0,0
./audios/SP_D2_333_282.85286_285.24188.wav;282,85286;285,24188;de esses sibilantes como cobras;de esses sibilantes como cobras;2,3890199999999595;de esses sibilantes como cobras;;[{'text': 'de', 'timestamp': (0.06, 0.12)}, {'text': 'esses', 'timestamp': (0.26, 0.68)}, {'text': 'sibilantes', 'timestamp': (0.8, 1.34)}, {'text': 'como', 'timestamp': (1.44, 1.56)}, {'text': 'cobras', 'timestamp': (1.68, 2.04)}];0,0;0,0;0,0;0,0
./audios/SP_D2_333_285.78279_289.06701.wav;285,78279;289,06701;que Maria Fernanda tem todos aqueles cacoetes de [linguagem;que maria fernanda tem todos aqueles cacoetes de linguagem;3,284220000000005;que maria fernanda tem todos aqueles cacoetes de linguagem;;[{'text': 'que', 'timestamp': (0.1, 0.2)}, {'text': 'maria', 'timestamp': (0.24, 0.4)}, {'text': 'fernanda', 'timestamp': (0.48, 0.9)}, {'text': 'tem', 'timestamp': (1.0, 1.08)}, {'text': 'todos', 'timestamp': (1.26, 1.44)}, {'text': 'aqueles', 'timestamp': (1.48, 1.7)}, {'text': 'cacoetes', 'timestamp': (1.82, 2.32)}, {'text': 'de', 'timestamp': (2.38, 2.42)}, {'text': 'linguagem', 'timestamp': (2.48, 3.02)}];0,0;0,0;0,0;0,0
./audios/SP_D2_333_289.60519_290.64.wav;289,60519;290,64;[de uma carioca;de uma carioca;1,0348099999999931;de um carioca;;[{'text': 'de', 'timestamp': (0.04, 0.1)}, {'text': 'um', 'timestamp': (0.14, 0.18)}, {'text': 'carioca', 'timestamp': (0.38, 0.88)}];0,3333333333333333;0,3333333333333333;0,5555555555555556;0,07142857142857142
./audios/SP_D2_333_290.64_290.83331.wav;290,64;290,83331;[é;é;0,19330999999999676;e;;[{'text': 'e', 'timestamp': (1.16, 1.18)}];1,0;1,0;1,0;1,0
./audios/SP_D2_333_291.44417_292.44063.wav;291,44417;292,44063;[e é uma grande atriz;e é uma grande atriz;0,9964600000000132;e é uma semetres;;[{'text': 'e', 'timestamp': (1.02, 1.04)}, {'text': 'é', 'timestamp': (1.08, 1.1)}, {'text': 'uma', 'timestamp': (1.18, 1.24)}, {'text': 'semetres', 'timestamp': (1.4, 1.9)}];0,4;0,4;0,55;0,45
./audios/SP_D2_333_292.72_294.31605.wav;292,72;294,31605;então choca demais;então choca demais;1,596049999999991;então choca demais;;[{'text': 'então', 'timestamp': (0.04, 0.26)}, {'text': 'choca', 'timestamp': (0.52, 0.84)}, {'text': 'demais', 'timestamp': (0.96, 1.34)}];0,0;0,0;0,0;0,0
./audios/SP_D2_333_294.31605_297.97267.wav;294,31605;297,97267;aquela paulista quatrocenTOna que ele faz bem griFAdo;aquela paulista quatrocentona que ele faz bem grifado;3,6566199999999753;aquela paulista quatrocentona que ele faz bem grifando;;[{'text': 'aquela', 'timestamp': (0.04, 0.28)}, {'text': 'paulista', 'timestamp': (0.4, 0.8)}, {'text': 'quatrocentona', 'timestamp': (0.94, 1.98)}, {'text': 'que', 'timestamp': (2.06, 2.12)}, {'text': 'ele', 'timestamp': (2.16, 2.24)}, {'text': 'faz', 'timestamp': (2.32, 2.48)}, {'text': 'bem', 'timestamp': (2.58, 2.68)}, {'text': 'grifando', 'timestamp': (2.78, 3.52)}];0,125;0,125;0,234375;0,018867924528301886
./audios/SP_D2_333_298.39634_300.97364.wav;298,39634;300,97364;aliás de uma maneira um pouco calcada demais;aliás de uma maneira um pouco calcada demais;2,5772999999999797;aliás de uma maneira um pouco calcada demais;;[{'text': 'aliás', 'timestamp': (0.1, 0.3)}, {'text': 'de', 'timestamp': (0.34, 0.38)}, {'text': 'uma', 'timestamp': (0.4, 0.5)}, {'text': 'maneira', 'timestamp': (0.56, 0.82)}, {'text': 'um', 'timestamp': (0.9, 0.94)}, {'text': 'pouco', 'timestamp': (1.08, 1.36)}, {'text': 'calcada', 'timestamp': (1.6, 2.12)}, {'text': 'demais', 'timestamp': (2.22, 2.5)}];0,0;0,0;0,0;0,0
./audios/SP_D2_333_300.97364_303.4589.wav;300,97364;303,4589;porque esse tipo acho que já se diluiu nem existe mais;porque esse tipo acho que já se diluiu nem existe mais;2,4852600000000393;porque esse tipo acho que já se diluiu né existe mais;;[{'text': 'porque', 'timestamp': (0.04, 0.24)}, {'text': 'esse', 'timestamp': (0.4, 0.58)}, {'text': 'tipo', 'timestamp': (0.7, 0.82)}, {'text': 'acho', 'timestamp': (0.88, 0.96)}, {'text': 'que', 'timestamp': (0.98, 1.06)}, {'text': 'já', 'timestamp': (1.1, 1.16)}, {'text': 'se', 'timestamp': (1.24, 1.3)}, {'text': 'diluiu', 'timestamp': (1.38, 1.68)}, {'text': 'né', 'timestamp': (1.74, 1.78)}, {'text': 'existe', 'timestamp': (1.9, 2.18)}, {'text': 'mais', 'timestamp': (2.28, 2.4)}];0,09090909090909091;0,09090909090909091;0,17355371900826455;0,037037037037037035
./audios/SP_D2_333_304.29703_304.87342.wav;304,29703;304,87342;mas;mas;0,5763900000000035;massa;;[{'text': 'massa', 'timestamp': (1.14, 1.46)}];1,0;1,0;1,0;0,6666666666666666
./audios/SP_D2_333_305.63485_309.18341.wav;305,63485;309,18341;fica fica muito falso ver-se então uma paulista;fica fica muito falso verse então uma paulista;3,548560000000009;fica fica muito falso verso então uma palminista;;[{'text': 'fica', 'timestamp': (0.12, 0.32)}, {'text': 'fica', 'timestamp': (0.56, 0.72)}, {'text': 'muito', 'timestamp': (0.78, 0.88)}, {'text': 'falso', 'timestamp': (1.04, 1.58)}, {'text': 'verso', 'timestamp': (1.68, 1.98)}, {'text': 'então', 'timestamp': (2.04, 2.28)}, {'text': 'uma', 'timestamp': (2.48, 2.56)}, {'text': 'palminista', 'timestamp': (2.68, 3.36)}];0,25;0,25;0,4375;0,10869565217391304
./audios/SP_D2_333_309.65331_310.14505.wav;309,65331;310,14505;éh::;eh;0,4917400000000498;é;;[{'text': 'é', 'timestamp': (1.08, 1.1)}];1,0;1,0;1,0;1,0
./audios/SP_D2_333_310.14505_314.5051.wav;310,14505;314,5051;que faz questão de morar:: na casa em que moraram seus ancestrais;que faz questão de morar na casa em que moraram seus ancestrais;4,360050000000001;que faz questão de morar na casa em que moraram os seus ansestais;;[{'text': 'que', 'timestamp': (0.12, 0.22)}, {'text': 'faz', 'timestamp': (0.28, 0.4)}, {'text': 'questão', 'timestamp': (0.5, 0.92)}, {'text': 'de', 'timestamp': (1.02, 1.08)}, {'text': 'morar', 'timestamp': (1.2, 1.54)}, {'text': 'na', 'timestamp': (1.72, 1.78)}, {'text': 'casa', 'timestamp': (1.96, 2.4)}, {'text': 'em', 'timestamp': (2.54, 2.6)}, {'text': 'que', 'timestamp': (2.66, 2.72)}, {'text': 'moraram', 'timestamp': (2.82, 3.2)}, {'text': 'os', 'timestamp': (3.24, 3.28)}, {'text': 'seus', 'timestamp': (3.32, 3.46)}, {'text': 'ansestais', 'timestamp': (3.52, 4.26)}];0,16666666666666666;0,15384615384615385;0,22435897435897445;0,07936507936507936
./audios/SP_D2_333_315.0314_317.00391.wav;315,0314;317,00391;embora seja na borda do Minhocão;embora seja na borda do minhocão;1,9725099999999998;embora seja na borda do minhoca;;[{'text': 'embora', 'timestamp': (0.08, 0.32)}, {'text': 'seja', 'timestamp': (0.48, 0.66)}, {'text': 'na', 'timestamp': (0.72, 0.76)}, {'text': 'borda', 'timestamp': (0.9, 1.12)}, {'text': 'do', 'timestamp': (1.18, 1.22)}, {'text': 'minhoca', 'timestamp': (1.28, 1.68)}];0,16666666666666666;0,16666666666666666;0,30555555555555547;0,0625
./audios/SP_D2_333_317.29701_318.37174.wav;317,29701;318,37174;ela faz questão;ela faz questão;1,0747299999999882;ela faz questão;;[{'text': 'ela', 'timestamp': (0.04, 0.12)}, {'text': 'faz', 'timestamp': (0.22, 0.36)}, {'text': 'questão', 'timestamp': (0.46, 0.9)}];0,0;0,0;0,0;0,0
./audios/SP_D2_333_318.75769_320.89394.wav;318,75769;320,89394;porque foi ali que os pais moraram por sinal;porque foi ali que os pais moraram por sinal;2,1362499999999613;porque foi ali que os pais moraram por sinal;;[{'text': 'porque', 'timestamp': (0.06, 0.26)}, {'text': 'foi', 'timestamp': (0.38, 0.48)}, {'text': 'ali', 'timestamp': (0.56, 0.68)}, {'text': 'que', 'timestamp': (0.82, 0.88)}, {'text': 'os', 'timestamp': (0.92, 0.98)}, {'text': 'pais', 'timestamp': (1.02, 1.16)}, {'text': 'moraram', 'timestamp': (1.24, 1.54)}, {'text': 'por', 'timestamp': (1.72, 1.8)}, {'text': 'sinal', 'timestamp': (1.9, 2.06)}];0,0;0,0;0,0;0,0
./audios/SP_D2_333_320.89394_322.45601.wav;320,89394;322,45601;então muito conservadora;então muito conservadora;1,5620700000000056;então muito conservadora;;[{'text': 'então', 'timestamp': (0.04, 0.24)}, {'text': 'muito', 'timestamp': (0.4, 0.6)}, {'text': 'conservadora', 'timestamp': (0.72, 1.44)}];0,0;0,0;0,0;0,0
./audios/SP_D2_333_322.86828_325.61257.wav;322,86828;325,61257;falando como uma carioca com esses sibilantes;falando como uma carioca com esses sibilantes;2,744289999999978;falando como uma carioca com esses sibilantes;;[{'text': 'falando', 'timestamp': (0.06, 0.38)}, {'text': 'como', 'timestamp': (0.5, 0.64)}, {'text': 'uma', 'timestamp': (0.7, 0.78)}, {'text': 'carioca', 'timestamp': (0.9, 1.42)}, {'text': 'com', 'timestamp': (1.5, 1.58)}, {'text': 'esses', 'timestamp': (1.64, 1.88)}, {'text': 'sibilantes', 'timestamp': (2.0, 2.56)}];0,0;0,0;0,0;0,0
./audios/SP_D2_333_325.91958_326.77821.wav;325,91958;326,77821;então isso é uma;então isso é uma;0,8586300000000051;então isso uma;;[{'text': 'então', 'timestamp': (1.08, 1.26)}, {'text': 'isso', 'timestamp': (1.36, 1.56)}, {'text': 'uma', 'timestamp': (1.62, 1.72)}];0,25;0,25;0,25;0,125
./audios/SP_D2_333_327.02852_327.84381.wav;327,02852;327,84381;PEdra;pedra;0,8152900000000045;pedra;;[{'text': 'pedra', 'timestamp': (1.02, 1.64)}];0,0;0,0;0,0;0,0
./audios/SP_D2_333_328.02975_329.27771.wav;328,02975;329,27771;que eu vejo no caminho;que eu vejo no caminho;1,2479600000000346;que eu vejo no caminho;;[{'text': 'que', 'timestamp': (0.0, 0.08)}, {'text': 'eu', 'timestamp': (0.1, 0.16)}, {'text': 'vejo', 'timestamp': (0.24, 0.54)}, {'text': 'no', 'timestamp': (0.64, 0.7)}, {'text': 'caminho', 'timestamp': (0.8, 1.18)}];0,0;0,0;0,0;0,0
./audios/SP_D2_333_329.38141_330.05052.wav;329,38141;330,05052;nosso;nosso;0,6691099999999892;nosso;;[{'text': 'nosso', 'timestamp': (1.08, 1.58)}];0,0;0,0;0,0;0,0
./audios/SP_D2_333_330.76_331.17938.wav;330,76;331,17938;e::;e;0,41937999999998965;pi;;[{'text': 'pi', 'timestamp': (1.0, 1.32)}];1,0;1,0;1,0;2,0
./audios/SP_D2_333_331.17938_333.20189.wav;331,17938;333,20189;não sei como isto será resolvido;não sei como isto será resolvido;2,022510000000011;não sei como isto será resolvido;;[{'text': 'não', 'timestamp': (0.1, 0.18)}, {'text': 'sei', 'timestamp': (0.36, 0.48)}, {'text': 'como', 'timestamp': (0.58, 0.72)}, {'text': 'isto', 'timestamp': (0.82, 1.02)}, {'text': 'será', 'timestamp': (1.12, 1.26)}, {'text': 'resolvido', 'timestamp': (1.38, 1.84)}];0,0;0,0;0,0;0,0
./audios/SP_D2_333_333.48_336.42846.wav;333,48;336,42846;eu acredito que será louvável o empenho do governo;eu acredito que será louvável o empenho do governo;2,9484599999999546;eu acredito que será louvável o empenho do governo;;[{'text': 'eu', 'timestamp': (0.04, 0.16)}, {'text': 'acredito', 'timestamp': (0.22, 0.72)}, {'text': 'que', 'timestamp': (0.9, 0.98)}, {'text': 'será', 'timestamp': (1.04, 1.2)}, {'text': 'louvável', 'timestamp': (1.32, 1.84)}, {'text': 'o', 'timestamp': (1.92, 1.94)}, {'text': 'empenho', 'timestamp': (1.98, 2.32)}, {'text': 'do', 'timestamp': (2.4, 2.46)}, {'text': 'governo', 'timestamp': (2.52, 2.88)}];0,0;0,0;0,0;0,0
./audios/SP_D2_333_336.76_339.9053.wav;336,76;339,9053;numa Unificação pelo menos de pronúncia;numa unificação pelo menos de pronúncia;3,14530000000002;numa unificação pelo menos de pronúncia;;[{'text': 'numa', 'timestamp': (0.08, 0.22)}, {'text': 'unificação', 'timestamp': (0.4, 1.4)}, {'text': 'pelo', 'timestamp': (1.54, 1.68)}, {'text': 'menos', 'timestamp': (1.78, 1.98)}, {'text': 'de', 'timestamp': (2.04, 2.1)}, {'text': 'pronúncia', 'timestamp': (2.22, 2.98)}];0,0;0,0;0,0;0,0
./audios/SP_D2_333_340.33853_343.40215.wav;340,33853;343,40215;mas que deveria de começar na escola primária;mas que deveria de começar na escola primária;3,0636200000000144;mas que deveria de começar na escola primária;;[{'text': 'mas', 'timestamp': (0.06, 0.16)}, {'text': 'que', 'timestamp': (0.22, 0.28)}, {'text': 'deveria', 'timestamp': (0.38, 0.88)}, {'text': 'de', 'timestamp': (0.96, 1.02)}, {'text': 'começar', 'timestamp': (1.18, 1.7)}, {'text': 'na', 'timestamp': (1.84, 1.9)}, {'text': 'escola', 'timestamp': (1.98, 2.34)}, {'text': 'primária', 'timestamp': (2.46, 2.98)}];0,0;0,0;0,0;0,0
./audios/SP_D2_333_343.567_343.84.wav;343,567;343,84;não é?;não é;0,2729999999999677;pode;;[{'text': 'pode', 'timestamp': (1.02, 1.24)}];1,0;1,0;1,0;0,8
./audios/SP_D2_333_344.07234_345.41276.wav;344,07234;345,41276;ensinar dicÇÃO;ensinar dicção;1,3404199999999946;ensinar dicção;;[{'text': 'ensinar', 'timestamp': (0.1, 0.5)}, {'text': 'dicção', 'timestamp': (0.68, 1.22)}];0,0;0,0;0,0;0,0
./audios/SP_D2_333_345.82_347.27624.wav;345,82;347,27624;na escola primária;na escola primária;1,4562399999999798;na escola primária;;[{'text': 'na', 'timestamp': (0.18, 0.24)}, {'text': 'escola', 'timestamp': (0.34, 0.78)}, {'text': 'primária', 'timestamp': (0.9, 1.4)}];0,0;0,0;0,0;0,0
./audios/SP_D2_333_347.27624_349.53047.wav;347,27624;349,53047;e de uma certa forma unificada;e de uma certa forma unificada;2,254230000000007;e de uma certa forma unificada;;[{'text': 'e', 'timestamp': (0.1, 0.12)}, {'text': 'de', 'timestamp': (0.2, 0.24)}, {'text': 'uma', 'timestamp': (0.28, 0.38)}, {'text': 'certa', 'timestamp': (0.52, 0.76)}, {'text': 'forma', 'timestamp': (0.92, 1.18)}, {'text': 'unificada', 'timestamp': (1.4, 2.06)}];0,0;0,0;0,0;0,0
./audios/SP_D2_333_357.10531_357.77169.wav;357,10531;357,77169;[comoção;comoção;0,6663800000000037;redação aqui;;[{'text': 'redação', 'timestamp': (1.08, 1.48)}, {'text': 'aqui', 'timestamp': (1.56, 1.76)}];2,0;1,0;1,0;1,2857142857142858
./audios/SP_D2_333_364.38762_366.01833.wav;364,38762;366,01833;uns não [entendem os outros;uns não entendem os outros;1,630709999999965;o monstro me entender o certo;;[{'text': 'o', 'timestamp': (0.04, 0.08)}, {'text': 'monstro', 'timestamp': (0.24, 0.46)}, {'text': 'me', 'timestamp': (0.5, 0.54)}, {'text': 'entender', 'timestamp': (0.58, 0.86)}, {'text': 'o', 'timestamp': (1.02, 1.04)}, {'text': 'certo', 'timestamp': (1.14, 1.36)}];1,2;1,0;1,0;0,6538461538461539
./audios/SP_D2_333_366.72_367.07878.wav;366,72;367,07878;[pois é;pois é;0,35877999999996746;pois é;;[{'text': 'pois', 'timestamp': (1.04, 1.18)}, {'text': 'é', 'timestamp': (1.24, 1.26)}];0,0;0,0;0,0;0,0
./audios/SP_D2_333_367.07878_368.7402.wav;367,07878;368,7402;mas eles são muito [definidos;mas eles são muito definidos;1,661420000000021;mas eles são muito destruídos;;[{'text': 'mas', 'timestamp': (0.06, 0.16)}, {'text': 'eles', 'timestamp': (0.22, 0.34)}, {'text': 'são', 'timestamp': (0.42, 0.48)}, {'text': 'muito', 'timestamp': (0.58, 0.72)}, {'text': 'destruídos', 'timestamp': (0.82, 1.5)}];0,2;0,2;0,3599999999999999;0,17857142857142858
./audios/SP_D2_333_368.7402_369.61601.wav;368,7402;369,61601;ô ô Isa;ô ô isa;0,8758100000000013;o ise;;[{'text': 'o', 'timestamp': (1.4, 1.42)}, {'text': 'ise', 'timestamp': (1.52, 1.78)}];1,0;1,0;1,0;0,5714285714285714
./audios/SP_D2_333_369.61601_370.98372.wav;369,61601;370,98372;eles são muito definidos;eles são muito definidos;1,3677099999999882;eles são muito definidos;;[{'text': 'eles', 'timestamp': (0.04, 0.2)}, {'text': 'são', 'timestamp': (0.26, 0.36)}, {'text': 'muito', 'timestamp': (0.44, 0.58)}, {'text': 'definidos', 'timestamp': (0.66, 1.28)}];0,0;0,0;0,0;0,0
./audios/SP_D2_333_370.98372_372.62303.wav;370,98372;372,62303;e isso faz com que no palco;e isso faz com que no palco;1,6393100000000231;e isso faz com que no palco;;[{'text': 'e', 'timestamp': (0.06, 0.1)}, {'text': 'isso', 'timestamp': (0.18, 0.36)}, {'text': 'faz', 'timestamp': (0.5, 0.7)}, {'text': 'com', 'timestamp': (0.78, 0.86)}, {'text': 'que', 'timestamp': (0.92, 0.98)}, {'text': 'no', 'timestamp': (1.06, 1.12)}, {'text': 'palco', 'timestamp': (1.24, 1.56)}];0,0;0,0;0,0;0,0
./audios/SP_D2_333_372.62303_373.25829.wav;372,62303;373,25829;por exemplo;por exemplo;0,6352599999999597;por exemplo;;[{'text': 'por', 'timestamp': (1.06, 1.16)}, {'text': 'exemplo', 'timestamp': (1.22, 1.56)}];0,0;0,0;0,0;0,0
./audios/SP_D2_333_373.61771_375.47334.wav;373,61771;375,47334;uma pessoa de Marselha;uma pessoa de marselha;1,8556300000000192;uma pessoa de marcélia;;[{'text': 'uma', 'timestamp': (0.1, 0.24)}, {'text': 'pessoa', 'timestamp': (0.46, 0.82)}, {'text': 'de', 'timestamp': (0.9, 0.94)}, {'text': 'marcélia', 'timestamp': (1.04, 1.72)}];0,25;0,25;0,4375;0,13636363636363635
./audios/SP_D2_333_375.91265_376.34345.wav;375,91265;376,34345;um::;um;0,4308000000000334;ja;;[{'text': 'ja', 'timestamp': (1.0, 1.08)}];1,0;1,0;1,0;1,0
./audios/SP_D2_333_376.34345_377.64939.wav;376,34345;377,64939;um habitante de Marselha;um habitante de marselha;1,3059399999999641;um habitante de mar célia;;[{'text': 'um', 'timestamp': (0.1, 0.18)}, {'text': 'habitante', 'timestamp': (0.22, 0.52)}, {'text': 'de', 'timestamp': (0.58, 0.62)}, {'text': 'mar', 'timestamp': (0.68, 0.82)}, {'text': 'célia', 'timestamp': (0.96, 1.26)}];0,5;0,4;0,55;0,16666666666666666
./audios/SP_D2_333_377.96931_380.48298.wav;377,96931;380,48298;ou um artista que faz o marselhês;ou um artista que faz o marselhês;2,5136699999999905;ou um artista que faz o marcela;;[{'text': 'ou', 'timestamp': (0.04, 0.1)}, {'text': 'um', 'timestamp': (0.18, 0.22)}, {'text': 'artista', 'timestamp': (0.32, 0.94)}, {'text': 'que', 'timestamp': (1.04, 1.1)}, {'text': 'faz', 'timestamp': (1.24, 1.42)}, {'text': 'o', 'timestamp': (1.52, 1.54)}, {'text': 'marcela', 'timestamp': (1.6, 2.2)}];0,14285714285714285;0,14285714285714285;0,26530612244897966;0,12121212121212122
./audios/SP_D2_333_380.96778_382.32115.wav;380,96778;382,32115;então [eles;então eles;1,353369999999984;e eles tiram li;;[{'text': 'e', 'timestamp': (0.5, 0.54)}, {'text': 'eles', 'timestamp': (0.68, 0.8)}, {'text': 'tiram', 'timestamp': (0.88, 1.08)}, {'text': 'li', 'timestamp': (1.14, 1.2)}];1,5;0,75;0,875;1,3
./audios/SP_D2_333_382.76_383.53491.wav;382,76;383,53491;eles se ironizam;eles se ironizam;0,774910000000034;eles ironizam;;[{'text': 'eles', 'timestamp': (0.98, 1.14)}, {'text': 'ironizam', 'timestamp': (1.22, 1.74)}];0,3333333333333333;0,3333333333333333;0,33333333333333337;0,1875
./audios/SP_D2_333_383.53491_385.86775.wav;383,53491;385,86775;ele SAbe a maneira como ele deve falar;ele sabe a maneira como ele deve falar;2,332839999999976;e ele sabe a maneira como ele deve de falar;;[{'text': 'e', 'timestamp': (0.04, 0.06)}, {'text': 'ele', 'timestamp': (0.1, 0.22)}, {'text': 'sabe', 'timestamp': (0.38, 0.72)}, {'text': 'a', 'timestamp': (0.8, 0.82)}, {'text': 'maneira', 'timestamp': (0.86, 1.26)}, {'text': 'como', 'timestamp': (1.34, 1.42)}, {'text': 'ele', 'timestamp': (1.44, 1.54)}, {'text': 'deve', 'timestamp': (1.58, 1.72)}, {'text': 'de', 'timestamp': (1.76, 1.8)}, {'text': 'falar', 'timestamp': (1.88, 2.22)}];0,25;0,2;0,19999999999999996;0,13157894736842105
./audios/SP_D2_333_385.86775_386.09883.wav;385,86775;386,09883;não é?;não é;0,23108000000001994;tá;;[{'text': 'tá', 'timestamp': (1.02, 1.08)}];1,0;1,0;1,0;1,0
./audios/SP_D2_333_386.44_389.16655.wav;386,44;389,16655;as deformações que ele deve dar ao francês;as deformações que ele deve dar ao francês;2,7265499999999747;as deformações que ele deve de dar ao france;;[{'text': 'as', 'timestamp': (0.1, 0.16)}, {'text': 'deformações', 'timestamp': (0.24, 1.18)}, {'text': 'que', 'timestamp': (1.3, 1.36)}, {'text': 'ele', 'timestamp': (1.38, 1.5)}, {'text': 'deve', 'timestamp': (1.54, 1.72)}, {'text': 'de', 'timestamp': (1.76, 1.84)}, {'text': 'dar', 'timestamp': (1.88, 2.02)}, {'text': 'ao', 'timestamp': (2.08, 2.14)}, {'text': 'france', 'timestamp': (2.22, 2.56)}];0,25;0,2222222222222222;0,3194444444444444;0,11904761904761904
./audios/SP_D2_333_389.98861_391.65544.wav;389,98861;391,65544;ao passo que aqui no Brasil;ao passo que aqui no brasil;1,6668300000000045;ao passo que é aqui no brasil;;[{'text': 'ao', 'timestamp': (0.08, 0.14)}, {'text': 'passo', 'timestamp': (0.24, 0.46)}, {'text': 'que', 'timestamp': (0.52, 0.58)}, {'text': 'é', 'timestamp': (0.66, 0.68)}, {'text': 'aqui', 'timestamp': (0.7, 0.88)}, {'text': 'no', 'timestamp': (0.98, 1.02)}, {'text': 'brasil', 'timestamp': (1.1, 1.54)}];0,16666666666666666;0,14285714285714285;0,1428571428571429;0,07407407407407407
./audios/SP_D2_333_391.8911_392.13489.wav;391,8911;392,13489;éh éh;eh eh;0,24378999999998996;e;;[{'text': 'e', 'timestamp': (1.18, 1.2)}];1,0;1,0;1,0;0,8
./audios/SP_D2_333_392.13489_393.22791.wav;392,13489;393,22791;não há um::;não há um;1,093020000000024;o meu não;;[{'text': 'o', 'timestamp': (0.12, 0.14)}, {'text': 'meu', 'timestamp': (0.2, 0.3)}, {'text': 'não', 'timestamp': (0.42, 0.66)}];1,0;1,0;1,0;0,8888888888888888
./audios/SP_D2_333_393.22791_394.61335.wav;393,22791;394,61335;nada conceitual;nada conceitual;1,3854400000000169;nada conceitual;;[{'text': 'nada', 'timestamp': (0.12, 0.32)}, {'text': 'conceitual', 'timestamp': (0.46, 1.28)}];0,0;0,0;0,0;0,0
./audios/SP_D2_333_394.61335_395.3447.wav;394,61335;395,3447;--vamos dizer--;vamos dizer;0,7313499999999635;vamos dizer;;[{'text': 'vamos', 'timestamp': (1.1, 1.3)}, {'text': 'dizer', 'timestamp': (1.36, 1.66)}];0,0;0,0;0,0;0,0
./audios/SP_D2_333_395.67787_396.75783.wav;395,67787;396,75783;a respeito;a respeito;1,0799600000000282;a respeito;;[{'text': 'a', 'timestamp': (0.08, 0.1)}, {'text': 'respeito', 'timestamp': (0.2, 0.92)}];0,0;0,0;0,0;0,0
./audios/SP_D2_333_397.20559_399.05567.wav;397,20559;399,05567;hã do:: da Fonética;ah do da fonética;1,8500800000000481;do da fonética;;[{'text': 'do', 'timestamp': (0.18, 0.26)}, {'text': 'da', 'timestamp': (0.8, 0.86)}, {'text': 'fonética', 'timestamp': (0.96, 1.62)}];0,25;0,25;0,25;0,17647058823529413
./audios/SP_D2_333_399.05567_399.37624.wav;399,05567;399,37624;não é?;não é;0,32056999999997515;lá;;[{'text': 'lá', 'timestamp': (1.08, 1.12)}];1,0;1,0;1,0;1,0
./audios/SP_D2_333_399.87675_400.6336.wav;399,87675;400,6336;e::;e;0,7568499999999858;e;;[{'text': 'e', 'timestamp': (1.08, 1.1)}];0,0;0,0;0,0;0,0
./audios/SP_D2_333_400.6336_404.0103.wav;400,6336;404,0103;e não havendo uma codificação éh éh um uma;e não havendo uma codificação eh eh um uma;3,376699999999971;e não havendo uma codificação não um uma;;[{'text': 'e', 'timestamp': (0.1, 0.12)}, {'text': 'não', 'timestamp': (0.3, 0.4)}, {'text': 'havendo', 'timestamp': (0.46, 0.72)}, {'text': 'uma', 'timestamp': (0.8, 0.88)}, {'text': 'codificação', 'timestamp': (1.02, 1.94)}, {'text': 'não', 'timestamp': (2.06, 2.14)}, {'text': 'um', 'timestamp': (2.74, 2.96)}, {'text': 'uma', 'timestamp': (3.06, 3.14)}];0,2222222222222222;0,2222222222222222;0,3194444444444444;0,11904761904761904
./audios/SP_D2_333_404.0103_405.41108.wav;404,0103;405,41108;nada normativo;nada normativo;1,4007800000000543;nada normativo;;[{'text': 'nada', 'timestamp': (0.06, 0.26)}, {'text': 'normativo', 'timestamp': (0.38, 1.18)}];0,0;0,0;0,0;0,0
./audios/SP_D2_333_406.19117_406.59163.wav;406,19117;406,59163;[ah;ah;0,4004600000000096;ah;;[{'text': 'ah', 'timestamp': (1.1, 1.2)}];0,0;0,0;0,0;0,0
./audios/SP_D2_333_406.59163_407.73471.wav;406,59163;407,73471;fica ao sabor::;fica ao sabor;1,1430799999999977;e dá um sabor;;[{'text': 'e', 'timestamp': (0.26, 0.28)}, {'text': 'dá', 'timestamp': (0.3, 0.36)}, {'text': 'um', 'timestamp': (0.42, 0.46)}, {'text': 'sabor', 'timestamp': (0.54, 0.94)}];1,0;0,75;0,9166666666666666;0,46153846153846156
./audios/SP_D2_333_407.73471_408.8652.wav;407,73471;408,8652;do do [popular;do do popular;1,1304900000000089;ele era lá;;[{'text': 'ele', 'timestamp': (0.42, 0.54)}, {'text': 'era', 'timestamp': (0.6, 0.8)}, {'text': 'lá', 'timestamp': (0.86, 0.9)}];1,0;1,0;1,0;0,8461538461538461
./audios/SP_D2_333_408.8652_409.10056.wav;408,8652;409,10056;[não é?;não é;0,23535999999995738;no;;[{'text': 'no', 'timestamp': (1.06, 1.12)}];1,0;1,0;1,0;0,6
./audios/SP_D2_333_415.43882_416.14036.wav;415,43882;416,14036;é e [hoje;é e hoje;0,7015399999999659;periodo do aco;;[{'text': 'periodo', 'timestamp': (1.0, 1.48)}, {'text': 'do', 'timestamp': (1.54, 1.58)}, {'text': 'aco', 'timestamp': (1.64, 1.82)}];1,0;1,0;1,0;1,5
./audios/SP_D2_333_417.53265_417.7625.wav;417,53265;417,7625;[é;é;0,229849999999999;e;;[{'text': 'e', 'timestamp': (0.82, 0.88)}];1,0;1,0;1,0;1,0
./audios/SP_D2_333_419.00356_419.5403.wav;419,00356;419,5403;[viu?;viu;0,5367400000000089;pro país;;[{'text': 'pro', 'timestamp': (0.98, 1.1)}, {'text': 'país', 'timestamp': (1.16, 1.4)}];2,0;1,0;1,0;2,6666666666666665
./audios/SP_D2_333_419.78291_421.78454.wav;419,78291;421,78454;[mas é por isso que eu digo que a a;mas é por isso que eu digo que a a;2,0016299999999774;mas é por isso que eu digo que a rara;;[{'text': 'mas', 'timestamp': (0.02, 0.14)}, {'text': 'é', 'timestamp': (0.24, 0.26)}, {'text': 'por', 'timestamp': (0.34, 0.44)}, {'text': 'isso', 'timestamp': (0.48, 0.62)}, {'text': 'que', 'timestamp': (0.72, 0.8)}, {'text': 'eu', 'timestamp': (0.82, 0.86)}, {'text': 'digo', 'timestamp': (0.94, 1.16)}, {'text': 'que', 'timestamp': (1.28, 1.38)}, {'text': 'a', 'timestamp': (1.44, 1.46)}, {'text': 'rara', 'timestamp': (1.54, 1.76)}];0,1;0,1;0,18999999999999995;0,08823529411764706
./audios/SP_D2_333_421.78454_422.76854.wav;421,78454;422,76854;às vezes a gente diz;às vezes a gente diz;0,9839999999999804;às vezes a gente diria;;[{'text': 'às', 'timestamp': (1.06, 1.14)}, {'text': 'vezes', 'timestamp': (1.2, 1.36)}, {'text': 'a', 'timestamp': (1.4, 1.42)}, {'text': 'gente', 'timestamp': (1.48, 1.64)}, {'text': 'diria', 'timestamp': (1.78, 2.3)}];0,2;0,2;0,3599999999999999;0,15
./audios/SP_D2_333_422.76854_423.12482.wav;422,76854;423,12482;''bom;bom;0,3562800000000266;bom este;;[{'text': 'bom', 'timestamp': (1.04, 1.16)}, {'text': 'este', 'timestamp': (1.28, 1.5)}];1,0;0,5;0,5;1,6666666666666667
./audios/SP_D2_333_423.12482_424.8857.wav;423,12482;424,8857;esses artistas deviam de cursar;esses artistas deviam de cursar;1,760879999999986;esses ativos e deviam de cursar;;[{'text': 'esses', 'timestamp': (0.02, 0.16)}, {'text': 'ativos', 'timestamp': (0.22, 0.6)}, {'text': 'e', 'timestamp': (0.62, 0.68)}, {'text': 'deviam', 'timestamp': (0.7, 0.92)}, {'text': 'de', 'timestamp': (0.96, 1.0)}, {'text': 'cursar', 'timestamp': (1.1, 1.54)}];0,4;0,3333333333333333;0,4666666666666667;0,1935483870967742
./audios/SP_D2_333_425.2244_425.4502.wav;425,2244;425,4502;ah;ah;0,22579999999999245;a;;[{'text': 'a', 'timestamp': (1.08, 1.1)}];1,0;1,0;1,0;0,5
./audios/SP_D2_333_425.4502_426.76644.wav;425,4502;426,76644;a escola de arte dramática'';a escola de arte dramática;1,3162399999999934;a escola de arte dramática;;[{'text': 'a', 'timestamp': (0.04, 0.06)}, {'text': 'escola', 'timestamp': (0.12, 0.36)}, {'text': 'de', 'timestamp': (0.44, 0.48)}, {'text': 'arte', 'timestamp': (0.52, 0.66)}, {'text': 'dramática', 'timestamp': (0.74, 1.26)}];0,0;0,0;0,0;0,0
./audios/SP_D2_333_426.86961_429.22355.wav;426,86961;429,22355;a maioria dos bons artistas que nós temos hoje na televisão;a maioria dos bons artistas que nós temos hoje na televisão;2,353939999999966;a maioria dos bons artistas que nós temos hoje na tese;;[{'text': 'a', 'timestamp': (0.04, 0.06)}, {'text': 'maioria', 'timestamp': (0.12, 0.48)}, {'text': 'dos', 'timestamp': (0.52, 0.62)}, {'text': 'bons', 'timestamp': (0.68, 0.84)}, {'text': 'artistas', 'timestamp': (0.9, 1.26)}, {'text': 'que', 'timestamp': (1.3, 1.36)}, {'text': 'nós', 'timestamp': (1.38, 1.48)}, {'text': 'temos', 'timestamp': (1.54, 1.72)}, {'text': 'hoje', 'timestamp': (1.76, 1.86)}, {'text': 'na', 'timestamp': (1.92, 1.96)}, {'text': 'tese', 'timestamp': (2.02, 2.26)}];0,09090909090909091;0,09090909090909091;0,17355371900826455;0,1016949152542373
./audios/SP_D2_333_429.22355_430.52927.wav;429,22355;430,52927;cursou escola de [arte dramática;cursou escola de arte dramática;1,305720000000008;por só a escola de arte;;[{'text': 'por', 'timestamp': (0.08, 0.18)}, {'text': 'só', 'timestamp': (0.2, 0.32)}, {'text': 'a', 'timestamp': (0.36, 0.38)}, {'text': 'escola', 'timestamp': (0.42, 0.64)}, {'text': 'de', 'timestamp': (0.66, 0.7)}, {'text': 'arte', 'timestamp': (0.76, 0.92)}];0,8;0,5714285714285714;0,7;0,5161290322580645
./audios/SP_D2_333_430.78097_431.80144.wav;430,78097;431,80144;[sobretudo aqui de São Paulo;sobretudo aqui de são paulo;1,0204699999999889;tá muito dez são paulo;;[{'text': 'tá', 'timestamp': (0.0, 0.1)}, {'text': 'muito', 'timestamp': (0.12, 0.22)}, {'text': 'dez', 'timestamp': (0.26, 0.38)}, {'text': 'são', 'timestamp': (0.56, 0.66)}, {'text': 'paulo', 'timestamp': (0.76, 0.98)}];0,6;0,6;0,84;0,48148148148148145
./audios/SP_D2_333_432.52104_432.76983.wav;432,52104;432,76983;[e;e;0,2487899999999854;bem;;[{'text': 'bem', 'timestamp': (1.02, 1.18)}];1,0;1,0;1,0;2,0
./audios/SP_D2_333_432.93632_433.28639.wav;432,93632;433,28639;e isso;e isso;0,3500699999999597;rise;;[{'text': 'rise', 'timestamp': (1.04, 1.34)}];1,0;1,0;1,0;0,6666666666666666
./audios/SP_D2_333_433.28639_435.46149.wav;433,28639;435,46149;e:: todavia falam:: MUI::to;e todavia falam muito;2,175100000000043;e todavia falam muito;;[{'text': 'e', 'timestamp': (0.06, 0.08)}, {'text': 'todavia', 'timestamp': (0.54, 0.92)}, {'text': 'falam', 'timestamp': (1.18, 1.4)}, {'text': 'muito', 'timestamp': (1.72, 2.0)}];0,0;0,0;0,0;0,0
./audios/SP_D2_333_435.46149_437.52.wav;435,46149;437,52;Araci Balabanian é uma das poucas que fala bem;araci balabanian é uma das poucas que fala bem;2,0585099999999557;o aracy balabanian é uma das poucas que fala bem;;[{'text': 'o', 'timestamp': (0.04, 0.06)}, {'text': 'aracy', 'timestamp': (0.18, 0.5)}, {'text': 'balabanian', 'timestamp': (0.6, 0.98)}, {'text': 'é', 'timestamp': (1.0, 1.02)}, {'text': 'uma', 'timestamp': (1.04, 1.12)}, {'text': 'das', 'timestamp': (1.16, 1.24)}, {'text': 'poucas', 'timestamp': (1.32, 1.52)}, {'text': 'que', 'timestamp': (1.56, 1.64)}, {'text': 'fala', 'timestamp': (1.68, 1.8)}, {'text': 'bem', 'timestamp': (1.88, 2.0)}];0,2222222222222222;0,2;0,28888888888888886;0,06521739130434782
./audios/SP_D2_333_437.52_438.76.wav;437,52;438,76;e ela [é de Mato Grosso;e ela é de mato grosso;1,240000000000009;e era indigado grosso;;[{'text': 'e', 'timestamp': (0.12, 0.14)}, {'text': 'era', 'timestamp': (0.18, 0.28)}, {'text': 'indigado', 'timestamp': (0.32, 0.64)}, {'text': 'grosso', 'timestamp': (0.74, 1.0)}];0,6666666666666666;0,6666666666666666;0,8333333333333334;0,3181818181818182
./audios/SP_D2_333_438.76_439.52445.wav;438,76;439,52445;e ela é de Mato Grosso;e ela é de mato grosso;0,7644500000000107;era de nato grus;;[{'text': 'era', 'timestamp': (1.08, 1.16)}, {'text': 'de', 'timestamp': (1.2, 1.24)}, {'text': 'nato', 'timestamp': (1.28, 1.42)}, {'text': 'grus', 'timestamp': (1.5, 1.62)}];0,8333333333333334;0,8333333333333334;0,9583333333333334;0,4090909090909091
./audios/SP_D2_333_439.52445_440.56611.wav;439,52445;440,56611;Araci não é paulista;araci não é paulista;1,041659999999979;ora assim não é paulista;;[{'text': 'ora', 'timestamp': (0.0, 0.14)}, {'text': 'assim', 'timestamp': (0.18, 0.32)}, {'text': 'não', 'timestamp': (0.38, 0.46)}, {'text': 'é', 'timestamp': (0.52, 0.54)}, {'text': 'paulista', 'timestamp': (0.66, 0.98)}];0,5;0,4;0,55;0,3
./audios/SP_D2_333_440.87348_443.36542.wav;440,87348;443,36542;[ela veio para São Paulo fazer a ê á dê aqui;ela veio para são paulo fazer a ê á dê aqui;2,4919399999999996;ela vem pra são paulo fazer a ida;;[{'text': 'ela', 'timestamp': (0.1, 0.24)}, {'text': 'vem', 'timestamp': (0.3, 0.5)}, {'text': 'pra', 'timestamp': (0.52, 0.68)}, {'text': 'são', 'timestamp': (0.74, 0.84)}, {'text': 'paulo', 'timestamp': (0.98, 1.18)}, {'text': 'fazer', 'timestamp': (1.28, 1.48)}, {'text': 'a', 'timestamp': (1.54, 1.56)}, {'text': 'ida', 'timestamp': (1.76, 2.2)}];0,5454545454545454;0,5454545454545454;0,7159090909090909;0,27906976744186046
./audios/SP_D2_333_443.96_445.03159.wav;443,96;445,03159;mas ela é de Mato Grosso;mas ela é de mato grosso;1,0715900000000147;mas era de mato grosso;;[{'text': 'mas', 'timestamp': (0.12, 0.22)}, {'text': 'era', 'timestamp': (0.26, 0.34)}, {'text': 'de', 'timestamp': (0.42, 0.48)}, {'text': 'mato', 'timestamp': (0.52, 0.7)}, {'text': 'grosso', 'timestamp': (0.78, 1.0)}];0,3333333333333333;0,3333333333333333;0,4666666666666667;0,125
./audios/SP_D2_333_445.35604_445.93664.wav;445,35604;445,93664;agora;agora;0,580600000000004;agora;;[{'text': 'agora', 'timestamp': (1.16, 1.46)}];0,0;0,0;0,0;0,0
./audios/SP_D2_333_446.18425_446.79046.wav;446,18425;446,79046;os ou/;os ou;0,6062099999999759;uso;;[{'text': 'uso', 'timestamp': (1.14, 1.44)}];1,0;1,0;1,0;0,6
./audios/SP_D2_333_446.79046_449.24092.wav;446,79046;449,24092;o Juca de Oliveira ele fala feito um caipira do interior do Estado;o juca de oliveira ele fala feito um caipira do interior do estado;2,450460000000021;o copo de óleo e fereiro fala é feito um caipira do interior do estado;;[{'text': 'o', 'timestamp': (0.04, 0.06)}, {'text': 'copo', 'timestamp': (0.1, 0.26)}, {'text': 'de', 'timestamp': (0.3, 0.34)}, {'text': 'óleo', 'timestamp': (0.36, 0.46)}, {'text': 'e', 'timestamp': (0.5, 0.52)}, {'text': 'fereiro', 'timestamp': (0.54, 0.74)}, {'text': 'fala', 'timestamp': (0.82, 0.94)}, {'text': 'é', 'timestamp': (0.96, 0.98)}, {'text': 'feito', 'timestamp': (1.02, 1.12)}, {'text': 'um', 'timestamp': (1.14, 1.22)}, {'text': 'caipira', 'timestamp': (1.24, 1.62)}, {'text': 'do', 'timestamp': (1.66, 1.72)}, {'text': 'interior', 'timestamp': (1.76, 2.0)}, {'text': 'do', 'timestamp': (2.06, 2.1)}, {'text': 'estado', 'timestamp': (2.14, 2.38)}];0,38461538461538464;0,3333333333333333;0,4871794871794872;0,25757575757575757
./audios/SP_D2_333_449.45437_449.93462.wav;449,45437;449,93462;você reparou?;você reparou;0,4802500000000123;você reparou;;[{'text': 'você', 'timestamp': (0.98, 1.1)}, {'text': 'reparou', 'timestamp': (1.18, 1.42)}];0,0;0,0;0,0;0,0
./audios/SP_D2_333_450.1545_451.68.wav;450,1545;451,68;é uma pronúncia absolutamente caipira;é uma pronúncia absolutamente caipira;1,5255000000000223;é uma prova nos absolutamente caipira;;[{'text': 'é', 'timestamp': (0.02, 0.04)}, {'text': 'uma', 'timestamp': (0.08, 0.16)}, {'text': 'prova', 'timestamp': (0.18, 0.3)}, {'text': 'nos', 'timestamp': (0.38, 0.44)}, {'text': 'absolutamente', 'timestamp': (0.5, 0.96)}, {'text': 'caipira', 'timestamp': (1.0, 1.46)}];0,4;0,3333333333333333;0,4666666666666667;0,16216216216216217
./audios/SP_D2_333_452.0_453.0.wav;452,0;453,0;[do interior do [Estado;do interior do estado;1,0;no interior do estado;;[{'text': 'no', 'timestamp': (0.1, 0.14)}, {'text': 'interior', 'timestamp': (0.2, 0.5)}, {'text': 'do', 'timestamp': (0.58, 0.62)}, {'text': 'estado', 'timestamp': (0.7, 0.94)}];0,25;0,25;0,4375;0,047619047619047616
./audios/SP_D2_333_453.0_453.81008.wav;453,0;453,81008;eu não sei de onde é;eu não sei de onde é;0,8100800000000277;será regra vote você;;[{'text': 'será', 'timestamp': (0.94, 1.12)}, {'text': 'regra', 'timestamp': (1.24, 1.46)}, {'text': 'vote', 'timestamp': (1.52, 1.64)}, {'text': 'você', 'timestamp': (1.74, 1.9)}];1,0;1,0;1,0;0,9
./audios/SP_D2_333_455.00543_456.45692.wav;455,00543;456,45692;não não é voluntária não;não não é voluntária não;1,4514900000000353;não não é voluntária não;;[{'text': 'não', 'timestamp': (0.06, 0.22)}, {'text': 'não', 'timestamp': (0.38, 0.46)}, {'text': 'é', 'timestamp': (0.52, 0.54)}, {'text': 'voluntária', 'timestamp': (0.64, 1.18)}, {'text': 'não', 'timestamp': (1.26, 1.34)}];0,0;0,0;0,0;0,0
./audios/SP_D2_333_456.57645_457.39085.wav;456,57645;457,39085;é difícil;é difícil;0,8143999999999778;é de aesoure;;[{'text': 'é', 'timestamp': (1.04, 1.06)}, {'text': 'de', 'timestamp': (1.12, 1.18)}, {'text': 'aesoure', 'timestamp': (1.3, 1.86)}];1,0;0,6666666666666666;0,8333333333333334;1,0
./audios/SP_D2_333_457.39085_458.50122.wav;457,39085;458,50122;você repara;você repara;1,110369999999989;você repare;;[{'text': 'você', 'timestamp': (0.12, 0.28)}, {'text': 'repare', 'timestamp': (0.42, 0.98)}];0,5;0,5;0,75;0,09090909090909091
./audios/SP_D2_333_458.78298_460.34547.wav;458,78298;460,34547;como é difícil;como é difícil;1,5624899999999684;como é difícil;;[{'text': 'como', 'timestamp': (0.06, 0.28)}, {'text': 'é', 'timestamp': (0.56, 0.58)}, {'text': 'difícil', 'timestamp': (0.8, 1.34)}];0,0;0,0;0,0;0,0
./audios/SP_D2_333_460.7553_463.30743.wav;460,7553;463,30743;para o Juca interpretar determinados papéis;para o juca interpretar determinados papéis;2,5521300000000338;para o cuca interpretar determinados papéis;;[{'text': 'para', 'timestamp': (0.18, 0.34)}, {'text': 'o', 'timestamp': (0.36, 0.38)}, {'text': 'cuca', 'timestamp': (0.5, 0.72)}, {'text': 'interpretar', 'timestamp': (0.86, 1.32)}, {'text': 'determinados', 'timestamp': (1.42, 1.84)}, {'text': 'papéis', 'timestamp': (1.92, 2.32)}];0,16666666666666666;0,16666666666666666;0,30555555555555547;0,023255813953488372
./audios/SP_D2_333_463.67447_469.01992.wav;463,67447;469,01992;se bem que os produtores já viram já perceberam então ele ele está sempre adequado ao papel de homem;se bem que os produtores já viram já perceberam então ele ele está sempre adequado ao papel de homem;5,345450000000028;se bem que os produtores já viram já perceberam então ele ele está sempre adequado ao papel de homem;;[{'text': 'se', 'timestamp': (0.2, 0.24)}, {'text': 'bem', 'timestamp': (0.3, 0.38)}, {'text': 'que', 'timestamp': (0.4, 0.48)}, {'text': 'os', 'timestamp': (0.5, 0.56)}, {'text': 'produtores', 'timestamp': (0.62, 1.08)}, {'text': 'já', 'timestamp': (1.18, 1.22)}, {'text': 'viram', 'timestamp': (1.36, 1.64)}, {'text': 'já', 'timestamp': (1.72, 1.76)}, {'text': 'perceberam', 'timestamp': (1.86, 2.34)}, {'text': 'então', 'timestamp': (2.42, 2.62)}, {'text': 'ele', 'timestamp': (2.8, 2.9)}, {'text': 'ele', 'timestamp': (3.08, 3.18)}, {'text': 'está', 'timestamp': (3.24, 3.34)}, {'text': 'sempre', 'timestamp': (3.42, 3.62)}, {'text': 'adequado', 'timestamp': (3.68, 4.28)}, {'text': 'ao', 'timestamp': (4.4, 4.44)}, {'text': 'papel', 'timestamp': (4.5, 4.8)}, {'text': 'de', 'timestamp': (4.88, 4.94)}, {'text': 'homem', 'timestamp': (5.02, 5.2)}];0,0;0,0;0,0;0,0
./audios/SP_D2_333_469.24_471.65751.wav;469,24;471,65751;ele faz muito na televisão um homem rural;ele faz muito na televisão um homem rural;2,417509999999993;ele faz muito na televisão um homem rural;;[{'text': 'ele', 'timestamp': (0.06, 0.14)}, {'text': 'faz', 'timestamp': (0.2, 0.34)}, {'text': 'muito', 'timestamp': (0.44, 0.62)}, {'text': 'na', 'timestamp': (0.7, 0.82)}, {'text': 'televisão', 'timestamp': (0.9, 1.28)}, {'text': 'um', 'timestamp': (1.4, 1.44)}, {'text': 'homem', 'timestamp': (1.54, 1.74)}, {'text': 'rural', 'timestamp': (1.9, 2.22)}];0,0;0,0;0,0;0,0
./audios/SP_D2_333_471.88596_472.5922.wav;471,88596;472,5922;então está bem;então está bem;0,7062399999999798;então está bem;;[{'text': 'então', 'timestamp': (0.9, 1.1)}, {'text': 'está', 'timestamp': (1.18, 1.32)}, {'text': 'bem', 'timestamp': (1.44, 1.54)}];0,0;0,0;0,0;0,0
./audios/SP_D2_333_473.2855_474.04257.wav;473,2855;474,04257;mas;mas;0,7570699999999988;mas;;[{'text': 'mas', 'timestamp': (1.24, 1.52)}];0,0;0,0;0,0;0,0
./audios/SP_D2_333_474.2123_476.6224.wav;474,2123;476,6224;ele tem uma pronúncia bem acaipirada;ele tem uma pronúncia bem acaipirada;2,4101;ele tem uma pronúncia bem caipirada;;[{'text': 'ele', 'timestamp': (0.08, 0.2)}, {'text': 'tem', 'timestamp': (0.46, 0.56)}, {'text': 'uma', 'timestamp': (0.62, 0.7)}, {'text': 'pronúncia', 'timestamp': (0.76, 1.12)}, {'text': 'bem', 'timestamp': (1.3, 1.46)}, {'text': 'caipirada', 'timestamp': (1.64, 2.28)}];0,16666666666666666;0,16666666666666666;0,30555555555555547;0,027777777777777776
./audios/SP_D2_333_476.85517_478.8876.wav;476,85517;478,8876;do interior do Estado de São Paulo;do interior do estado de são paulo;2,0324300000000335;do interior do estado de são paulo;;[{'text': 'do', 'timestamp': (0.08, 0.12)}, {'text': 'interior', 'timestamp': (0.28, 0.64)}, {'text': 'do', 'timestamp': (0.86, 0.92)}, {'text': 'estado', 'timestamp': (0.98, 1.3)}, {'text': 'de', 'timestamp': (1.38, 1.42)}, {'text': 'são', 'timestamp': (1.5, 1.6)}, {'text': 'paulo', 'timestamp': (1.7, 1.88)}];0,0;0,0;0,0;0,0
./audios/SP_D2_333_479.472_484.42379.wav;479,472;484,42379;então não é uma questão de de formação da escola de arte dramática onde as pronúncias já estão;então não é uma questão de de formação da escola de arte dramática onde as pronúncias já estão;4,951790000000017;então não é uma questão de de formação da escola de arte dramática onde as pronúncias já estão;;[{'text': 'então', 'timestamp': (0.12, 0.38)}, {'text': 'não', 'timestamp': (0.7, 0.82)}, {'text': 'é', 'timestamp': (0.92, 0.94)}, {'text': 'uma', 'timestamp': (1.08, 1.16)}, {'text': 'questão', 'timestamp': (1.26, 1.58)}, {'text': 'de', 'timestamp': (1.7, 1.76)}, {'text': 'de', 'timestamp': (1.98, 2.18)}, {'text': 'formação', 'timestamp': (2.28, 2.68)}, {'text': 'da', 'timestamp': (2.74, 2.78)}, {'text': 'escola', 'timestamp': (2.82, 3.02)}, {'text': 'de', 'timestamp': (3.06, 3.1)}, {'text': 'arte', 'timestamp': (3.14, 3.26)}, {'text': 'dramática', 'timestamp': (3.32, 3.86)}, {'text': 'onde', 'timestamp': (3.92, 4.02)}, {'text': 'as', 'timestamp': (4.06, 4.1)}, {'text': 'pronúncias', 'timestamp': (4.18, 4.52)}, {'text': 'já', 'timestamp': (4.58, 4.62)}, {'text': 'estão', 'timestamp': (4.68, 4.86)}];0,0;0,0;0,0;0,0
./audios/SP_D2_333_484.59708_485.57491.wav;484,59708;485,57491;os jogos já estão feitos;os jogos já estão feitos;0,9778299999999831;os jogos estão feitos;;[{'text': 'os', 'timestamp': (1.02, 1.06)}, {'text': 'jogos', 'timestamp': (1.14, 1.42)}, {'text': 'estão', 'timestamp': (1.48, 1.66)}, {'text': 'feitos', 'timestamp': (1.76, 2.06)}];0,2;0,2;0,19999999999999996;0,125
./audios/SP_D2_333_485.57491_486.11334.wav;485,57491;486,11334;como se diz;como se diz;0,5384300000000053;se considera;;[{'text': 'se', 'timestamp': (0.88, 1.04)}, {'text': 'considera', 'timestamp': (1.08, 1.66)}];0,6666666666666666;0,6666666666666666;0,8333333333333334;0,9090909090909091
./audios/SP_D2_333_486.65501_488.40611.wav;486,65501;488,40611;isso seria de curso primá::rio;isso seria de curso primário;1,751100000000008;isso seria de curso primário;;[{'text': 'isso', 'timestamp': (0.1, 0.24)}, {'text': 'seria', 'timestamp': (0.34, 0.56)}, {'text': 'de', 'timestamp': (0.62, 0.68)}, {'text': 'curso', 'timestamp': (0.78, 1.0)}, {'text': 'primário', 'timestamp': (1.1, 1.66)}];0,0;0,0;0,0;0,0
./audios/SP_D2_333_488.72977_491.21904.wav;488,72977;491,21904;ensinar um brasileiro a falar;ensinar um brasileiro a falar;2,489270000000033;ensinar o brasileiro a falar;;[{'text': 'ensinar', 'timestamp': (0.16, 0.76)}, {'text': 'o', 'timestamp': (0.84, 0.88)}, {'text': 'brasileiro', 'timestamp': (0.98, 1.6)}, {'text': 'a', 'timestamp': (1.78, 1.8)}, {'text': 'falar', 'timestamp': (1.92, 2.26)}];0,2;0,2;0,3599999999999999;0,06896551724137931
./audios/SP_D2_333_491.57519_493.37132.wav;491,57519;493,37132;pelo menos quando quer falar bem;pelo menos quando quer falar bem;1,7961300000000051;pelo menos quando quer falar bem;;[{'text': 'pelo', 'timestamp': (0.06, 0.18)}, {'text': 'menos', 'timestamp': (0.26, 0.42)}, {'text': 'quando', 'timestamp': (0.48, 0.66)}, {'text': 'quer', 'timestamp': (0.92, 1.12)}, {'text': 'falar', 'timestamp': (1.26, 1.54)}, {'text': 'bem', 'timestamp': (1.64, 1.74)}];0,0;0,0;0,0;0,0
./audios/SP_D2_333_493.37132_495.4829.wav;493,37132;495,4829;depois ele pode partir para as gírias;depois ele pode partir para as gírias;2,1115799999999467;depois ele pode partir para as gírias;;[{'text': 'depois', 'timestamp': (0.1, 0.32)}, {'text': 'ele', 'timestamp': (0.38, 0.46)}, {'text': 'pode', 'timestamp': (0.56, 0.72)}, {'text': 'partir', 'timestamp': (0.82, 1.1)}, {'text': 'para', 'timestamp': (1.22, 1.34)}, {'text': 'as', 'timestamp': (1.38, 1.42)}, {'text': 'gírias', 'timestamp': (1.54, 1.9)}];0,0;0,0;0,0;0,0
./audios/SP_D2_333_495.735_496.97767.wav;495,735;496,97767;acho que há uma língua n/;acho que há uma língua n;1,2426699999999755;acho que há uma língua;;[{'text': 'acho', 'timestamp': (0.06, 0.24)}, {'text': 'que', 'timestamp': (0.3, 0.38)}, {'text': 'há', 'timestamp': (0.42, 0.46)}, {'text': 'uma', 'timestamp': (0.54, 0.64)}, {'text': 'língua', 'timestamp': (0.74, 0.98)}];0,16666666666666666;0,16666666666666666;0,16666666666666663;0,08333333333333333
./audios/SP_D2_333_497.51009_498.08899.wav;497,51009;498,08899;como a nossa;como a nossa;0,5789000000000328;ma nossa;;[{'text': 'ma', 'timestamp': (1.06, 1.1)}, {'text': 'nossa', 'timestamp': (1.24, 1.54)}];0,6666666666666666;0,6666666666666666;0,8333333333333334;0,3333333333333333
./audios/SP_D2_333_498.08899_499.5237.wav;498,08899;499,5237;que está se construindo todos os dias;que está se construindo todos os dias;1,4347099999999955;que está se construindo todos os dias;;[{'text': 'que', 'timestamp': (0.02, 0.1)}, {'text': 'está', 'timestamp': (0.12, 0.22)}, {'text': 'se', 'timestamp': (0.26, 0.32)}, {'text': 'construindo', 'timestamp': (0.4, 0.78)}, {'text': 'todos', 'timestamp': (0.9, 1.08)}, {'text': 'os', 'timestamp': (1.16, 1.22)}, {'text': 'dias', 'timestamp': (1.26, 1.4)}];0,0;0,0;0,0;0,0
./audios/SP_D2_333_499.5237_501.97745.wav;499,5237;501,97745;como o país também que está se construindo todos os dias;como o país também que está se construindo todos os dias;2,453749999999957;como o país também que está se construindo todos os dias;;[{'text': 'como', 'timestamp': (0.06, 0.18)}, {'text': 'o', 'timestamp': (0.22, 0.24)}, {'text': 'país', 'timestamp': (0.3, 0.54)}, {'text': 'também', 'timestamp': (0.64, 0.86)}, {'text': 'que', 'timestamp': (0.92, 0.98)}, {'text': 'está', 'timestamp': (1.02, 1.14)}, {'text': 'se', 'timestamp': (1.2, 1.26)}, {'text': 'construindo', 'timestamp': (1.34, 1.64)}, {'text': 'todos', 'timestamp': (1.76, 1.9)}, {'text': 'os', 'timestamp': (1.98, 2.06)}, {'text': 'dias', 'timestamp': (2.12, 2.34)}];0,0;0,0;0,0;0,0
./audios/SP_D2_333_502.29255_504.80887.wav;502,29255;504,80887;ela tem que se acrescentar com influências;ela tem que se acrescentar com influências;2,5163200000000074;ela tem que se acrescentar com influências;;[{'text': 'ela', 'timestamp': (0.06, 0.16)}, {'text': 'tem', 'timestamp': (0.32, 0.44)}, {'text': 'que', 'timestamp': (0.5, 0.56)}, {'text': 'se', 'timestamp': (0.62, 0.68)}, {'text': 'acrescentar', 'timestamp': (0.72, 1.38)}, {'text': 'com', 'timestamp': (1.56, 1.64)}, {'text': 'influências', 'timestamp': (1.7, 2.32)}];0,0;0,0;0,0;0,0
./audios/SP_D2_333_505.15079_505.33563.wav;505,15079;505,33563;éh;eh;0,18484000000000833;esse;;[{'text': 'esse', 'timestamp': (1.04, 1.34)}];1,0;1,0;1,0;1,5
./audios/SP_D2_333_505.33563_506.34797.wav;505,33563;506,34797;francesas;francesas;1,0123399999999947;francesas;;[{'text': 'francesas', 'timestamp': (0.08, 0.86)}];0,0;0,0;0,0;0,0
./audios/SP_D2_333_506.61614_507.549.wav;506,61614;507,549;alemãs;alemãs;0,9328600000000051;alemanses;;[{'text': 'alemanses', 'timestamp': (1.08, 1.84)}];1,0;1,0;1,0;0,6666666666666666
./audios/SP_D2_333_507.549_508.86973.wav;507,549;508,86973;e e e;e e e;1,320730000000026;e e e e é;;[{'text': 'e', 'timestamp': (0.0, 0.02)}, {'text': 'e', 'timestamp': (0.24, 0.26)}, {'text': 'e', 'timestamp': (0.5, 0.52)}, {'text': 'e', 'timestamp': (0.66, 0.68)}, {'text': 'é', 'timestamp': (1.2, 1.22)}];0,6666666666666666;0,4;0,4;0,8
./audios/SP_D2_333_508.86973_509.36585.wav;508,86973;509,36585;italianas;italianas;0,496120000000019;italianas;;[{'text': 'italianas', 'timestamp': (0.98, 1.42)}];0,0;0,0;0,0;0,0
./audios/SP_D2_333_509.36585_510.54685.wav;509,36585;510,54685;como é o caso de São Paulo;como é o caso de são paulo;1,1809999999999832;com o meu caso de são paulo;;[{'text': 'com', 'timestamp': (0.0, 0.06)}, {'text': 'o', 'timestamp': (0.08, 0.1)}, {'text': 'meu', 'timestamp': (0.12, 0.18)}, {'text': 'caso', 'timestamp': (0.26, 0.42)}, {'text': 'de', 'timestamp': (0.46, 0.52)}, {'text': 'são', 'timestamp': (0.56, 0.66)}, {'text': 'paulo', 'timestamp': (0.78, 1.06)}];0,42857142857142855;0,42857142857142855;0,6734693877551021;0,15384615384615385
./audios/SP_D2_333_510.80518_512.12018.wav;510,80518;512,12018;e não vejo nisso;e não vejo nisso;1,3149999999999977;e não vejo nisso;;[{'text': 'e', 'timestamp': (0.08, 0.1)}, {'text': 'não', 'timestamp': (0.18, 0.26)}, {'text': 'vejo', 'timestamp': (0.36, 0.64)}, {'text': 'nisso', 'timestamp': (0.78, 1.12)}];0,0;0,0;0,0;0,0
./audios/SP_D2_333_512.53166_514.55242.wav;512,53166;514,55242;deturpar o o idioma;deturpar o o idioma;2,0207599999999957;deturparam o idioma;;[{'text': 'deturparam', 'timestamp': (0.24, 1.18)}, {'text': 'o', 'timestamp': (1.4, 1.44)}, {'text': 'idioma', 'timestamp': (1.5, 1.9)}];0,5;0,5;0,6666666666666667;0,10526315789473684
./audios/SP_D2_333_514.55242_517.58412.wav;514,55242;517,58412;eu acho que com isso nós o acrescentamos;eu acho que com isso nós o acrescentamos;3,0317000000000007;eu acho que com isso nós o acrescentamos;;[{'text': 'eu', 'timestamp': (0.08, 0.16)}, {'text': 'acho', 'timestamp': (0.26, 0.46)}, {'text': 'que', 'timestamp': (0.56, 0.62)}, {'text': 'com', 'timestamp': (0.74, 0.86)}, {'text': 'isso', 'timestamp': (0.96, 1.16)}, {'text': 'nós', 'timestamp': (1.26, 1.42)}, {'text': 'o', 'timestamp': (1.52, 1.54)}, {'text': 'acrescentamos', 'timestamp': (1.6, 2.78)}];0,0;0,0;0,0;0,0
./audios/SP_D2_333_520.60047_521.68763.wav;520,60047;521,68763;[como você não vai;como você não vai;1,0871600000000399;e e você não vê pai;;[{'text': 'e', 'timestamp': (0.14, 0.16)}, {'text': 'e', 'timestamp': (0.3, 0.32)}, {'text': 'você', 'timestamp': (0.38, 0.52)}, {'text': 'não', 'timestamp': (0.62, 0.68)}, {'text': 'vê', 'timestamp': (0.74, 0.78)}, {'text': 'pai', 'timestamp': (0.86, 1.0)}];1,0;0,6666666666666666;0,8333333333333334;0,4117647058823529
./audios/SP_D2_333_531.78951_532.51991.wav;531,78951;532,51991;[mas olha;mas olha;0,7304000000000315;maiores;;[{'text': 'maiores', 'timestamp': (1.06, 1.62)}];1,0;1,0;1,0;0,625
./audios/SP_D2_333_533.45186_533.64463.wav;533,45186;533,64463;bom;bom;0,1927699999999959;você;;[{'text': 'você', 'timestamp': (1.02, 1.32)}];1,0;1,0;1,0;1,0
./audios/SP_D2_333_533.64463_534.27166.wav;533,64463;534,27166;isso [também;isso também;0,6270299999999907;isso também;;[{'text': 'isso', 'timestamp': (1.06, 1.18)}, {'text': 'também', 'timestamp': (1.24, 1.5)}];0,0;0,0;0,0;0,0
./audios/SP_D2_333_534.27166_535.12477.wav;534,27166;535,12477;mas isso já;mas isso já;0,8531100000000151;mas eu estão vindo;;[{'text': 'mas', 'timestamp': (1.02, 1.1)}, {'text': 'eu', 'timestamp': (1.14, 1.18)}, {'text': 'estão', 'timestamp': (1.38, 1.64)}, {'text': 'vindo', 'timestamp': (1.78, 1.98)}];1,0;0,75;0,9166666666666666;1,0
./audios/SP_D2_333_538.80543_538.96818.wav;538,80543;538,96818;[é;é;0,16274999999995998;é;;[{'text': 'é', 'timestamp': (1.04, 1.06)}];0,0;0,0;0,0;0,0
./audios/SP_D2_333_538.96818_539.63912.wav;538,96818;539,63912;mas isso tam/;mas isso tam;0,6709400000000869;mas isso tem;;[{'text': 'mas', 'timestamp': (1.16, 1.3)}, {'text': 'isso', 'timestamp': (1.38, 1.52)}, {'text': 'tem', 'timestamp': (1.58, 1.7)}];0,3333333333333333;0,3333333333333333;0,5555555555555556;0,08333333333333333
./audios/SP_D2_333_539.63912_541.28.wav;539,63912;541,28;isso eu acho realmente muito [ruim;isso eu acho realmente muito ruim;1,6408799999999246;isso eu acho realmente montano;;[{'text': 'isso', 'timestamp': (0.06, 0.18)}, {'text': 'eu', 'timestamp': (0.22, 0.28)}, {'text': 'acho', 'timestamp': (0.34, 0.56)}, {'text': 'realmente', 'timestamp': (0.8, 1.12)}, {'text': 'montano', 'timestamp': (1.24, 1.54)}];0,3333333333333333;0,3333333333333333;0,4666666666666667;0,24242424242424243
./audios/SP_D2_333_541.50471_542.62212.wav;541,50471;542,62212;[mas quando você vê;mas quando você vê;1,1174099999999498;agora quando quando a mente;;[{'text': 'agora', 'timestamp': (0.02, 0.2)}, {'text': 'quando', 'timestamp': (0.3, 0.46)}, {'text': 'quando', 'timestamp': (0.56, 0.72)}, {'text': 'a', 'timestamp': (0.8, 0.82)}, {'text': 'mente', 'timestamp': (0.94, 1.06)}];1,0;0,8;0,95;0,9444444444444444
./audios/SP_D2_333_546.84615_547.08.wav;546,84615;547,08;hum;uh;0,23385000000007494;tu;;[{'text': 'tu', 'timestamp': (0.96, 1.04)}];1,0;1,0;1,0;1,0
./audios/SP_D2_333_547.08_547.28637.wav;547,08;547,28637;é;é;0,20636999999999261;e;;[{'text': 'e', 'timestamp': (1.08, 1.1)}];1,0;1,0;1,0;1,0
./audios/SP_D2_333_550.58972_551.19716.wav;550,58972;551,19716;é pró/;é pró;0,6074399999999969;e pra;;[{'text': 'e', 'timestamp': (1.04, 1.06)}, {'text': 'pra', 'timestamp': (1.22, 1.32)}];1,0;1,0;1,0;0,4
./audios/SP_D2_333_551.19716_552.12654.wav;551,19716;552,12654;[propri braziliani;propri braziliani;0,9293799999999237;próprio baseário ali;;[{'text': 'próprio', 'timestamp': (1.02, 1.28)}, {'text': 'baseário', 'timestamp': (1.32, 1.68)}, {'text': 'ali', 'timestamp': (1.8, 1.88)}];1,5;1,0;1,0;0,5882352941176471
./audios/SP_D2_333_555.06003_556.05035.wav;555,06003;556,05035;[eles [imprimirem a;eles imprimirem a;0,990319999999997;o oprimissem;;[{'text': 'o', 'timestamp': (1.0, 1.02)}, {'text': 'oprimissem', 'timestamp': (1.24, 1.78)}];1,0;1,0;1,0;0,5882352941176471
./audios/SP_D2_333_557.98481_558.12.wav;557,98481;558,12;é;é;0,13518999999996595;é;;[{'text': 'é', 'timestamp': (1.0, 1.02)}];0,0;0,0;0,0;0,0
./audios/SP_D2_333_558.12_558.75457.wav;558,12;558,75457;[mas;mas;0,6345699999999397;não se;;[{'text': 'não', 'timestamp': (1.04, 1.18)}, {'text': 'se', 'timestamp': (1.42, 1.48)}];2,0;1,0;1,0;1,6666666666666667
./audios/SP_D2_333_562.6_563.04344.wav;562,6;563,04344;mas olha;mas olha;0,4434400000000096;mas olha;;[{'text': 'mas', 'timestamp': (1.08, 1.22)}, {'text': 'olha', 'timestamp': (1.3, 1.44)}];0,0;0,0;0,0;0,0
./audios/SP_D2_333_563.04344_567.46183.wav;563,04344;567,46183;a propó::sito da língua da terra jovem e da terra antiga;a propósito da língua da terra jovem e da terra antiga;4,418389999999931;a propósito da língua da terra jovem e da terra antica;;[{'text': 'a', 'timestamp': (0.1, 0.12)}, {'text': 'propósito', 'timestamp': (0.2, 0.88)}, {'text': 'da', 'timestamp': (0.98, 1.04)}, {'text': 'língua', 'timestamp': (1.2, 1.58)}, {'text': 'da', 'timestamp': (1.68, 1.72)}, {'text': 'terra', 'timestamp': (1.92, 2.18)}, {'text': 'jovem', 'timestamp': (2.4, 2.84)}, {'text': 'e', 'timestamp': (2.98, 3.0)}, {'text': 'da', 'timestamp': (3.08, 3.14)}, {'text': 'terra', 'timestamp': (3.28, 3.54)}, {'text': 'antica', 'timestamp': (3.84, 4.36)}];0,09090909090909091;0,09090909090909091;0,17355371900826455;0,018518518518518517
./audios/SP_D2_333_567.46183_568.59818.wav;567,46183;568,59818;da terra de origem;da terra de origem;1,136349999999993;da terra de orice;;[{'text': 'da', 'timestamp': (0.08, 0.12)}, {'text': 'terra', 'timestamp': (0.22, 0.4)}, {'text': 'de', 'timestamp': (0.46, 0.5)}, {'text': 'orice', 'timestamp': (0.58, 0.92)}];0,25;0,25;0,4375;0,1111111111111111
./audios/SP_D2_333_568.59818_569.8454.wav;568,59818;569,8454;que no caso seria Portugal;que no caso seria portugal;1,247220000000084;tem caterina em portugal;;[{'text': 'tem', 'timestamp': (0.06, 0.14)}, {'text': 'caterina', 'timestamp': (0.26, 0.56)}, {'text': 'em', 'timestamp': (0.6, 0.64)}, {'text': 'portugal', 'timestamp': (0.68, 1.02)}];0,8;0,8;0,95;0,5
./audios/SP_D2_333_570.42398_571.06951.wav;570,42398;571,06951;eu::;eu;0,6455300000000079;eu;;[{'text': 'eu', 'timestamp': (1.12, 1.18)}];0,0;0,0;0,0;0,0
./audios/SP_D2_333_571.24999_572.19918.wav;571,24999;572,19918;há muitos anos;há muitos anos;0,9491899999999305;há muitos anos;;[{'text': 'há', 'timestamp': (1.04, 1.08)}, {'text': 'muitos', 'timestamp': (1.16, 1.44)}, {'text': 'anos', 'timestamp': (1.58, 1.86)}];0,0;0,0;0,0;0,0
./audios/SP_D2_333_572.19918_575.37081.wav;572,19918;575,37081;quando eu já estava acho que começando na minha carreira de jornalista;quando eu já estava acho que começando na minha carreira de jornalista;3,17163000000005;quando eu estava acho que começando o na minha carreira de jornalista;;[{'text': 'quando', 'timestamp': (0.0, 0.18)}, {'text': 'eu', 'timestamp': (0.2, 0.24)}, {'text': 'estava', 'timestamp': (0.3, 0.62)}, {'text': 'acho', 'timestamp': (0.66, 0.76)}, {'text': 'que', 'timestamp': (0.8, 0.86)}, {'text': 'começando', 'timestamp': (0.96, 1.48)}, {'text': 'o', 'timestamp': (1.76, 1.78)}, {'text': 'na', 'timestamp': (1.82, 1.86)}, {'text': 'minha', 'timestamp': (1.92, 2.02)}, {'text': 'carreira', 'timestamp': (2.06, 2.3)}, {'text': 'de', 'timestamp': (2.34, 2.4)}, {'text': 'jornalista', 'timestamp': (2.44, 2.94)}];0,16666666666666666;0,15384615384615385;0,15972222222222232;0,07142857142857142
./audios/SP_D2_333_576.5173_578.11616.wav;576,5173;578,11616;eu::: tive uma;eu tive uma;1,5988600000000588;eu tive uma;;[{'text': 'eu', 'timestamp': (0.1, 0.22)}, {'text': 'tive', 'timestamp': (1.08, 1.28)}, {'text': 'uma', 'timestamp': (1.36, 1.56)}];0,0;0,0;0,0;0,0
./audios/SP_D2_333_578.11616_579.29556.wav;578,11616;579,29556;uma entrevista;uma entrevista;1,179399999999987;uma entrevista;;[{'text': 'uma', 'timestamp': (0.14, 0.2)}, {'text': 'entrevista', 'timestamp': (0.26, 0.96)}];0,0;0,0;0,0;0,0
./audios/SP_D2_333_579.80731_580.72326.wav;579,80731;580,72326;com uma senhora;com uma senhora;0,9159499999999525;como a senhora;;[{'text': 'como', 'timestamp': (1.04, 1.18)}, {'text': 'a', 'timestamp': (1.22, 1.24)}, {'text': 'senhora', 'timestamp': (1.36, 1.8)}];0,6666666666666666;0,6666666666666666;0,8888888888888888;0,2
./audios/SP_D2_333_580.72326_582.32479.wav;580,72326;582,32479;que era embaixatriz do::;que era embaixatriz do;1,6015300000000252;que era embaixatriz do;;[{'text': 'que', 'timestamp': (0.04, 0.1)}, {'text': 'era', 'timestamp': (0.14, 0.24)}, {'text': 'embaixatriz', 'timestamp': (0.28, 0.96)}, {'text': 'do', 'timestamp': (1.06, 1.12)}];0,0;0,0;0,0;0,0
./audios/SP_D2_333_582.81944_583.79536.wav;582,81944;583,79536;do Canadá;do canadá;0,9759199999999737;do canadá;;[{'text': 'do', 'timestamp': (1.02, 1.08)}, {'text': 'canadá', 'timestamp': (1.18, 1.66)}];0,0;0,0;0,0;0,0
./audios/SP_D2_333_584.68717_585.01192.wav;584,68717;585,01192;em;em;0,32474999999999454;terreno;;[{'text': 'terreno', 'timestamp': (1.06, 1.48)}];1,0;1,0;1,0;3,0
./audios/SP_D2_333_585.01192_585.1924.wav;585,01192;585,1924;éh::;eh;0,18047999999998865;era;;[{'text': 'era', 'timestamp': (1.02, 1.3)}];1,0;1,0;1,0;1,0
./audios/SP_D2_333_585.1924_585.97447.wav;585,1924;585,97447;no Bra/ éh::;no bra eh;0,7820699999999761;tem um brega;;[{'text': 'tem', 'timestamp': (0.96, 1.06)}, {'text': 'um', 'timestamp': (1.12, 1.16)}, {'text': 'brega', 'timestamp': (1.18, 1.38)}];1,0;1,0;1,0;1,1111111111111112
./audios/SP_D2_333_585.97447_586.45257.wav;585,97447;586,45257;no Brasil;no brasil;0,4781000000000404;no brasil;;[{'text': 'no', 'timestamp': (1.04, 1.1)}, {'text': 'brasil', 'timestamp': (1.14, 1.4)}];0,0;0,0;0,0;0,0
./audios/SP_D2_333_587.19722_588.73856.wav;587,19722;588,73856;Madame ( );madame;1,541339999999991;madam jandezi;;[{'text': 'madam', 'timestamp': (0.08, 0.38)}, {'text': 'jandezi', 'timestamp': (0.5, 1.2)}];2,0;1,0;1,0;1,1666666666666667
./audios/SP_D2_333_589.07565_589.9751.wav;589,07565;589,9751;o:: marido dela;o marido dela;0,8994500000000016;o mário de delvio;;[{'text': 'o', 'timestamp': (1.08, 1.1)}, {'text': 'mário', 'timestamp': (1.34, 1.54)}, {'text': 'de', 'timestamp': (1.58, 1.62)}, {'text': 'delvio', 'timestamp': (1.68, 2.26)}];1,0;0,75;0,9166666666666666;0,5384615384615384
./audios/SP_D2_333_589.9751_590.49905.wav;589,9751;590,49905;o embaixador;o embaixador;0,5239500000000135;embaixador;;[{'text': 'embaixador', 'timestamp': (1.04, 1.48)}];0,5;0,5;0,5;0,16666666666666666
./audios/SP_D2_333_590.49905_591.34941.wav;590,49905;591,34941;era poeta;era poeta;0,8503600000000233;carapoeta;;[{'text': 'carapoeta', 'timestamp': (0.96, 1.76)}];1,0;1,0;1,0;0,3333333333333333
./audios/SP_D2_333_591.34941_591.8527.wav;591,34941;591,8527;é é;é é;0,5032899999999927;erre;;[{'text': 'erre', 'timestamp': (1.02, 1.32)}];1,0;1,0;1,0;1,3333333333333333
./audios/SP_D2_333_592.25377_593.36109.wav;592,25377;593,36109;era um embaixador poeta;era um embaixador poeta;1,1073199999999588;era o embaixador poe;;[{'text': 'era', 'timestamp': (0.06, 0.26)}, {'text': 'o', 'timestamp': (0.32, 0.34)}, {'text': 'embaixador', 'timestamp': (0.36, 0.76)}, {'text': 'poe', 'timestamp': (0.86, 0.96)}];0,5;0,5;0,75;0,17391304347826086
./audios/SP_D2_333_593.36109_594.62869.wav;593,36109;594,62869;um embaixador intelectual;um embaixador intelectual;1,2676000000000158;o embaixador intelectual;;[{'text': 'o', 'timestamp': (0.02, 0.04)}, {'text': 'embaixador', 'timestamp': (0.2, 0.56)}, {'text': 'intelectual', 'timestamp': (0.66, 1.12)}];0,3333333333333333;0,3333333333333333;0,5555555555555556;0,08
./audios/SP_D2_333_595.60495_596.30338.wav;595,60495;596,30338;e:::;e;0,6984299999999166;e;;[{'text': 'e', 'timestamp': (1.08, 1.12)}];0,0;0,0;0,0;0,0
./audios/SP_D2_333_596.30338_599.48044.wav;596,30338;599,48044;tinha muitos:: livros diversos publicados em francês;tinha muitos livros diversos publicados em francês;3,177060000000097;eu tinha muitos livros diversos publicados em francesco;;[{'text': 'eu', 'timestamp': (0.0, 0.04)}, {'text': 'tinha', 'timestamp': (0.08, 0.22)}, {'text': 'muitos', 'timestamp': (0.28, 0.52)}, {'text': 'livros', 'timestamp': (0.8, 1.04)}, {'text': 'diversos', 'timestamp': (1.12, 1.6)}, {'text': 'publicados', 'timestamp': (1.7, 2.2)}, {'text': 'em', 'timestamp': (2.26, 2.32)}, {'text': 'francesco', 'timestamp': (2.42, 3.12)}];0,2857142857142857;0,25;0,3571428571428572;0,12
./audios/SP_D2_333_599.48044_601.29052.wav;599,48044;601,29052;porque ela era do Canadá francês;porque ela era do canadá francês;1,8100799999999708;porque ela era do canadá francês;;[{'text': 'porque', 'timestamp': (0.04, 0.2)}, {'text': 'ela', 'timestamp': (0.26, 0.32)}, {'text': 'era', 'timestamp': (0.36, 0.44)}, {'text': 'do', 'timestamp': (0.52, 0.58)}, {'text': 'canadá', 'timestamp': (0.66, 0.92)}, {'text': 'francês', 'timestamp': (1.04, 1.6)}];0,0;0,0;0,0;0,0
./audios/SP_D2_333_602.29575_604.27114.wav;602,29575;604,27114;e ela me disse uma coisa muito interessante;e ela me disse uma coisa muito interessante;1,9753899999999476;e ela me disse uma coisa muito interessante;;[{'text': 'e', 'timestamp': (0.02, 0.04)}, {'text': 'ela', 'timestamp': (0.22, 0.34)}, {'text': 'me', 'timestamp': (0.46, 0.5)}, {'text': 'disse', 'timestamp': (0.6, 0.78)}, {'text': 'uma', 'timestamp': (0.82, 0.9)}, {'text': 'coisa', 'timestamp': (0.98, 1.14)}, {'text': 'muito', 'timestamp': (1.22, 1.38)}, {'text': 'interessante', 'timestamp': (1.46, 1.9)}];0,0;0,0;0,0;0,0
./audios/SP_D2_333_604.27114_606.40228.wav;604,27114;606,40228;que se verifica muito nos países novos;que se verifica muito nos países novos;2,131140000000073;que se verifica muitos países novos;;[{'text': 'que', 'timestamp': (0.0, 0.06)}, {'text': 'se', 'timestamp': (0.1, 0.16)}, {'text': 'verifica', 'timestamp': (0.24, 0.68)}, {'text': 'muitos', 'timestamp': (0.78, 1.06)}, {'text': 'países', 'timestamp': (1.18, 1.56)}, {'text': 'novos', 'timestamp': (1.66, 1.92)}];0,2857142857142857;0,2857142857142857;0,40476190476190477;0,07894736842105263
./audios/SP_D2_333_606.52024_607.34278.wav;606,52024;607,34278;enquanto;enquanto;0,8225400000000036;enquanto;;[{'text': 'enquanto', 'timestamp': (1.06, 1.66)}];0,0;0,0;0,0;0,0
./audios/SP_D2_333_608.16662_609.96905.wav;608,16662;609,96905;o inglês ficou::;o inglês ficou;1,8024300000000721;o inglês ficou;;[{'text': 'o', 'timestamp': (0.12, 0.14)}, {'text': 'inglês', 'timestamp': (0.3, 0.74)}, {'text': 'ficou', 'timestamp': (1.04, 1.54)}];0,0;0,0;0,0;0,0
./audios/SP_D2_333_610.27873_611.22561.wav;610,27873;611,22561;o francês;o francês;0,9468799999999646;o francis;;[{'text': 'o', 'timestamp': (1.02, 1.04)}, {'text': 'francis', 'timestamp': (1.14, 1.7)}];0,5;0,5;0,75;0,1111111111111111
./audios/SP_D2_333_611.22561_612.79185.wav;611,22561;612,79185;no caso do Canadá francês;no caso do canadá francês;1,5662399999999934;no caso do canadá francisco;;[{'text': 'no', 'timestamp': (0.06, 0.12)}, {'text': 'caso', 'timestamp': (0.2, 0.42)}, {'text': 'do', 'timestamp': (0.52, 0.58)}, {'text': 'canadá', 'timestamp': (0.76, 1.02)}, {'text': 'francisco', 'timestamp': (1.1, 1.48)}];0,2;0,2;0,3599999999999999;0,12
./audios/SP_D2_333_612.79185_613.38932.wav;612,79185;613,38932;o francês;o francês;0,5974700000000439;francis;;[{'text': 'francis', 'timestamp': (1.08, 1.48)}];1,0;1,0;1,0;0,3333333333333333
./audios/SP_D2_333_614.07479_614.20737.wav;614,07479;614,20737;éh;eh;0,13257999999996173;e;;[{'text': 'e', 'timestamp': (1.04, 1.06)}];1,0;1,0;1,0;0,5
./audios/SP_D2_333_614.20737_614.86684.wav;614,20737;614,86684;foi;foi;0,6594700000000557;foi;;[{'text': 'foi', 'timestamp': (1.18, 1.38)}];0,0;0,0;0,0;0,0
./audios/SP_D2_333_615.14954_615.56579.wav;615,14954;615,56579;éh;eh;0,4162499999999909;é;;[{'text': 'é', 'timestamp': (1.04, 1.06)}];1,0;1,0;1,0;1,0
./audios/SP_D2_333_616.24227_617.53708.wav;616,24227;617,53708;se crian::do;se criando;1,294809999999984;se criando;;[{'text': 'se', 'timestamp': (0.32, 0.38)}, {'text': 'criando', 'timestamp': (0.52, 1.18)}];0,0;0,0;0,0;0,0
./audios/SP_D2_333_617.69191_618.69959.wav;617,69191;618,69959;diariamente;diariamente;1,0076799999999366;diariamente;;[{'text': 'diariamente', 'timestamp': (0.0, 0.9)}];0,0;0,0;0,0;0,0
./audios/SP_D2_333_618.69959_620.0502.wav;618,69959;620,0502;se acrescentando;se acrescentando;1,3506100000000743;este acrescentando;;[{'text': 'este', 'timestamp': (0.0, 0.18)}, {'text': 'acrescentando', 'timestamp': (0.26, 1.2)}];0,5;0,5;0,75;0,125
./audios/SP_D2_333_620.73679_622.17708.wav;620,73679;622,17708;na:: na França;na na frança;1,4402900000000045;na na frança;;[{'text': 'na', 'timestamp': (0.06, 0.12)}, {'text': 'na', 'timestamp': (0.6, 0.66)}, {'text': 'frança', 'timestamp': (0.78, 1.22)}];0,0;0,0;0,0;0,0
./audios/SP_D2_333_622.17708_624.78537.wav;622,17708;624,78537;enquanto a língua francesa foi se acrescentando;enquanto a língua francesa foi se acrescentando;2,608289999999897;em quanto a língua francesa foi se acrescentando;;[{'text': 'em', 'timestamp': (0.1, 0.16)}, {'text': 'quanto', 'timestamp': (0.2, 0.38)}, {'text': 'a', 'timestamp': (0.42, 0.46)}, {'text': 'língua', 'timestamp': (0.54, 0.76)}, {'text': 'francesa', 'timestamp': (0.84, 1.34)}, {'text': 'foi', 'timestamp': (1.44, 1.54)}, {'text': 'se', 'timestamp': (1.62, 1.68)}, {'text': 'acrescentando', 'timestamp': (1.72, 2.5)}];0,2857142857142857;0,25;0,3571428571428572;0,0425531914893617
./audios/SP_D2_333_625.08921_627.07005.wav;625,08921;627,07005;foi-se amoldando aos tempos;foise amoldando aos tempos;1,9808400000000574;foi se amoldando aos tempos;;[{'text': 'foi', 'timestamp': (0.06, 0.16)}, {'text': 'se', 'timestamp': (0.24, 0.3)}, {'text': 'amoldando', 'timestamp': (0.36, 1.0)}, {'text': 'aos', 'timestamp': (1.1, 1.22)}, {'text': 'tempos', 'timestamp': (1.4, 1.86)}];0,5;0,4;0,55;0,038461538461538464
./audios/SP_D2_333_627.83342_629.85565.wav;627,83342;629,85565;no Canadá francês;no canadá francês;2,0222299999999223;no canadá francês;;[{'text': 'no', 'timestamp': (0.12, 0.22)}, {'text': 'canadá', 'timestamp': (0.48, 0.9)}, {'text': 'francês', 'timestamp': (1.14, 1.72)}];0,0;0,0;0,0;0,0
./audios/SP_D2_333_630.50993_631.62356.wav;630,50993;631,62356;ouve-se dos;ouvese dos;1,1136299999999437;ovicidos;;[{'text': 'ovicidos', 'timestamp': (0.08, 0.92)}];1,0;1,0;1,0;0,5
./audios/SP_D2_333_631.99874_633.85367.wav;631,99874;633,85367;camponeses franceses;camponeses franceses;1,8549299999999675;camponeses franceses;;[{'text': 'camponeses', 'timestamp': (0.08, 0.8)}, {'text': 'franceses', 'timestamp': (0.88, 1.56)}];0,0;0,0;0,0;0,0
./audios/SP_D2_333_633.85367_634.76709.wav;633,85367;634,76709;expressões;expressões;0,9134200000000874;expressões;;[{'text': 'expressões', 'timestamp': (1.1, 1.76)}];0,0;0,0;0,0;0,0
./audios/SP_D2_333_635.24338_636.03693.wav;635,24338;636,03693;de Rebelais;de rebelais;0,793549999999982;de habillé;;[{'text': 'de', 'timestamp': (1.02, 1.08)}, {'text': 'habillé', 'timestamp': (1.14, 1.46)}];0,5;0,5;0,75;0,5454545454545454
./audios/SP_D2_333_637.08223_639.40697.wav;637,08223;639,40697;expressões de um francês clássico;expressões de um francês clássico;2,32474000000002;expressões de um francês clássico;;[{'text': 'expressões', 'timestamp': (0.04, 0.6)}, {'text': 'de', 'timestamp': (0.66, 0.7)}, {'text': 'um', 'timestamp': (0.74, 0.78)}, {'text': 'francês', 'timestamp': (0.84, 1.28)}, {'text': 'clássico', 'timestamp': (1.44, 2.06)}];0,0;0,0;0,0;0,0
./audios/SP_D2_333_640.16071_641.50403.wav;640,16071;641,50403;então é muito engraçado;então é muito engraçado;1,3433199999999488;então é muito engraçado;;[{'text': 'então', 'timestamp': (0.1, 0.24)}, {'text': 'é', 'timestamp': (0.32, 0.34)}, {'text': 'muito', 'timestamp': (0.4, 0.52)}, {'text': 'engraçado', 'timestamp': (0.6, 1.26)}];0,0;0,0;0,0;0,0
./audios/SP_D2_333_641.50403_642.85925.wav;641,50403;642,85925;porque o imigrante;porque o imigrante;1,3552200000000312;porque o imigrante;;[{'text': 'porque', 'timestamp': (0.08, 0.24)}, {'text': 'o', 'timestamp': (0.28, 0.3)}, {'text': 'imigrante', 'timestamp': (0.38, 1.08)}];0,0;0,0;0,0;0,0
./audios/SP_D2_333_643.16648_643.98728.wav;643,16648;643,98728;preservou;preservou;0,8208000000000766;preservou;;[{'text': 'preservou', 'timestamp': (1.04, 1.76)}];0,0;0,0;0,0;0,0
./audios/SP_D2_333_644.19596_646.19488.wav;644,19596;646,19488;a linguagem do seu país;a linguagem do seu país;1,9989199999999983;a linguagem do seu país;;[{'text': 'a', 'timestamp': (0.08, 0.1)}, {'text': 'linguagem', 'timestamp': (0.2, 0.86)}, {'text': 'do', 'timestamp': (1.1, 1.16)}, {'text': 'seu', 'timestamp': (1.28, 1.38)}, {'text': 'país', 'timestamp': (1.5, 1.8)}];0,0;0,0;0,0;0,0
./audios/SP_D2_333_646.40793_648.19643.wav;646,40793;648,19643;no momento em que ele imigrou;no momento em que ele imigrou;1,788499999999999;no momento em que ele imigrou;;[{'text': 'no', 'timestamp': (0.06, 0.14)}, {'text': 'momento', 'timestamp': (0.22, 0.62)}, {'text': 'em', 'timestamp': (0.72, 0.78)}, {'text': 'que', 'timestamp': (0.86, 0.94)}, {'text': 'ele', 'timestamp': (0.98, 1.08)}, {'text': 'imigrou', 'timestamp': (1.14, 1.54)}];0,0;0,0;0,0;0,0
./audios/SP_D2_333_648.34973_653.02217.wav;648,34973;653,02217;e guardou esta linguagem para seus filhos para sua descendência;e guardou esta linguagem para seus filhos para sua descendência;4,672439999999938;e guardou esta linguagem para seus filhos para a sua descendência;;[{'text': 'e', 'timestamp': (0.04, 0.06)}, {'text': 'guardou', 'timestamp': (0.18, 0.82)}, {'text': 'esta', 'timestamp': (1.04, 1.3)}, {'text': 'linguagem', 'timestamp': (1.42, 2.14)}, {'text': 'para', 'timestamp': (2.28, 2.4)}, {'text': 'seus', 'timestamp': (2.52, 2.7)}, {'text': 'filhos', 'timestamp': (2.86, 3.2)}, {'text': 'para', 'timestamp': (3.3, 3.42)}, {'text': 'a', 'timestamp': (3.44, 3.48)}, {'text': 'sua', 'timestamp': (3.52, 3.62)}, {'text': 'descendência', 'timestamp': (3.68, 4.48)}];0,1;0,09090909090909091;0,09090909090909094;0,031746031746031744
./audios/SP_D2_333_653.43393_654.4481.wav;653,43393;654,4481;como um patrimônio;como um patrimônio;1,0141699999999219;como um patrimônio;;[{'text': 'como', 'timestamp': (0.04, 0.2)}, {'text': 'um', 'timestamp': (0.26, 0.3)}, {'text': 'patrimônio', 'timestamp': (0.38, 0.96)}];0,0;0,0;0,0;0,0
./audios/SP_D2_333_654.4481_657.13016.wav;654,4481;657,13016;como se fosse realmente um reTRAto da sua Pátria;como se fosse realmente um retrato da sua pátria;2,6820600000000923;como se fosse realmente o retrato da sua pátria;;[{'text': 'como', 'timestamp': (0.08, 0.18)}, {'text': 'se', 'timestamp': (0.28, 0.34)}, {'text': 'fosse', 'timestamp': (0.44, 0.64)}, {'text': 'realmente', 'timestamp': (0.76, 1.14)}, {'text': 'o', 'timestamp': (1.22, 1.26)}, {'text': 'retrato', 'timestamp': (1.32, 1.76)}, {'text': 'da', 'timestamp': (1.84, 1.9)}, {'text': 'sua', 'timestamp': (1.98, 2.1)}, {'text': 'pátria', 'timestamp': (2.24, 2.64)}];0,1111111111111111;0,1111111111111111;0,2098765432098766;0,041666666666666664
./audios/SP_D2_333_657.67388_661.17091.wav;657,67388;661,17091;então essa linguagem vai evoluindo no seu país de origem;então essa linguagem vai evoluindo no seu país de origem;3,497029999999995;então essa linguagem vai evoluindo no seu país de origem;;[{'text': 'então', 'timestamp': (0.08, 0.26)}, {'text': 'essa', 'timestamp': (0.34, 0.52)}, {'text': 'linguagem', 'timestamp': (0.62, 1.18)}, {'text': 'vai', 'timestamp': (1.3, 1.44)}, {'text': 'evoluindo', 'timestamp': (1.56, 2.14)}, {'text': 'no', 'timestamp': (2.26, 2.32)}, {'text': 'seu', 'timestamp': (2.42, 2.52)}, {'text': 'país', 'timestamp': (2.62, 2.84)}, {'text': 'de', 'timestamp': (2.9, 2.96)}, {'text': 'origem', 'timestamp': (3.02, 3.42)}];0,0;0,0;0,0;0,0
./audios/SP_D2_333_661.60793_662.24494.wav;661,60793;662,24494;e no país;e no país;0,637010000000032;e no país;;[{'text': 'e', 'timestamp': (1.02, 1.04)}, {'text': 'no', 'timestamp': (1.08, 1.18)}, {'text': 'país', 'timestamp': (1.26, 1.52)}];0,0;0,0;0,0;0,0
./audios/SP_D2_333_662.45475_664.5115.wav;662,45475;664,5115;jovem para o qual ela foi transposta;jovem para o qual ela foi transposta;2,0567499999999654;jovem para o qual ela foi transposta;;[{'text': 'jovem', 'timestamp': (0.14, 0.4)}, {'text': 'para', 'timestamp': (0.48, 0.58)}, {'text': 'o', 'timestamp': (0.6, 0.62)}, {'text': 'qual', 'timestamp': (0.68, 0.8)}, {'text': 'ela', 'timestamp': (0.86, 0.94)}, {'text': 'foi', 'timestamp': (1.06, 1.16)}, {'text': 'transposta', 'timestamp': (1.24, 1.96)}];0,0;0,0;0,0;0,0
./audios/SP_D2_333_664.5115_666.23083.wav;664,5115;666,23083;ela fica mais ou menos estagnada;ela fica mais ou menos estagnada;1,7193300000000136;ela fica mais ou menos estagnada;;[{'text': 'ela', 'timestamp': (0.06, 0.18)}, {'text': 'fica', 'timestamp': (0.28, 0.44)}, {'text': 'mais', 'timestamp': (0.5, 0.6)}, {'text': 'ou', 'timestamp': (0.64, 0.68)}, {'text': 'menos', 'timestamp': (0.7, 0.82)}, {'text': 'estagnada', 'timestamp': (0.9, 1.56)}];0,0;0,0;0,0;0,0
./audios/SP_D2_333_667.04278_669.2316.wav;667,04278;669,2316;que é o caso dessa área;que é o caso dessa área;2,1888199999999642;que é o caso dessa área;;[{'text': 'que', 'timestamp': (0.02, 0.12)}, {'text': 'é', 'timestamp': (0.14, 0.16)}, {'text': 'o', 'timestamp': (0.22, 0.26)}, {'text': 'caso', 'timestamp': (0.44, 0.86)}, {'text': 'dessa', 'timestamp': (1.04, 1.36)}, {'text': 'área', 'timestamp': (1.58, 2.0)}];0,0;0,0;0,0;0,0
./audios/SP_D2_333_669.46122_671.09515.wav;669,46122;671,09515;francesa do Canadá;francesa do canadá;1,633929999999964;francesa do canadá;;[{'text': 'francesa', 'timestamp': (0.08, 0.8)}, {'text': 'do', 'timestamp': (0.9, 0.94)}, {'text': 'canadá', 'timestamp': (1.06, 1.46)}];0,0;0,0;0,0;0,0
./audios/SP_D2_333_671.69075_673.32139.wav;671,69075;673,32139;eu achei isso muito curioso;eu achei isso muito curioso;1,6306399999999712;eu achei isso muito curioso;;[{'text': 'eu', 'timestamp': (0.08, 0.12)}, {'text': 'achei', 'timestamp': (0.18, 0.4)}, {'text': 'isso', 'timestamp': (0.46, 0.6)}, {'text': 'muito', 'timestamp': (0.7, 0.86)}, {'text': 'curioso', 'timestamp': (0.96, 1.46)}];0,0;0,0;0,0;0,0
./audios/SP_D2_333_673.70656_677.26195.wav;673,70656;677,26195;porque me disseram também que em vários lugares do sertão;porque me disseram também que em vários lugares do sertão;3,5553899999999885;porque me disseram também que em vários lugares do sertão;;[{'text': 'porque', 'timestamp': (0.1, 0.28)}, {'text': 'me', 'timestamp': (0.36, 0.4)}, {'text': 'disseram', 'timestamp': (0.46, 0.86)}, {'text': 'também', 'timestamp': (0.94, 1.24)}, {'text': 'que', 'timestamp': (1.32, 1.38)}, {'text': 'em', 'timestamp': (1.46, 1.52)}, {'text': 'vários', 'timestamp': (1.62, 1.9)}, {'text': 'lugares', 'timestamp': (1.98, 2.46)}, {'text': 'do', 'timestamp': (2.56, 2.6)}, {'text': 'sertão', 'timestamp': (2.72, 3.26)}];0,0;0,0;0,0;0,0
./audios/SP_D2_333_677.94697_678.807.wav;677,94697;678,807;nosso;nosso;0,8600300000000516;nossa;;[{'text': 'nossa', 'timestamp': (1.2, 1.68)}];1,0;1,0;1,0;0,2
./audios/SP_D2_333_678.807_679.38103.wav;678,807;679,38103;se ou/;se ou;0,5740299999999934;o sebo;;[{'text': 'o', 'timestamp': (1.04, 1.06)}, {'text': 'sebo', 'timestamp': (1.18, 1.44)}];1,0;1,0;1,0;0,8
./audios/SP_D2_333_679.38103_680.6544.wav;679,38103;680,6544;se ouve ainda;se ouve ainda;1,27337;se ouve ainda;;[{'text': 'se', 'timestamp': (0.14, 0.18)}, {'text': 'ouve', 'timestamp': (0.32, 0.56)}, {'text': 'ainda', 'timestamp': (0.68, 1.12)}];0,0;0,0;0,0;0,0
./audios/SP_D2_333_681.06105_681.68131.wav;681,06105;681,68131;éh::;eh;0,6202600000000302;era;;[{'text': 'era', 'timestamp': (1.18, 1.54)}];1,0;1,0;1,0;1,0
./audios/SP_D2_333_681.68131_682.69228.wav;681,68131;682,69228;vocábulos;vocábulos;1,0109699999999293;vocábulos;;[{'text': 'vocábulos', 'timestamp': (0.08, 0.78)}];0,0;0,0;0,0;0,0
./audios/SP_D2_333_683.12193_683.51697.wav;683,12193;683,51697;hã;ah;0,3950399999999945;e;;[{'text': 'e', 'timestamp': (1.08, 1.1)}];1,0;1,0;1,0;1,0
./audios/SP_D2_333_683.51697_684.73668.wav;683,51697;684,73668;mais hã clássicos;mais ah clássicos;1,2197099999999637;mas o o clássico;;[{'text': 'mas', 'timestamp': (0.08, 0.22)}, {'text': 'o', 'timestamp': (0.3, 0.32)}, {'text': 'o', 'timestamp': (0.46, 0.48)}, {'text': 'clássico', 'timestamp': (0.64, 1.12)}];1,3333333333333333;1,0;1,0;0,29411764705882354
./audios/SP_D2_333_684.73668_686.63212.wav;684,73668;686,63212;já em completamente em desuso;já em completamente em desuso;1,8954400000000078;já é completamente em desuso;;[{'text': 'já', 'timestamp': (0.2, 0.26)}, {'text': 'é', 'timestamp': (0.32, 0.34)}, {'text': 'completamente', 'timestamp': (0.48, 0.9)}, {'text': 'em', 'timestamp': (1.0, 1.04)}, {'text': 'desuso', 'timestamp': (1.08, 1.68)}];0,2;0,2;0,3599999999999999;0,06896551724137931
./audios/SP_D2_333_687.87809_688.09213.wav;687,87809;688,09213;[não é?;não é;0,2140399999999545;baile;;[{'text': 'baile', 'timestamp': (0.98, 1.36)}];1,0;1,0;1,0;1,0
./audios/SP_D2_333_699.90107_700.29724.wav;699,90107;700,29724;é::;é;0,3961699999999837;terá;;[{'text': 'terá', 'timestamp': (1.0, 1.2)}];1,0;1,0;1,0;4,0
./audios/SP_D2_333_701.12234_701.79942.wav;701,12234;701,79942;[tem muita coisa;tem muita coisa;0,6770800000000463;muita coisa que;;[{'text': 'muita', 'timestamp': (1.2, 1.34)}, {'text': 'coisa', 'timestamp': (1.42, 1.58)}, {'text': 'que', 'timestamp': (1.66, 1.76)}];0,6666666666666666;0,5;0,5555555555555556;0,5333333333333333
./audios/SP_D2_333_702.07646_704.41614.wav;702,07646;704,41614;de mistura com a linGUA::gem do caboclo;de mistura com a linguagem do caboclo;2,339680000000044;de mistura com a linguagem do caboclo;;[{'text': 'de', 'timestamp': (0.06, 0.1)}, {'text': 'mistura', 'timestamp': (0.18, 0.54)}, {'text': 'com', 'timestamp': (0.62, 0.7)}, {'text': 'a', 'timestamp': (0.76, 0.78)}, {'text': 'linguagem', 'timestamp': (0.86, 1.58)}, {'text': 'do', 'timestamp': (1.68, 1.74)}, {'text': 'caboclo', 'timestamp': (1.82, 2.26)}];0,0;0,0;0,0;0,0
./audios/SP_D2_333_704.41614_705.60823.wav;704,41614;705,60823;que aliás é uma linguagem;que aliás é uma linguagem;1,1920900000000074;que aliás é uma linguagem;;[{'text': 'que', 'timestamp': (0.04, 0.1)}, {'text': 'aliás', 'timestamp': (0.12, 0.3)}, {'text': 'é', 'timestamp': (0.4, 0.42)}, {'text': 'uma', 'timestamp': (0.44, 0.52)}, {'text': 'linguagem', 'timestamp': (0.66, 1.12)}];0,0;0,0;0,0;0,0
./audios/SP_D2_333_705.86674_707.87956.wav;705,86674;707,87956;[originalíssima e inteligente;originalíssima e inteligente;2,0128199999999197;original e o e o emprego do rosa;;[{'text': 'original', 'timestamp': (0.08, 0.4)}, {'text': 'e', 'timestamp': (0.52, 0.54)}, {'text': 'o', 'timestamp': (0.64, 0.66)}, {'text': 'e', 'timestamp': (0.96, 0.98)}, {'text': 'o', 'timestamp': (1.06, 1.08)}, {'text': 'emprego', 'timestamp': (1.12, 1.46)}, {'text': 'do', 'timestamp': (1.52, 1.58)}, {'text': 'rosa', 'timestamp': (1.66, 1.96)}];2,3333333333333335;0,875;0,9583333333333334;0,75
./audios/SP_D2_333_708.27744_708.54109.wav;708,27744;708,54109;é;é;0,26365000000009786;é;;[{'text': 'é', 'timestamp': (1.06, 1.08)}];0,0;0,0;0,0;0,0
./audios/SP_D2_333_708.54109_709.60521.wav;708,54109;709,60521;[emprego do vós;emprego do vós;1,0641200000000026;inclui o emprego do nosso;;[{'text': 'inclui', 'timestamp': (0.08, 0.34)}, {'text': 'o', 'timestamp': (0.36, 0.38)}, {'text': 'emprego', 'timestamp': (0.4, 0.66)}, {'text': 'do', 'timestamp': (0.7, 0.76)}, {'text': 'nosso', 'timestamp': (0.82, 1.0)}];1,0;0,6;0,7333333333333334;0,9285714285714286
./audios/SP_D2_333_709.95031_710.25447.wav;709,95031;710,25447;é;é;0,3041600000000244;se;;[{'text': 'se', 'timestamp': (0.9, 1.04)}];1,0;1,0;1,0;2,0
./audios/SP_D2_333_726.64008_727.2.wav;726,64008;727,2;[comei?;comei;0,5599200000000337;comê-lo;;[{'text': 'comê-lo', 'timestamp': (1.02, 1.5)}];1,0;1,0;1,0;0,8
./audios/SP_D2_333_736.49824_737.11244.wav;736,49824;737,11244;não e [num;não e num;0,6141999999999825;eu i no mit;;[{'text': 'eu', 'timestamp': (1.06, 1.14)}, {'text': 'i', 'timestamp': (1.22, 1.24)}, {'text': 'no', 'timestamp': (1.32, 1.38)}, {'text': 'mit', 'timestamp': (1.48, 1.7)}];1,3333333333333333;1,0;1,0;0,8888888888888888
./audios/SP_D2_333_737.7313_739.67451.wav;737,7313;739,67451;é engraçado e no meio [assim do POvo;é engraçado e no meio assim do povo;1,9432100000000219;é engraçado que no meio precisando o vaso;;[{'text': 'é', 'timestamp': (0.04, 0.06)}, {'text': 'engraçado', 'timestamp': (0.16, 0.56)}, {'text': 'que', 'timestamp': (0.6, 0.68)}, {'text': 'no', 'timestamp': (0.7, 0.76)}, {'text': 'meio', 'timestamp': (0.84, 1.0)}, {'text': 'precisando', 'timestamp': (1.04, 1.34)}, {'text': 'o', 'timestamp': (1.38, 1.4)}, {'text': 'vaso', 'timestamp': (1.48, 1.86)}];0,5;0,5;0,75;0,37142857142857144
./audios/SP_D2_333_740.00412_740.65096.wav;740,00412;740,65096;em São Paulo;em são paulo;0,6468400000001111;em são paulo;;[{'text': 'em', 'timestamp': (1.08, 1.16)}, {'text': 'são', 'timestamp': (1.26, 1.38)}, {'text': 'paulo', 'timestamp': (1.5, 1.7)}];0,0;0,0;0,0;0,0
./audios/SP_D2_333_740.65096_741.43485.wav;740,65096;741,43485;eu me lembro quando eu era;eu me lembro quando eu era;0,7838899999999285;não me lembro quando eu era;;[{'text': 'não', 'timestamp': (0.9, 1.1)}, {'text': 'me', 'timestamp': (1.14, 1.18)}, {'text': 'lembro', 'timestamp': (1.22, 1.36)}, {'text': 'quando', 'timestamp': (1.4, 1.54)}, {'text': 'eu', 'timestamp': (1.56, 1.6)}, {'text': 'era', 'timestamp': (1.64, 1.74)}];0,16666666666666666;0,16666666666666666;0,30555555555555547;0,11538461538461539
./audios/SP_D2_333_741.54863_742.38522.wav;741,54863;742,38522;moci::nha;mocinha;0,836590000000001;mocinha;;[{'text': 'mocinha', 'timestamp': (1.08, 1.7)}];0,0;0,0;0,0;0,0
./audios/SP_D2_333_742.38522_743.63848.wav;742,38522;743,63848;eu tive uma empreGAda;eu tive uma empregada;1,2532599999999547;eu tive uma empregada;;[{'text': 'eu', 'timestamp': (0.02, 0.08)}, {'text': 'tive', 'timestamp': (0.16, 0.32)}, {'text': 'uma', 'timestamp': (0.38, 0.46)}, {'text': 'empregada', 'timestamp': (0.5, 1.16)}];0,0;0,0;0,0;0,0
./audios/SP_D2_333_744.41656_744.58904.wav;744,41656;744,58904;éh;eh;0,17247999999995045;em;;[{'text': 'em', 'timestamp': (1.06, 1.12)}];1,0;1,0;1,0;0,5
./audios/SP_D2_333_744.58904_746.57463.wav;744,58904;746,57463;que ela atendia o telefone e dizia;que ela atendia o telefone e dizia;1,985590000000002;que ela atende o telefone e dizia;;[{'text': 'que', 'timestamp': (0.0, 0.08)}, {'text': 'ela', 'timestamp': (0.12, 0.18)}, {'text': 'atende', 'timestamp': (0.26, 0.46)}, {'text': 'o', 'timestamp': (0.56, 0.6)}, {'text': 'telefone', 'timestamp': (0.64, 1.18)}, {'text': 'e', 'timestamp': (1.24, 1.3)}, {'text': 'dizia', 'timestamp': (1.34, 1.74)}];0,14285714285714285;0,14285714285714285;0,26530612244897966;0,058823529411764705
./audios/SP_D2_333_747.08488_748.484.wav;747,08488;748,484;''aqui é a casa de madame Helena'';aqui é a casa de madame helena;1,399120000000039;aqui a casa de matemale;;[{'text': 'aqui', 'timestamp': (0.06, 0.2)}, {'text': 'a', 'timestamp': (0.28, 0.3)}, {'text': 'casa', 'timestamp': (0.34, 0.48)}, {'text': 'de', 'timestamp': (0.52, 0.58)}, {'text': 'matemale', 'timestamp': (0.62, 1.1)}];0,42857142857142855;0,42857142857142855;0,5428571428571429;0,3333333333333333
./audios/SP_D2_333_749.42181_749.92919.wav;749,42181;749,92919;aí;aí;0,5073799999998982;o;;[{'text': 'o', 'timestamp': (1.16, 1.18)}];1,0;1,0;1,0;1,0
./audios/SP_D2_333_750.44_752.79927.wav;750,44;752,79927;eu fiz ver que não se dizia assim;eu fiz ver que não se dizia assim;2,359269999999924;eu fiz ver que não se dizia assim;;[{'text': 'eu', 'timestamp': (0.12, 0.2)}, {'text': 'fiz', 'timestamp': (0.32, 0.56)}, {'text': 'ver', 'timestamp': (0.74, 0.92)}, {'text': 'que', 'timestamp': (1.08, 1.16)}, {'text': 'não', 'timestamp': (1.26, 1.34)}, {'text': 'se', 'timestamp': (1.44, 1.5)}, {'text': 'dizia', 'timestamp': (1.58, 1.92)}, {'text': 'assim', 'timestamp': (1.96, 2.24)}];0,0;0,0;0,0;0,0
./audios/SP_D2_333_752.79927_754.56667.wav;752,79927;754,56667;que não que eu que eu não era madame Helena;que não que eu que eu não era madame helena;1,767400000000066;que nunca não era ma demilha na;;[{'text': 'que', 'timestamp': (0.0, 0.1)}, {'text': 'nunca', 'timestamp': (0.2, 0.62)}, {'text': 'não', 'timestamp': (0.7, 0.76)}, {'text': 'era', 'timestamp': (0.82, 0.94)}, {'text': 'ma', 'timestamp': (1.02, 1.08)}, {'text': 'demilha', 'timestamp': (1.14, 1.58)}, {'text': 'na', 'timestamp': (1.62, 1.66)}];0,8;0,7272727272727273;0,8714285714285714;0,5116279069767442
./audios/SP_D2_333_754.56667_754.96677.wav;754,56667;754,96677;e::;e;0,40009999999995216;e;;[{'text': 'e', 'timestamp': (1.32, 1.36)}];0,0;0,0;0,0;0,0
./audios/SP_D2_333_754.96677_755.4806.wav;754,96677;755,4806;expliquei;expliquei;0,5138299999999845;explique;;[{'text': 'explique', 'timestamp': (1.02, 1.4)}];1,0;1,0;1,0;0,1111111111111111
./audios/SP_D2_333_755.4806_756.47793.wav;755,4806;756,47793;eu diSSE;eu disse;0,9973300000000336;eu disse;;[{'text': 'eu', 'timestamp': (1.08, 1.12)}, {'text': 'disse', 'timestamp': (1.24, 1.62)}];0,0;0,0;0,0;0,0
./audios/SP_D2_333_757.37413_757.91493.wav;757,37413;757,91493;''olha fulana;olha fulana;0,5407999999999902;palha plana;;[{'text': 'palha', 'timestamp': (1.0, 1.16)}, {'text': 'plana', 'timestamp': (1.22, 1.46)}];1,0;1,0;1,0;0,36363636363636365
./audios/SP_D2_333_757.91493_758.44907.wav;757,91493;758,44907;você não::;você não;0,5341399999999794;você não ou;;[{'text': 'você', 'timestamp': (1.02, 1.16)}, {'text': 'não', 'timestamp': (1.24, 1.3)}, {'text': 'ou', 'timestamp': (1.38, 1.46)}];0,5;0,3333333333333333;0,33333333333333337;0,375
./audios/SP_D2_333_758.44907_759.82343.wav;758,44907;759,82343;não me chama de madame Helena;não me chama de madame helena;1,3743600000000242;não me chame de madame helena;;[{'text': 'não', 'timestamp': (0.04, 0.1)}, {'text': 'me', 'timestamp': (0.14, 0.2)}, {'text': 'chame', 'timestamp': (0.26, 0.42)}, {'text': 'de', 'timestamp': (0.46, 0.5)}, {'text': 'madame', 'timestamp': (0.54, 0.78)}, {'text': 'helena', 'timestamp': (0.86, 1.16)}];0,16666666666666666;0,16666666666666666;0,30555555555555547;0,034482758620689655
./audios/SP_D2_333_760.05477_762.0697.wav;760,05477;762,0697;porque maDAme aqui no Brasil;porque madame aqui no brasil;2,0149300000000494;porque madame aqui no brasil;;[{'text': 'porque', 'timestamp': (0.02, 0.2)}, {'text': 'madame', 'timestamp': (0.36, 1.04)}, {'text': 'aqui', 'timestamp': (1.14, 1.28)}, {'text': 'no', 'timestamp': (1.36, 1.4)}, {'text': 'brasil', 'timestamp': (1.46, 1.84)}];0,0;0,0;0,0;0,0
./audios/SP_D2_333_762.52603_765.91037.wav;762,52603;765,91037;é mais ou menos empregado no caso casa de madame;é mais ou menos empregado no caso casa de madame;3,384339999999952;é mais ou menos empregado num caso cansa de made;;[{'text': 'é', 'timestamp': (0.06, 0.08)}, {'text': 'mais', 'timestamp': (0.22, 0.4)}, {'text': 'ou', 'timestamp': (0.48, 0.54)}, {'text': 'menos', 'timestamp': (0.62, 0.86)}, {'text': 'empregado', 'timestamp': (0.96, 1.54)}, {'text': 'num', 'timestamp': (1.68, 1.74)}, {'text': 'caso', 'timestamp': (1.88, 2.2)}, {'text': 'cansa', 'timestamp': (2.4, 2.74)}, {'text': 'de', 'timestamp': (2.84, 2.88)}, {'text': 'made', 'timestamp': (2.94, 3.18)}];0,3;0,3;0,51;0,10416666666666667
./audios/SP_D2_333_766.26255_768.18076.wav;766,26255;768,18076;como se fosse uma casa de uma coleteira;como se fosse uma casa de uma coleteira;1,918209999999931;como se fosse uma casa de uma coleteira;;[{'text': 'como', 'timestamp': (0.08, 0.22)}, {'text': 'se', 'timestamp': (0.34, 0.38)}, {'text': 'fosse', 'timestamp': (0.46, 0.64)}, {'text': 'uma', 'timestamp': (0.68, 0.76)}, {'text': 'casa', 'timestamp': (0.88, 1.04)}, {'text': 'de', 'timestamp': (1.1, 1.14)}, {'text': 'uma', 'timestamp': (1.16, 1.24)}, {'text': 'coleteira', 'timestamp': (1.34, 1.88)}];0,0;0,0;0,0;0,0
./audios/SP_D2_333_768.18076_770.68002.wav;768,18076;770,68002;--não tenho nada contra a a classe das coleteiras;não tenho nada contra a a classe das coleteiras;2,4992600000000493;eu não tenho nada contra a classe das coleteiras;;[{'text': 'eu', 'timestamp': (0.0, 0.06)}, {'text': 'não', 'timestamp': (0.08, 0.16)}, {'text': 'tenho', 'timestamp': (0.2, 0.32)}, {'text': 'nada', 'timestamp': (0.4, 0.58)}, {'text': 'contra', 'timestamp': (0.72, 0.98)}, {'text': 'a', 'timestamp': (1.34, 1.36)}, {'text': 'classe', 'timestamp': (1.44, 1.68)}, {'text': 'das', 'timestamp': (1.76, 1.86)}, {'text': 'coleteiras', 'timestamp': (1.94, 2.42)}];0,2222222222222222;0,2;0,2098765432098766;0,10638297872340426
./audios/SP_D2_333_770.68002_771.31096.wav;770,68002;771,31096;prezo muito;prezo muito;0,6309400000000096;prezo muito;;[{'text': 'prezo', 'timestamp': (1.06, 1.3)}, {'text': 'muito', 'timestamp': (1.38, 1.54)}];0,0;0,0;0,0;0,0
./audios/SP_D2_333_771.56_772.07808.wav;771,56;772,07808;mas enfim--;mas enfim;0,5180800000000545;nazif;;[{'text': 'nazif', 'timestamp': (1.06, 1.34)}];1,0;1,0;1,0;0,7777777777777778
./audios/SP_D2_333_772.07808_773.68972.wav;772,07808;773,68972;na (como se) fosse uma coleteira;na como se fosse uma coleteira;1,6116399999999658;fosse uma coleteira;;[{'text': 'fosse', 'timestamp': (0.56, 0.7)}, {'text': 'uma', 'timestamp': (0.76, 0.84)}, {'text': 'coleteira', 'timestamp': (0.92, 1.52)}];0,5;0,5;0,5;0,36666666666666664
./audios/SP_D2_333_774.88041_775.93654.wav;774,88041;775,93654;uma cabeleireira;uma cabeleireira;1,0561300000000529;uma cabeleireira;;[{'text': 'uma', 'timestamp': (0.06, 0.12)}, {'text': 'cabeleireira', 'timestamp': (0.18, 0.88)}];0,0;0,0;0,0;0,0
./audios/SP_D2_333_776.75744_777.68534.wav;776,75744;777,68534;que não é o caso;que não é o caso;0,9279000000000224;que não é o caso;;[{'text': 'que', 'timestamp': (1.06, 1.14)}, {'text': 'não', 'timestamp': (1.18, 1.24)}, {'text': 'é', 'timestamp': (1.28, 1.3)}, {'text': 'o', 'timestamp': (1.38, 1.4)}, {'text': 'caso', 'timestamp': (1.54, 1.88)}];0,0;0,0;0,0;0,0
./audios/SP_D2_333_777.92537_778.4026.wav;777,92537;778,4026;de uma::;de uma;0,4772299999999632;tomara;;[{'text': 'tomara', 'timestamp': (1.04, 1.36)}];1,0;1,0;1,0;0,8333333333333334
./audios/SP_D2_333_778.4026_779.56632.wav;778,4026;779,56632;residência particular;residência particular;1,163720000000012;residência particular;;[{'text': 'residência', 'timestamp': (0.14, 0.54)}, {'text': 'particular', 'timestamp': (0.62, 1.04)}];0,0;0,0;0,0;0,0
./audios/SP_D2_333_779.56632_780.36997.wav;779,56632;780,36997;então você não;então você não;0,8036499999999478;então você não;;[{'text': 'então', 'timestamp': (1.06, 1.24)}, {'text': 'você', 'timestamp': (1.34, 1.5)}, {'text': 'não', 'timestamp': (1.6, 1.68)}];0,0;0,0;0,0;0,0
./audios/SP_D2_333_781.10461_782.9896.wav;781,10461;782,9896;não diga casa de madame Helena;não diga casa de madame helena;1,8849900000000162;não diga casa de madame perena;;[{'text': 'não', 'timestamp': (0.06, 0.16)}, {'text': 'diga', 'timestamp': (0.22, 0.4)}, {'text': 'casa', 'timestamp': (0.52, 0.7)}, {'text': 'de', 'timestamp': (0.78, 0.82)}, {'text': 'madame', 'timestamp': (0.9, 1.34)}, {'text': 'perena', 'timestamp': (1.44, 1.82)}];0,16666666666666666;0,16666666666666666;0,30555555555555547;0,06666666666666667
./audios/SP_D2_333_782.9896_784.90883.wav;782,9896;784,90883;não e nem me chame de madame'';não e nem me chame de madame;1,9192299999999705;não e nem me chame de ma demia;;[{'text': 'não', 'timestamp': (0.04, 0.12)}, {'text': 'e', 'timestamp': (0.28, 0.3)}, {'text': 'nem', 'timestamp': (0.48, 0.64)}, {'text': 'me', 'timestamp': (0.72, 0.78)}, {'text': 'chame', 'timestamp': (0.98, 1.2)}, {'text': 'de', 'timestamp': (1.28, 1.32)}, {'text': 'ma', 'timestamp': (1.38, 1.44)}, {'text': 'demia', 'timestamp': (1.58, 1.86)}];0,2857142857142857;0,25;0,3571428571428572;0,14285714285714285
./audios/SP_D2_333_784.90883_786.34685.wav;784,90883;786,34685;--porque ela só me chamava de madame--;porque ela só me chamava de madame;1,4380200000000514;porque era só me chamava de made;;[{'text': 'porque', 'timestamp': (0.02, 0.14)}, {'text': 'era', 'timestamp': (0.16, 0.24)}, {'text': 'só', 'timestamp': (0.28, 0.36)}, {'text': 'me', 'timestamp': (0.42, 0.5)}, {'text': 'chamava', 'timestamp': (0.52, 0.76)}, {'text': 'de', 'timestamp': (0.82, 0.86)}, {'text': 'made', 'timestamp': (0.92, 1.14)}];0,2857142857142857;0,2857142857142857;0,4897959183673469;0,08823529411764706
./audios/SP_D2_333_786.7707_788.54018.wav;786,7707;788,54018;''eu acho muito desagradável ( ) você me chame dona Helena;eu acho muito desagradável você me chame dona helena;1,7694799999999304;eu acho que o e agradável chama dona helena;;[{'text': 'eu', 'timestamp': (0.06, 0.12)}, {'text': 'acho', 'timestamp': (0.14, 0.22)}, {'text': 'que', 'timestamp': (0.24, 0.3)}, {'text': 'o', 'timestamp': (0.4, 0.42)}, {'text': 'e', 'timestamp': (0.44, 0.46)}, {'text': 'agradável', 'timestamp': (0.48, 0.76)}, {'text': 'chama', 'timestamp': (1.12, 1.26)}, {'text': 'dona', 'timestamp': (1.36, 1.46)}, {'text': 'helena', 'timestamp': (1.5, 1.72)}];0,5555555555555556;0,5555555555555556;0,8024691358024691;0,2692307692307692
./audios/SP_D2_333_788.54018_789.58718.wav;788,54018;789,58718;não me chame de madame'';não me chame de madame;1,0470000000000255;nome chame de made;;[{'text': 'nome', 'timestamp': (0.04, 0.2)}, {'text': 'chame', 'timestamp': (0.28, 0.42)}, {'text': 'de', 'timestamp': (0.48, 0.52)}, {'text': 'made', 'timestamp': (0.58, 0.82)}];0,6;0,6;0,8;0,18181818181818182
./audios/SP_D2_333_790.11625_791.44564.wav;790,11625;791,44564;aí ela pôs a mão no quadril;aí ela pôs a mão no quadril;1,3293899999999894;aí ela posa no no quadro;;[{'text': 'aí', 'timestamp': (0.06, 0.12)}, {'text': 'ela', 'timestamp': (0.14, 0.24)}, {'text': 'posa', 'timestamp': (0.28, 0.54)}, {'text': 'no', 'timestamp': (0.62, 0.7)}, {'text': 'no', 'timestamp': (0.76, 0.84)}, {'text': 'quadro', 'timestamp': (0.9, 1.2)}];0,5714285714285714;0,5714285714285714;0,7857142857142857;0,2222222222222222
./audios/SP_D2_333_791.44564_791.87779.wav;791,44564;791,87779;me olhou;me olhou;0,4321499999999787;o dia;;[{'text': 'o', 'timestamp': (1.1, 1.12)}, {'text': 'dia', 'timestamp': (1.18, 1.32)}];1,0;1,0;1,0;0,875
./audios/SP_D2_333_792.13698_793.02859.wav;792,13698;793,02859;--eu nunca hei de me esquecer isso;eu nunca hei de me esquecer isso;0,8916100000000142;eu não queria me esquecer isso;;[{'text': 'eu', 'timestamp': (1.0, 1.04)}, {'text': 'não', 'timestamp': (1.08, 1.14)}, {'text': 'queria', 'timestamp': (1.16, 1.3)}, {'text': 'me', 'timestamp': (1.32, 1.36)}, {'text': 'esquecer', 'timestamp': (1.4, 1.62)}, {'text': 'isso', 'timestamp': (1.7, 1.82)}];0,42857142857142855;0,42857142857142855;0,6190476190476191;0,3125
./audios/SP_D2_333_793.02859_793.80592.wav;793,02859;793,80592;faz tantos anos--;faz tantos anos;0,7773300000000063;eu tento e;;[{'text': 'eu', 'timestamp': (1.02, 1.08)}, {'text': 'tento', 'timestamp': (1.12, 1.28)}, {'text': 'e', 'timestamp': (1.4, 1.42)}];1,0;1,0;1,0;0,6
./audios/SP_D2_333_794.37126_798.22567.wav;794,37126;798,22567;''por que que a senhora não quer que eu lhe dê madamia?'';por que que a senhora não quer que eu lhe dê madamia;3,85441000000003;por que a senhora não quer que eu lhe dê madamia;;[{'text': 'por', 'timestamp': (0.06, 0.18)}, {'text': 'que', 'timestamp': (0.4, 0.48)}, {'text': 'a', 'timestamp': (0.74, 0.76)}, {'text': 'senhora', 'timestamp': (0.88, 1.22)}, {'text': 'não', 'timestamp': (1.34, 1.46)}, {'text': 'quer', 'timestamp': (1.64, 1.82)}, {'text': 'que', 'timestamp': (1.98, 2.06)}, {'text': 'eu', 'timestamp': (2.12, 2.16)}, {'text': 'lhe', 'timestamp': (2.24, 2.34)}, {'text': 'dê', 'timestamp': (2.52, 2.58)}, {'text': 'madamia', 'timestamp': (2.88, 3.64)}];0,08333333333333333;0,08333333333333333;0,08333333333333337;0,07692307692307693
./audios/SP_D2_333_798.367_799.44114.wav;798,367;799,44114;mas eu achei [( );mas eu achei;1,0741400000000567;mas eu acho que a daria;;[{'text': 'mas', 'timestamp': (0.06, 0.16)}, {'text': 'eu', 'timestamp': (0.24, 0.28)}, {'text': 'acho', 'timestamp': (0.32, 0.42)}, {'text': 'que', 'timestamp': (0.46, 0.54)}, {'text': 'a', 'timestamp': (0.58, 0.6)}, {'text': 'daria', 'timestamp': (0.66, 1.02)}];1,3333333333333333;0,6666666666666666;0,7777777777777778;0,9166666666666666
./audios/SP_D2_333_800.48197_800.67277.wav;800,48197;800,67277;é;é;0,19079999999996744;é;;[{'text': 'é', 'timestamp': (1.04, 1.06)}];0,0;0,0;0,0;0,0
./audios/SP_D2_333_800.67277_801.33994.wav;800,67277;801,33994;[madamia;madamia;0,6671699999999419;medidores;;[{'text': 'medidores', 'timestamp': (1.08, 1.64)}];1,0;1,0;1,0;1,0
./audios/SP_D2_333_810.66008_811.799.wav;810,66008;811,799;a evolução da tevê;a evolução da tevê;1,1389199999999846;a evolução da tv;;[{'text': 'a', 'timestamp': (0.12, 0.14)}, {'text': 'evolução', 'timestamp': (0.2, 0.62)}, {'text': 'da', 'timestamp': (0.68, 0.72)}, {'text': 'tv', 'timestamp': (0.78, 0.96)}];0,25;0,25;0,4375;0,1111111111111111
./audios/SP_D2_333_812.11871_813.91736.wav;812,11871;813,91736;eu estou vendo:: a tevê;eu estou vendo a tevê;1,798650000000066;eu estou vendo a tv;;[{'text': 'eu', 'timestamp': (0.06, 0.14)}, {'text': 'estou', 'timestamp': (0.22, 0.5)}, {'text': 'vendo', 'timestamp': (0.62, 0.9)}, {'text': 'a', 'timestamp': (1.34, 1.36)}, {'text': 'tv', 'timestamp': (1.46, 1.64)}];0,2;0,2;0,3599999999999999;0,09523809523809523
./audios/SP_D2_333_813.91736_814.81246.wav;813,91736;814,81246;evidentemente;evidentemente;0,8950999999999567;evidentemente;;[{'text': 'evidentemente', 'timestamp': (1.06, 1.7)}];0,0;0,0;0,0;0,0
./audios/SP_D2_333_815.2073_818.26851.wav;815,2073;818,26851;muito presa a singularidades brasileiras;muito presa a singularidades brasileiras;3,06120999999996;muito presa às singularidades brasileiras;;[{'text': 'muito', 'timestamp': (0.12, 0.34)}, {'text': 'presa', 'timestamp': (0.52, 0.84)}, {'text': 'às', 'timestamp': (1.04, 1.12)}, {'text': 'singularidades', 'timestamp': (1.24, 2.06)}, {'text': 'brasileiras', 'timestamp': (2.18, 2.84)}];0,2;0,2;0,3599999999999999;0,05
./audios/SP_D2_333_818.88539_820.52285.wav;818,88539;820,52285;e não se pode mesmo;e não se pode mesmo;1,637459999999919;e não se pode mesmo;;[{'text': 'e', 'timestamp': (0.08, 0.1)}, {'text': 'não', 'timestamp': (0.38, 0.48)}, {'text': 'se', 'timestamp': (0.54, 0.6)}, {'text': 'pode', 'timestamp': (0.74, 0.96)}, {'text': 'mesmo', 'timestamp': (1.12, 1.38)}];0,0;0,0;0,0;0,0
./audios/SP_D2_333_820.71184_821.64594.wav;820,71184;821,64594;analisá-la;analisála;0,934099999999944;analisar;;[{'text': 'analisar', 'timestamp': (1.1, 1.64)}];1,0;1,0;1,0;0,3333333333333333
./audios/SP_D2_333_821.7894_823.44794.wav;821,7894;823,44794;fora do contexto brasileiro;fora do contexto brasileiro;1,6585400000000163;fora do contexto brasileiro;;[{'text': 'fora', 'timestamp': (0.14, 0.38)}, {'text': 'do', 'timestamp': (0.44, 0.5)}, {'text': 'contexto', 'timestamp': (0.58, 1.06)}, {'text': 'brasileiro', 'timestamp': (1.14, 1.62)}];0,0;0,0;0,0;0,0
./audios/SP_D2_333_824.18446_825.80288.wav;824,18446;825,80288;então quando se pede à tevê;então quando se pede à tevê;1,6184200000000146;então quando se pede a tv;;[{'text': 'então', 'timestamp': (0.06, 0.22)}, {'text': 'quando', 'timestamp': (0.3, 0.44)}, {'text': 'se', 'timestamp': (0.54, 0.6)}, {'text': 'pede', 'timestamp': (0.72, 0.92)}, {'text': 'a', 'timestamp': (0.98, 1.0)}, {'text': 'tv', 'timestamp': (1.12, 1.36)}];0,3333333333333333;0,3333333333333333;0,5555555555555556;0,1111111111111111
./audios/SP_D2_333_826.38977_827.03799.wav;826,38977;827,03799;a altura;a altura;0,6482200000000375;altura;;[{'text': 'altura', 'timestamp': (1.14, 1.64)}];0,5;0,5;0,5;0,25
./audios/SP_D2_333_827.03799_827.76131.wav;827,03799;827,76131;o nível;o nível;0,7233199999999442;lívia;;[{'text': 'lívia', 'timestamp': (1.26, 1.58)}];1,0;1,0;1,0;0,7142857142857143
./audios/SP_D2_333_828.17081_829.55437.wav;828,17081;829,55437;de uma televisão::;de uma televisão;1,3835599999999886;de uma televisão;;[{'text': 'de', 'timestamp': (0.06, 0.1)}, {'text': 'uma', 'timestamp': (0.16, 0.22)}, {'text': 'televisão', 'timestamp': (0.32, 0.88)}];0,0;0,0;0,0;0,0
./audios/SP_D2_333_829.55437_830.5274.wav;829,55437;830,5274;europeia;europeia;0,9730299999999943;europeia;;[{'text': 'europeia', 'timestamp': (1.14, 1.86)}];0,0;0,0;0,0;0,0
./audios/SP_D2_333_831.496_831.70591.wav;831,496;831,70591;digo;digo;0,20991000000003623;digo;;[{'text': 'digo', 'timestamp': (1.02, 1.34)}];0,0;0,0;0,0;0,0
./audios/SP_D2_333_831.70591_833.71039.wav;831,70591;833,71039;''meu Deus mas por que só a televisão;meu deus mas por que só a televisão;2,004479999999944;meu deus mas por que só a televisão;;[{'text': 'meu', 'timestamp': (0.04, 0.14)}, {'text': 'deus', 'timestamp': (0.2, 0.34)}, {'text': 'mas', 'timestamp': (0.42, 0.5)}, {'text': 'por', 'timestamp': (0.62, 0.7)}, {'text': 'que', 'timestamp': (0.78, 0.84)}, {'text': 'só', 'timestamp': (1.06, 1.12)}, {'text': 'a', 'timestamp': (1.26, 1.28)}, {'text': 'televisão', 'timestamp': (1.34, 1.86)}];0,0;0,0;0,0;0,0
./audios/SP_D2_333_834.08312_835.30271.wav;834,08312;835,30271;tem que ter esta altura;tem que ter esta altura;1,2195900000000393;tem que ter essa altura;;[{'text': 'tem', 'timestamp': (0.04, 0.14)}, {'text': 'que', 'timestamp': (0.2, 0.28)}, {'text': 'ter', 'timestamp': (0.34, 0.44)}, {'text': 'essa', 'timestamp': (0.52, 0.68)}, {'text': 'altura', 'timestamp': (0.74, 1.08)}];0,2;0,2;0,3599999999999999;0,043478260869565216
./audios/SP_D2_333_835.57556_836.6925.wav;835,57556;836,6925;quando as outras;quando as outras;1,1169399999999996;quando as outras;;[{'text': 'quando', 'timestamp': (0.02, 0.18)}, {'text': 'as', 'timestamp': (0.26, 0.34)}, {'text': 'outras', 'timestamp': (0.42, 0.7)}];0,0;0,0;0,0;0,0
./audios/SP_D2_333_837.08629_838.18795.wav;837,08629;838,18795;os outros setores;os outros setores;1,101660000000038;os outros setores;;[{'text': 'os', 'timestamp': (0.1, 0.14)}, {'text': 'outros', 'timestamp': (0.22, 0.42)}, {'text': 'setores', 'timestamp': (0.48, 0.94)}];0,0;0,0;0,0;0,0
./audios/SP_D2_333_838.40765_839.73242.wav;838,40765;839,73242;estão ainda claudicando;estão ainda claudicando;1,3247700000000577;estão ainda claude canto;;[{'text': 'estão', 'timestamp': (0.04, 0.24)}, {'text': 'ainda', 'timestamp': (0.3, 0.48)}, {'text': 'claude', 'timestamp': (0.62, 0.9)}, {'text': 'canto', 'timestamp': (1.02, 1.24)}];0,6666666666666666;0,5;0,6666666666666667;0,13043478260869565
./audios/SP_D2_333_839.73242_841.42161.wav;839,73242;841,42161;mesmo sob diversos aspectos?'';mesmo sob diversos aspectos;1,6891899999999396;sobre diversos aspectos;;[{'text': 'sobre', 'timestamp': (0.4, 0.56)}, {'text': 'diversos', 'timestamp': (0.6, 0.96)}, {'text': 'aspectos', 'timestamp': (1.04, 1.6)}];0,5;0,5;0,6666666666666667;0,25925925925925924
./audios/SP_D2_333_842.59048_843.73531.wav;842,59048;843,73531;eu acho então;eu acho então;1,14483000000007;eu acho então;;[{'text': 'eu', 'timestamp': (0.08, 0.16)}, {'text': 'acho', 'timestamp': (0.26, 0.52)}, {'text': 'então', 'timestamp': (0.58, 0.84)}];0,0;0,0;0,0;0,0
./audios/SP_D2_333_843.73531_844.92123.wav;843,73531;844,92123;que nesse caso;que nesse caso;1,18592000000001;que nesse caso;;[{'text': 'que', 'timestamp': (0.06, 0.16)}, {'text': 'nesse', 'timestamp': (0.22, 0.48)}, {'text': 'caso', 'timestamp': (0.64, 1.02)}];0,0;0,0;0,0;0,0
./audios/SP_D2_333_844.92123_846.11722.wav;844,92123;846,11722;comparativamente;comparativamente;1,195989999999938;comparativamente;;[{'text': 'comparativamente', 'timestamp': (0.06, 0.98)}];0,0;0,0;0,0;0,0
./audios/SP_D2_333_846.11722_848.54592.wav;846,11722;848,54592;até que a televisão está além;até que a televisão está além;2,428700000000049;até que a televisão está a lei;;[{'text': 'até', 'timestamp': (0.08, 0.38)}, {'text': 'que', 'timestamp': (0.52, 0.6)}, {'text': 'a', 'timestamp': (0.66, 0.68)}, {'text': 'televisão', 'timestamp': (0.74, 1.18)}, {'text': 'está', 'timestamp': (1.34, 1.62)}, {'text': 'a', 'timestamp': (1.94, 1.96)}, {'text': 'lei', 'timestamp': (2.14, 2.28)}];0,3333333333333333;0,2857142857142857;0,40476190476190477;0,10344827586206896
./audios/SP_D2_333_849.51049_850.3274.wav;849,51049;850,3274;porque;porque;0,8169100000000071;por quê;;[{'text': 'por', 'timestamp': (1.12, 1.24)}, {'text': 'quê', 'timestamp': (1.38, 1.46)}];2,0;1,0;1,0;0,3333333333333333
./audios/SP_D2_333_850.7854_850.94532.wav;850,7854;850,94532;éh;eh;0,15992000000005646;ele;;[{'text': 'ele', 'timestamp': (0.86, 1.28)}];1,0;1,0;1,0;1,0
./audios/SP_D2_333_850.94532_852.68817.wav;850,94532;852,68817;muitas pessoas que têm viajado ultimamente;muitas pessoas que têm viajado ultimamente;1,7428499999999758;muitas pessoas que têm viajado ativamente;;[{'text': 'muitas', 'timestamp': (0.14, 0.34)}, {'text': 'pessoas', 'timestamp': (0.42, 0.64)}, {'text': 'que', 'timestamp': (0.68, 0.74)}, {'text': 'têm', 'timestamp': (0.78, 0.86)}, {'text': 'viajado', 'timestamp': (0.96, 1.26)}, {'text': 'ativamente', 'timestamp': (1.3, 1.68)}];0,16666666666666666;0,16666666666666666;0,30555555555555547;0,07142857142857142
./audios/SP_D2_333_852.68817_853.88058.wav;852,68817;853,88058;--ultimamente eu não tenho viajado--;ultimamente eu não tenho viajado;1,1924099999999953;finalmente eu não tenho viajado;;[{'text': 'finalmente', 'timestamp': (0.08, 0.34)}, {'text': 'eu', 'timestamp': (0.36, 0.42)}, {'text': 'não', 'timestamp': (0.44, 0.5)}, {'text': 'tenho', 'timestamp': (0.54, 0.66)}, {'text': 'viajado', 'timestamp': (0.72, 1.1)}];0,2;0,2;0,3599999999999999;0,15625
./audios/SP_D2_333_854.68451_857.2846.wav;854,68451;857,2846;têm dito por exemplo quem em vá/ diversos países da Europa;têm dito por exemplo quem em vá diversos países da europa;2,600089999999909;entendido por exemplo que diversos países da europa;;[{'text': 'entendido', 'timestamp': (0.04, 0.38)}, {'text': 'por', 'timestamp': (0.46, 0.54)}, {'text': 'exemplo', 'timestamp': (0.58, 0.8)}, {'text': 'que', 'timestamp': (0.86, 1.0)}, {'text': 'diversos', 'timestamp': (1.32, 1.64)}, {'text': 'países', 'timestamp': (1.72, 1.96)}, {'text': 'da', 'timestamp': (2.02, 2.08)}, {'text': 'europa', 'timestamp': (2.12, 2.48)}];0,45454545454545453;0,45454545454545453;0,5909090909090909;0,22807017543859648
./audios/SP_D2_333_857.2846_858.66232.wav;857,2846;858,66232;a televisão está muito ruim;a televisão está muito ruim;1,3777200000000676;a televisão está muito ruim;;[{'text': 'a', 'timestamp': (0.04, 0.06)}, {'text': 'televisão', 'timestamp': (0.1, 0.38)}, {'text': 'está', 'timestamp': (0.44, 0.56)}, {'text': 'muito', 'timestamp': (0.72, 0.92)}, {'text': 'ruim', 'timestamp': (1.04, 1.18)}];0,0;0,0;0,0;0,0
./audios/SP_D2_333_859.24_860.83853.wav;859,24;860,83853;porque a televisão sendo estatal;porque a televisão sendo estatal;1,5985299999999825;por que a televisão sendo esta tal;;[{'text': 'por', 'timestamp': (0.04, 0.1)}, {'text': 'que', 'timestamp': (0.14, 0.22)}, {'text': 'a', 'timestamp': (0.24, 0.26)}, {'text': 'televisão', 'timestamp': (0.3, 0.64)}, {'text': 'sendo', 'timestamp': (0.76, 0.9)}, {'text': 'esta', 'timestamp': (0.98, 1.14)}, {'text': 'tal', 'timestamp': (1.34, 1.46)}];0,8;0,5714285714285714;0,7428571428571429;0,0625
./audios/SP_D2_333_860.83853_862.51357.wav;860,83853;862,51357;ela é muito uniformiZAda;ela é muito uniformizada;1,6750399999999672;ela é muito uniformizada;;[{'text': 'ela', 'timestamp': (0.04, 0.14)}, {'text': 'é', 'timestamp': (0.18, 0.2)}, {'text': 'muito', 'timestamp': (0.24, 0.38)}, {'text': 'uniformizada', 'timestamp': (0.46, 1.46)}];0,0;0,0;0,0;0,0
./audios/SP_D2_333_863.13148_865.7649.wav;863,13148;865,7649;não há:: espetáculos diversificados;não há espetáculos diversificados;2,633420000000001;e não há espetáculos diversificados;;[{'text': 'e', 'timestamp': (0.08, 0.1)}, {'text': 'não', 'timestamp': (0.18, 0.3)}, {'text': 'há', 'timestamp': (0.38, 0.44)}, {'text': 'espetáculos', 'timestamp': (0.78, 1.46)}, {'text': 'diversificados', 'timestamp': (1.52, 2.52)}];0,25;0,2;0,19999999999999996;0,06060606060606061
./audios/SP_D2_333_865.7649_866.9126.wav;865,7649;866,9126;o telespectador;o telespectador;1,1476999999999862;o ter espectador;;[{'text': 'o', 'timestamp': (0.02, 0.04)}, {'text': 'ter', 'timestamp': (0.1, 0.18)}, {'text': 'espectador', 'timestamp': (0.26, 0.9)}];1,0;0,6666666666666666;0,8333333333333334;0,13333333333333333
./audios/SP_D2_333_867.22944_867.97083.wav;867,22944;867,97083;o:: o;o o;0,741390000000024;o;;[{'text': 'o', 'timestamp': (1.06, 1.08)}];0,5;0,5;0,5;0,6666666666666666
./audios/SP_D2_333_867.97083_868.95302.wav;867,97083;868,95302;fica sempre;fica sempre;0,9821900000000596;fica sempre;;[{'text': 'fica', 'timestamp': (1.08, 1.26)}, {'text': 'sempre', 'timestamp': (1.46, 1.76)}];0,0;0,0;0,0;0,0
./audios/SP_D2_333_869.21916_869.68808.wav;869,21916;869,68808;preso;preso;0,46892000000002554;preso;;[{'text': 'preso', 'timestamp': (1.02, 1.34)}];0,0;0,0;0,0;0,0
./audios/SP_D2_333_869.97323_870.93641.wav;869,97323;870,93641;a filmes;a filmes;0,9631800000000794;a filmes;;[{'text': 'a', 'timestamp': (1.08, 1.1)}, {'text': 'filmes', 'timestamp': (1.34, 1.92)}];0,0;0,0;0,0;0,0
./audios/SP_D2_333_871.3673_873.08531.wav;871,3673;873,08531;ou a:: conferências;ou a conferências;1,7180100000000493;ou a conferências;;[{'text': 'ou', 'timestamp': (0.06, 0.16)}, {'text': 'a', 'timestamp': (0.34, 0.36)}, {'text': 'conferências', 'timestamp': (0.76, 1.54)}];0,0;0,0;0,0;0,0
./audios/SP_D2_333_873.38918_875.55737.wav;873,38918;875,55737;há pouco tempo uma amiga minha esteve em Paris;há pouco tempo uma amiga minha esteve em paris;2,1681899999999814;há pouco tempo uma amiga minha esteve em paris;;[{'text': 'há', 'timestamp': (0.1, 0.14)}, {'text': 'pouco', 'timestamp': (0.24, 0.42)}, {'text': 'tempo', 'timestamp': (0.52, 0.66)}, {'text': 'uma', 'timestamp': (0.74, 0.8)}, {'text': 'amiga', 'timestamp': (0.84, 1.04)}, {'text': 'minha', 'timestamp': (1.12, 1.26)}, {'text': 'esteve', 'timestamp': (1.32, 1.56)}, {'text': 'em', 'timestamp': (1.62, 1.66)}, {'text': 'paris', 'timestamp': (1.74, 2.06)}];0,0;0,0;0,0;0,0
./audios/SP_D2_333_875.55737_876.0969.wav;875,55737;876,0969;e [disse;e disse;0,5395300000000134;vinte coraci;;[{'text': 'vinte', 'timestamp': (1.0, 1.2)}, {'text': 'coraci', 'timestamp': (1.32, 1.6)}];1,0;1,0;1,0;1,4285714285714286
./audios/SP_D2_333_876.59605_876.89525.wav;876,59605;876,89525;[que há;que há;0,29920000000004165;papara;;[{'text': 'papara', 'timestamp': (1.0, 1.34)}];1,0;1,0;1,0;1,0
./audios/SP_D2_333_877.35408_877.8356.wav;877,35408;877,8356;(mas não);mas não;0,4815200000000459;mas não;;[{'text': 'mas', 'timestamp': (1.06, 1.2)}, {'text': 'não', 'timestamp': (1.3, 1.42)}];0,0;0,0;0,0;0,0
./audios/SP_D2_333_877.8356_881.38862.wav;877,8356;881,38862;dois canais em Paris num horário que nós chamamos nobre;dois canais em paris num horário que nós chamamos nobre;3,5530199999999468;dois canais em paris no horário que nós chamamos nobre;;[{'text': 'dois', 'timestamp': (0.22, 0.4)}, {'text': 'canais', 'timestamp': (0.54, 0.96)}, {'text': 'em', 'timestamp': (1.04, 1.08)}, {'text': 'paris', 'timestamp': (1.16, 1.46)}, {'text': 'no', 'timestamp': (1.6, 1.68)}, {'text': 'horário', 'timestamp': (1.76, 2.06)}, {'text': 'que', 'timestamp': (2.14, 2.22)}, {'text': 'nós', 'timestamp': (2.28, 2.4)}, {'text': 'chamamos', 'timestamp': (2.46, 2.82)}, {'text': 'nobre', 'timestamp': (2.96, 3.28)}];0,1;0,1;0,18999999999999995;0,03636363636363636
./audios/SP_D2_333_881.68_882.0006.wav;881,68;882,0006;num;num;0,3206000000000131;pura;;[{'text': 'pura', 'timestamp': (1.02, 1.2)}];1,0;1,0;1,0;1,0
./audios/SP_D2_333_882.41832_884.88546.wav;882,41832;884,88546;o Ministro da Educação (e) da Cultura fazia;o ministro da educação e da cultura fazia;2,467139999999972;o ministro da educação da cultura fazia;;[{'text': 'o', 'timestamp': (0.1, 0.12)}, {'text': 'ministro', 'timestamp': (0.2, 0.62)}, {'text': 'da', 'timestamp': (0.7, 0.74)}, {'text': 'educação', 'timestamp': (0.8, 1.3)}, {'text': 'da', 'timestamp': (1.36, 1.42)}, {'text': 'cultura', 'timestamp': (1.48, 1.74)}, {'text': 'fazia', 'timestamp': (1.86, 2.3)}];0,125;0,125;0,125;0,04878048780487805
./audios/SP_D2_333_885.42066_887.04584.wav;885,42066;887,04584;uma:: conferência;uma conferência;1,6251800000000003;por uma conferência;;[{'text': 'por', 'timestamp': (0.04, 0.14)}, {'text': 'uma', 'timestamp': (0.18, 0.26)}, {'text': 'conferência', 'timestamp': (0.54, 1.46)}];0,5;0,3333333333333333;0,33333333333333337;0,26666666666666666
./audios/SP_D2_333_887.50177_889.22006.wav;887,50177;889,22006;sobre Teilhard de Chardin;sobre teilhard de chardin;1,7182900000000245;sobre telhas de carta;;[{'text': 'sobre', 'timestamp': (0.14, 0.34)}, {'text': 'telhas', 'timestamp': (0.46, 0.84)}, {'text': 'de', 'timestamp': (0.92, 0.98)}, {'text': 'carta', 'timestamp': (1.1, 1.5)}];0,5;0,5;0,75;0,28
./audios/SP_D2_333_889.81635_892.50883.wav;889,81635;892,50883;mas aquilo sem ilustração sem coisíssima alguma;mas aquilo sem ilustração sem coisíssima alguma;2,6924799999999323;mas aquilo sem ilustração sem coisa issima alguma;;[{'text': 'mas', 'timestamp': (0.08, 0.24)}, {'text': 'aquilo', 'timestamp': (0.34, 0.66)}, {'text': 'sem', 'timestamp': (0.78, 0.9)}, {'text': 'ilustração', 'timestamp': (0.96, 1.66)}, {'text': 'sem', 'timestamp': (1.8, 1.92)}, {'text': 'coisa', 'timestamp': (1.98, 2.12)}, {'text': 'issima', 'timestamp': (2.18, 2.42)}, {'text': 'alguma', 'timestamp': (2.46, 2.64)}];0,2857142857142857;0,25;0,3571428571428572;0,06382978723404255
./audios/SP_D2_333_892.50883_895.30851.wav;892,50883;895,30851;das pessoas todas no hotel do saguão do hotel dormirem;das pessoas todas no hotel do saguão do hotel dormirem;2,7996799999999666;as pessoas todas no motel do saga batel dormir;;[{'text': 'as', 'timestamp': (0.08, 0.18)}, {'text': 'pessoas', 'timestamp': (0.26, 0.5)}, {'text': 'todas', 'timestamp': (0.62, 0.82)}, {'text': 'no', 'timestamp': (0.9, 0.96)}, {'text': 'motel', 'timestamp': (0.98, 1.4)}, {'text': 'do', 'timestamp': (1.48, 1.54)}, {'text': 'saga', 'timestamp': (1.62, 1.84)}, {'text': 'batel', 'timestamp': (1.96, 2.24)}, {'text': 'dormir', 'timestamp': (2.3, 2.6)}];0,6;0,6;0,8222222222222222;0,2222222222222222
./audios/SP_D2_333_895.30851_895.82729.wav;895,30851;895,82729;todas;todas;0,5187799999999925;podas;;[{'text': 'podas', 'timestamp': (1.06, 1.32)}];1,0;1,0;1,0;0,2
./audios/SP_D2_333_896.39512_897.34579.wav;896,39512;897,34579;porque é uma coisa;porque é uma coisa;0,9506699999999455;ver que é uma coisa;;[{'text': 'ver', 'timestamp': (1.12, 1.26)}, {'text': 'que', 'timestamp': (1.32, 1.38)}, {'text': 'é', 'timestamp': (1.46, 1.48)}, {'text': 'uma', 'timestamp': (1.52, 1.6)}, {'text': 'coisa', 'timestamp': (1.68, 1.88)}];0,5;0,4;0,55;0,16666666666666666
./audios/SP_D2_333_897.60646_900.67544.wav;897,60646;900,67544;absolutamente ANtitelevisivo uma pessoa falando em fa/;absolutamente antitelevisivo uma pessoa falando em fa;3,0689800000000105;absolutamente ante televisão como a pessoa falando o enfado;;[{'text': 'absolutamente', 'timestamp': (0.12, 0.64)}, {'text': 'ante', 'timestamp': (0.9, 1.1)}, {'text': 'televisão', 'timestamp': (1.22, 1.66)}, {'text': 'como', 'timestamp': (1.72, 1.8)}, {'text': 'a', 'timestamp': (1.84, 1.86)}, {'text': 'pessoa', 'timestamp': (1.94, 2.12)}, {'text': 'falando', 'timestamp': (2.22, 2.58)}, {'text': 'o', 'timestamp': (2.64, 2.7)}, {'text': 'enfado', 'timestamp': (2.76, 3.04)}];0,8571428571428571;0,6666666666666666;0,8571428571428572;0,2641509433962264
./audios/SP_D2_333_901.05752_903.7966.wav;901,05752;903,7966;em face das câmeras sem ilustração sem nada;em face das câmeras sem ilustração sem nada;2,739080000000058;o fato das câmaras sem ilustração sem nada;;[{'text': 'o', 'timestamp': (0.06, 0.08)}, {'text': 'fato', 'timestamp': (0.16, 0.46)}, {'text': 'das', 'timestamp': (0.5, 0.62)}, {'text': 'câmaras', 'timestamp': (0.76, 1.12)}, {'text': 'sem', 'timestamp': (1.28, 1.38)}, {'text': 'ilustração', 'timestamp': (1.46, 2.0)}, {'text': 'sem', 'timestamp': (2.14, 2.26)}, {'text': 'nada', 'timestamp': (2.34, 2.56)}];0,375;0,375;0,609375;0,11627906976744186
./audios/SP_D2_333_903.7966_904.02376.wav;903,7966;904,02376;não é?;não é;0,22716000000002623;a;;[{'text': 'a', 'timestamp': (1.08, 1.1)}];1,0;1,0;1,0;1,0
./audios/SP_D2_333_904.47254_904.79124.wav;904,47254;904,79124;quer dizer;quer dizer;0,3187000000000353;quer dizer que;;[{'text': 'quer', 'timestamp': (1.02, 1.1)}, {'text': 'dizer', 'timestamp': (1.14, 1.26)}, {'text': 'que', 'timestamp': (1.32, 1.4)}];0,5;0,3333333333333333;0,33333333333333337;0,4
./audios/SP_D2_333_904.79124_905.03544.wav;904,79124;905,03544;era o;era o;0,244199999999978;caro;;[{'text': 'caro', 'timestamp': (0.96, 1.16)}];1,0;1,0;1,0;0,6
./audios/SP_D2_333_905.37977_907.2162.wav;905,37977;907,2162;era o o era o::;era o o era o;1,8364299999999503;e eu ah é um;;[{'text': 'e', 'timestamp': (0.08, 0.1)}, {'text': 'eu', 'timestamp': (0.4, 0.5)}, {'text': 'ah', 'timestamp': (0.66, 0.72)}, {'text': 'é', 'timestamp': (0.96, 0.98)}, {'text': 'um', 'timestamp': (1.3, 1.42)}];1,0;1,0;1,0;0,8461538461538461
./audios/SP_D2_333_907.6762_908.82337.wav;907,6762;908,82337;a conferência;a conferência;1,14716999999996;a conferência;;[{'text': 'a', 'timestamp': (0.16, 0.18)}, {'text': 'conferência', 'timestamp': (0.26, 0.9)}];0,0;0,0;0,0;0,0
./audios/SP_D2_333_909.80585_911.03321.wav;909,80585;911,03321;filmada assim (era);filmada assim era;1,2273600000000897;chumada assim;;[{'text': 'chumada', 'timestamp': (0.12, 0.72)}, {'text': 'assim', 'timestamp': (0.78, 1.04)}];0,6666666666666666;0,6666666666666666;0,8333333333333334;0,4117647058823529
./audios/SP_D2_333_911.03321_911.42892.wav;911,03321;911,42892;então;então;0,39570999999989453;então;;[{'text': 'então', 'timestamp': (1.04, 1.26)}];0,0;0,0;0,0;0,0
./audios/SP_D2_333_911.81924_912.69143.wav;911,81924;912,69143;foi uma coisa terrível;foi uma coisa terrível;0,8721899999999323;foi uma coisa terrível;;[{'text': 'foi', 'timestamp': (1.04, 1.12)}, {'text': 'uma', 'timestamp': (1.16, 1.26)}, {'text': 'coisa', 'timestamp': (1.32, 1.46)}, {'text': 'terrível', 'timestamp': (1.56, 1.82)}];0,0;0,0;0,0;0,0
./audios/SP_D2_333_912.69143_915.96335.wav;912,69143;915,96335;e a outra também era um OUtro professor também dando uma aula não sei do quê;e a outra também era um outro professor também dando uma aula não sei do quê;3,271920000000023;e a outra também era um outro professor também dando uma aula não sei do que;;[{'text': 'e', 'timestamp': (0.08, 0.1)}, {'text': 'a', 'timestamp': (0.16, 0.18)}, {'text': 'outra', 'timestamp': (0.28, 0.5)}, {'text': 'também', 'timestamp': (0.58, 0.8)}, {'text': 'era', 'timestamp': (0.86, 0.96)}, {'text': 'um', 'timestamp': (1.0, 1.06)}, {'text': 'outro', 'timestamp': (1.14, 1.3)}, {'text': 'professor', 'timestamp': (1.38, 1.74)}, {'text': 'também', 'timestamp': (1.82, 2.0)}, {'text': 'dando', 'timestamp': (2.16, 2.34)}, {'text': 'uma', 'timestamp': (2.42, 2.5)}, {'text': 'aula', 'timestamp': (2.6, 2.72)}, {'text': 'não', 'timestamp': (2.78, 2.86)}, {'text': 'sei', 'timestamp': (2.88, 2.96)}, {'text': 'do', 'timestamp': (3.02, 3.06)}, {'text': 'que', 'timestamp': (3.08, 3.18)}];0,0625;0,0625;0,12109375;0,013157894736842105
./audios/SP_D2_333_916.6559_919.87831.wav;916,6559;919,87831;esporadicamente há concertos de grandes orquestras;esporadicamente há concertos de grandes orquestras;3,2224100000000817;esporadicamente há concertos de grandes orquestras;;[{'text': 'esporadicamente', 'timestamp': (0.16, 1.04)}, {'text': 'há', 'timestamp': (1.18, 1.22)}, {'text': 'concertos', 'timestamp': (1.36, 1.86)}, {'text': 'de', 'timestamp': (1.94, 2.0)}, {'text': 'grandes', 'timestamp': (2.12, 2.48)}, {'text': 'orquestras', 'timestamp': (2.56, 3.08)}];0,0;0,0;0,0;0,0
./audios/SP_D2_333_920.11187_923.04991.wav;920,11187;923,04991;mas aqui nós não temos os Concertos para a Juventude da Globo?;mas aqui nós não temos os concertos para a juventude da globo;2,938040000000001;mas aqui nós não temos os concertos para juventude da globo;;[{'text': 'mas', 'timestamp': (0.06, 0.2)}, {'text': 'aqui', 'timestamp': (0.26, 0.4)}, {'text': 'nós', 'timestamp': (0.48, 0.56)}, {'text': 'não', 'timestamp': (0.62, 0.7)}, {'text': 'temos', 'timestamp': (0.76, 0.96)}, {'text': 'os', 'timestamp': (1.02, 1.08)}, {'text': 'concertos', 'timestamp': (1.16, 1.6)}, {'text': 'para', 'timestamp': (1.66, 1.82)}, {'text': 'juventude', 'timestamp': (1.86, 2.34)}, {'text': 'da', 'timestamp': (2.48, 2.54)}, {'text': 'globo', 'timestamp': (2.62, 2.86)}];0,08333333333333333;0,08333333333333333;0,08333333333333337;0,03278688524590164
./audios/SP_D2_333_923.52215_925.90977.wav;923,52215;925,90977;e não temos boas orquestras também ( );e não temos boas orquestras também;2,38761999999997;e não temos boas orquestras também nem;;[{'text': 'e', 'timestamp': (0.06, 0.08)}, {'text': 'não', 'timestamp': (0.16, 0.24)}, {'text': 'temos', 'timestamp': (0.34, 0.56)}, {'text': 'boas', 'timestamp': (0.66, 0.86)}, {'text': 'orquestras', 'timestamp': (0.96, 1.44)}, {'text': 'também', 'timestamp': (1.52, 1.8)}, {'text': 'nem', 'timestamp': (1.88, 2.0)}];0,16666666666666666;0,14285714285714285;0,1428571428571429;0,11764705882352941
./audios/SP_D2_333_925.90977_928.31388.wav;925,90977;928,31388;inclusive na Tupi temos boas orquestras e temos;inclusive na tupi temos boas orquestras e temos;2,4041100000000597;inclusive na tupi temos bons orquestras e temos;;[{'text': 'inclusive', 'timestamp': (0.0, 0.24)}, {'text': 'na', 'timestamp': (0.3, 0.34)}, {'text': 'tupi', 'timestamp': (0.42, 0.64)}, {'text': 'temos', 'timestamp': (0.76, 0.94)}, {'text': 'bons', 'timestamp': (1.04, 1.22)}, {'text': 'orquestras', 'timestamp': (1.3, 1.9)}, {'text': 'e', 'timestamp': (1.96, 2.0)}, {'text': 'temos', 'timestamp': (2.08, 2.28)}];0,125;0,125;0,234375;0,02127659574468085
./audios/SP_D2_333_928.96_931.31483.wav;928,96;931,31483;e no que tange a nossa música popular;e no que tange a nossa música popular;2,3548299999999927;e no que tange a nossa música popular;;[{'text': 'e', 'timestamp': (0.08, 0.1)}, {'text': 'no', 'timestamp': (0.16, 0.22)}, {'text': 'que', 'timestamp': (0.28, 0.36)}, {'text': 'tange', 'timestamp': (0.5, 0.8)}, {'text': 'a', 'timestamp': (0.9, 0.92)}, {'text': 'nossa', 'timestamp': (1.0, 1.24)}, {'text': 'música', 'timestamp': (1.36, 1.7)}, {'text': 'popular', 'timestamp': (1.8, 2.24)}];0,0;0,0;0,0;0,0
./audios/SP_D2_333_931.31483_932.35943.wav;931,31483;932,35943;eu acho que::;eu acho que;1,0445999999999458;eu acho que;;[{'text': 'eu', 'timestamp': (0.08, 0.16)}, {'text': 'acho', 'timestamp': (0.24, 0.46)}, {'text': 'que', 'timestamp': (0.56, 0.62)}];0,0;0,0;0,0;0,0
./audios/SP_D2_333_932.35943_933.22393.wav;932,35943;933,22393;agora;agora;0,8645000000000209;agora;;[{'text': 'agora', 'timestamp': (1.08, 1.66)}];0,0;0,0;0,0;0,0
./audios/SP_D2_333_933.22393_935.18079.wav;933,22393;935,18079;a televisão está abrindo as portas;a televisão está abrindo as portas;1,956860000000006;a televisão está abrindo as portas;;[{'text': 'a', 'timestamp': (0.04, 0.08)}, {'text': 'televisão', 'timestamp': (0.12, 0.46)}, {'text': 'está', 'timestamp': (0.54, 0.72)}, {'text': 'abrindo', 'timestamp': (0.82, 1.06)}, {'text': 'as', 'timestamp': (1.16, 1.2)}, {'text': 'portas', 'timestamp': (1.38, 1.76)}];0,0;0,0;0,0;0,0
./audios/SP_D2_333_935.65221_936.97255.wav;935,65221;936,97255;para a nossa música popuLAR;para a nossa música popular;1,3203399999999874;para a nossa música popular;;[{'text': 'para', 'timestamp': (0.06, 0.22)}, {'text': 'a', 'timestamp': (0.24, 0.26)}, {'text': 'nossa', 'timestamp': (0.34, 0.54)}, {'text': 'música', 'timestamp': (0.62, 0.84)}, {'text': 'popular', 'timestamp': (0.92, 1.18)}];0,0;0,0;0,0;0,0
./audios/SP_D2_333_937.19992_938.36632.wav;937,19992;938,36632;coisa que o rádio não faz;coisa que o rádio não faz;1,1663999999999533;coisa que o rádio não faz;;[{'text': 'coisa', 'timestamp': (0.04, 0.22)}, {'text': 'que', 'timestamp': (0.3, 0.36)}, {'text': 'o', 'timestamp': (0.4, 0.42)}, {'text': 'rádio', 'timestamp': (0.46, 0.66)}, {'text': 'não', 'timestamp': (0.72, 0.78)}, {'text': 'faz', 'timestamp': (0.88, 1.02)}];0,0;0,0;0,0;0,0
./audios/SP_D2_333_938.36632_939.06716.wav;938,36632;939,06716;porque o rádio;porque o rádio;0,700839999999971;pelo rádio;;[{'text': 'pelo', 'timestamp': (1.06, 1.18)}, {'text': 'rádio', 'timestamp': (1.28, 1.62)}];0,6666666666666666;0,6666666666666666;0,8333333333333334;0,35714285714285715
./audios/SP_D2_333_939.06716_940.55408.wav;939,06716;940,55408;quando se ouve um rádio brasileiro;quando se ouve um rádio brasileiro;1,4869200000000546;quando se ouve um rádio brasileiro;;[{'text': 'quando', 'timestamp': (0.0, 0.16)}, {'text': 'se', 'timestamp': (0.26, 0.32)}, {'text': 'ouve', 'timestamp': (0.36, 0.5)}, {'text': 'um', 'timestamp': (0.56, 0.6)}, {'text': 'rádio', 'timestamp': (0.64, 0.9)}, {'text': 'brasileiro', 'timestamp': (0.96, 1.42)}];0,0;0,0;0,0;0,0
./audios/SP_D2_333_940.86183_942.60478.wav;940,86183;942,60478;tem-se a impressão que se está nos Estados Unidos;temse a impressão que se está nos estados unidos;1,7429499999999507;tem isso a impressão que se está nos estados os;;[{'text': 'tem', 'timestamp': (0.04, 0.12)}, {'text': 'isso', 'timestamp': (0.14, 0.24)}, {'text': 'a', 'timestamp': (0.26, 0.28)}, {'text': 'impressão', 'timestamp': (0.32, 0.56)}, {'text': 'que', 'timestamp': (0.6, 0.68)}, {'text': 'se', 'timestamp': (0.7, 0.78)}, {'text': 'está', 'timestamp': (0.82, 0.94)}, {'text': 'nos', 'timestamp': (1.04, 1.1)}, {'text': 'estados', 'timestamp': (1.12, 1.34)}, {'text': 'os', 'timestamp': (1.42, 1.62)}];0,3333333333333333;0,3;0,4555555555555556;0,16666666666666666
./audios/SP_D2_333_942.60478_942.96339.wav;942,60478;942,96339;não é?;não é;0,35860999999999876;ah;;[{'text': 'ah', 'timestamp': (1.14, 1.26)}];1,0;1,0;1,0;1,0
./audios/SP_D2_333_943.33726_945.24733.wav;943,33726;945,24733;é o dia inteirinho música pop;é o dia inteirinho música pop;1,9100700000000188;é o dia terin música pop;;[{'text': 'é', 'timestamp': (0.08, 0.1)}, {'text': 'o', 'timestamp': (0.18, 0.2)}, {'text': 'dia', 'timestamp': (0.3, 0.36)}, {'text': 'terin', 'timestamp': (0.52, 0.78)}, {'text': 'música', 'timestamp': (0.96, 1.24)}, {'text': 'pop', 'timestamp': (1.4, 1.74)}];0,16666666666666666;0,16666666666666666;0,30555555555555547;0,1724137931034483
./audios/SP_D2_333_951.84886_952.08984.wav;951,84886;952,08984;é;é;0,24098000000003594;é;;[{'text': 'é', 'timestamp': (1.04, 1.06)}];0,0;0,0;0,0;0,0
./audios/SP_D2_333_953.22035_953.80455.wav;953,22035;953,80455;[profissional;profissional;0,5841999999998961;grace o giro;;[{'text': 'grace', 'timestamp': (1.0, 1.24)}, {'text': 'o', 'timestamp': (1.3, 1.32)}, {'text': 'giro', 'timestamp': (1.4, 1.68)}];3,0;1,0;1,0;0,9166666666666666
./audios/SP_D2_333_961.90688_962.08944.wav;961,90688;962,08944;hã;ah;0,18255999999996675;é;;[{'text': 'é', 'timestamp': (1.06, 1.08)}];1,0;1,0;1,0;1,0
./audios/SP_D2_333_965.91924_966.92863.wav;965,91924;966,92863;[não sabiam nada;não sabiam nada;1,009390000000053;a vila nada;;[{'text': 'a', 'timestamp': (0.44, 0.48)}, {'text': 'vila', 'timestamp': (0.5, 0.68)}, {'text': 'nada', 'timestamp': (0.72, 0.94)}];0,6666666666666666;0,6666666666666666;0,8888888888888888;0,5333333333333333
./audios/SP_D2_333_966.92863_967.26402.wav;966,92863;967,26402;[não é?;não é;0,3353899999999612;eroni;;[{'text': 'eroni', 'timestamp': (1.04, 1.26)}];1,0;1,0;1,0;0,8
./audios/SP_D2_333_980.4524_980.96441.wav;980,4524;980,96441;[é;é;0,512010000000032;é ele;;[{'text': 'é', 'timestamp': (1.04, 1.06)}, {'text': 'ele', 'timestamp': (1.32, 1.58)}];1,0;0,5;0,5;4,0
./audios/SP_D2_333_981.57792_985.59717.wav;981,57792;985,59717;[na Globo eles têm aquele [( );na globo eles têm aquele;4,019250000000056;na globo eles têm aquele pode já caberá;;[{'text': 'na', 'timestamp': (0.0, 0.16)}, {'text': 'globo', 'timestamp': (0.28, 0.54)}, {'text': 'eles', 'timestamp': (0.58, 0.72)}, {'text': 'têm', 'timestamp': (0.82, 1.04)}, {'text': 'aquele', 'timestamp': (1.1, 1.38)}, {'text': 'pode', 'timestamp': (1.78, 1.96)}, {'text': 'já', 'timestamp': (2.4, 2.46)}, {'text': 'caberá', 'timestamp': (2.62, 3.16)}];0,6;0,375;0,375;0,625
./audios/SP_D2_333_985.59717_986.43476.wav;985,59717;986,43476;na:::;na;0,8375899999999774;na;;[{'text': 'na', 'timestamp': (1.12, 1.18)}];0,0;0,0;0,0;0,0
./audios/SP_D2_333_986.43476_988.64333.wav;986,43476;988,64333;na Tupi eles têm daquela:::;na tupi eles têm daquela;2,208570000000009;a atopia eles têm daquela;;[{'text': 'a', 'timestamp': (0.08, 0.1)}, {'text': 'atopia', 'timestamp': (0.16, 0.44)}, {'text': 'eles', 'timestamp': (0.46, 0.6)}, {'text': 'têm', 'timestamp': (0.68, 0.8)}, {'text': 'daquela', 'timestamp': (0.9, 1.18)}];0,4;0,4;0,64;0,16666666666666666
./audios/SP_D2_333_989.0353_989.90555.wav;989,0353;989,90555;aquela moça;aquela moça;0,8702499999999418;aquela moça era;;[{'text': 'aquela', 'timestamp': (1.0, 1.2)}, {'text': 'moça', 'timestamp': (1.32, 1.56)}, {'text': 'era', 'timestamp': (1.64, 1.76)}];0,5;0,3333333333333333;0,33333333333333337;0,36363636363636365
./audios/SP_D2_333_989.90555_991.33432.wav;989,90555;991,33432;--como é que ela chama interessante--;como é que ela chama interessante;1,4287700000000996;uma que ela chama interessante;;[{'text': 'uma', 'timestamp': (0.12, 0.18)}, {'text': 'que', 'timestamp': (0.22, 0.28)}, {'text': 'ela', 'timestamp': (0.3, 0.38)}, {'text': 'chama', 'timestamp': (0.44, 0.6)}, {'text': 'interessante', 'timestamp': (0.7, 1.2)}];0,3333333333333333;0,3333333333333333;0,4666666666666667;0,15151515151515152
./audios/SP_D2_333_991.83181_992.35181.wav;991,83181;992,35181;é uma;é uma;0,5199999999999818;elma;;[{'text': 'elma', 'timestamp': (1.08, 1.28)}];1,0;1,0;1,0;0,6
./audios/SP_D2_333_992.53282_992.72127.wav;992,53282;992,72127;a;a;0,1884499999999889;a;;[{'text': 'a', 'timestamp': (0.82, 0.88)}];0,0;0,0;0,0;0,0
./audios/SP_D2_333_992.72127_993.52162.wav;992,72127;993,52162;Aída;aída;0,8003499999999804;aída;;[{'text': 'aída', 'timestamp': (1.14, 1.52)}];0,0;0,0;0,0;0,0
./audios/SP_D2_333_993.965_994.23636.wav;993,965;994,23636;não;não;0,27135999999995875;o;;[{'text': 'o', 'timestamp': (2.22, 2.24)}];1,0;1,0;1,0;0,6666666666666666
./audios/SP_D2_333_994.93203_995.98318.wav;994,93203;995,98318;[me esqueci agora o nome dela;me esqueci agora o nome dela;1,0511499999998932;se se pare no dado;;[{'text': 'se', 'timestamp': (0.04, 0.1)}, {'text': 'se', 'timestamp': (0.18, 0.24)}, {'text': 'pare', 'timestamp': (0.38, 0.5)}, {'text': 'no', 'timestamp': (0.62, 0.7)}, {'text': 'dado', 'timestamp': (0.74, 0.94)}];1,0;1,0;1,0;0,6071428571428571
./audios/SP_D2_333_996.47861_996.93811.wav;996,47861;996,93811;[que é::;que é;0,4595000000000482;de onda;;[{'text': 'de', 'timestamp': (1.02, 1.08)}, {'text': 'onda', 'timestamp': (1.2, 1.44)}];1,0;1,0;1,0;1,2
./audios/SP_D2_333_996.93811_997.83218.wav;996,93811;997,83218;da::;da;0,8940699999999424;caros no;;[{'text': 'caros', 'timestamp': (0.96, 1.78)}, {'text': 'no', 'timestamp': (1.84, 1.92)}];2,0;1,0;1,0;3,5
./audios/SP_D2_333_999.86_1003.11862.wav;999,86;1003,11862;me esqueci o nome da da coreógrafa em que apresenta os;me esqueci o nome da da coreógrafa em que apresenta os;3,258619999999951;esqueci o nome da da coriógrafa e que apresenta o;;[{'text': 'esqueci', 'timestamp': (0.06, 0.32)}, {'text': 'o', 'timestamp': (0.44, 0.48)}, {'text': 'nome', 'timestamp': (0.52, 0.68)}, {'text': 'da', 'timestamp': (0.94, 1.0)}, {'text': 'da', 'timestamp': (1.1, 1.14)}, {'text': 'coriógrafa', 'timestamp': (1.24, 1.98)}, {'text': 'e', 'timestamp': (2.2, 2.22)}, {'text': 'que', 'timestamp': (2.32, 2.4)}, {'text': 'apresenta', 'timestamp': (2.44, 2.9)}, {'text': 'o', 'timestamp': (2.98, 3.0)}];0,36363636363636365;0,36363636363636365;0,5545454545454546;0,1111111111111111
./audios/SP_D2_333_1003.11862_1004.4.wav;1003,11862;1004,4;Aládia Centenaro;aládia centenaro;1,2813800000000128;a la dia centenário;;[{'text': 'a', 'timestamp': (0.18, 0.2)}, {'text': 'la', 'timestamp': (0.26, 0.32)}, {'text': 'dia', 'timestamp': (0.42, 0.52)}, {'text': 'centenário', 'timestamp': (0.6, 1.08)}];2,0;1,0;1,0;0,3125
./audios/SP_D2_333_1004.88_1005.65522.wav;1004,88;1005,65522;da da Tupi;da da tupi;0,7752199999999903;badatupi;;[{'text': 'badatupi', 'timestamp': (1.08, 1.56)}];1,0;1,0;1,0;0,3
./audios/SP_D2_333_1005.65522_1008.76283.wav;1005,65522;1008,76283;é Aládia Centenaro e o João Carlos Berarti é o da::;é aládia centenaro e o joão carlos berarti é o da;3,1076100000000224;alaria safenado e joão carlos berat é o da;;[{'text': 'alaria', 'timestamp': (0.08, 0.32)}, {'text': 'safenado', 'timestamp': (0.4, 0.98)}, {'text': 'e', 'timestamp': (1.02, 1.04)}, {'text': 'joão', 'timestamp': (1.14, 1.26)}, {'text': 'carlos', 'timestamp': (1.36, 1.64)}, {'text': 'berat', 'timestamp': (1.72, 2.2)}, {'text': 'é', 'timestamp': (2.46, 2.48)}, {'text': 'o', 'timestamp': (2.6, 2.62)}, {'text': 'da', 'timestamp': (2.76, 2.82)}];0,45454545454545453;0,45454545454545453;0,6363636363636365;0,2653061224489796
./audios/SP_D2_333_1011.98977_1013.25446.wav;1011,98977;1013,25446;[acho e acho;acho e acho;1,2646899999999732;eu acho ele acho;;[{'text': 'eu', 'timestamp': (0.0, 0.08)}, {'text': 'acho', 'timestamp': (0.18, 0.38)}, {'text': 'ele', 'timestamp': (0.54, 0.76)}, {'text': 'acho', 'timestamp': (0.86, 1.14)}];0,6666666666666666;0,5;0,6666666666666667;0,45454545454545453
./audios/SP_D2_333_1013.25446_1015.94242.wav;1013,25446;1015,94242;--agora então bato numa tecla que eu sempre bati--;agora então bato numa tecla que eu sempre bati;2,6879599999999755;agora então eu bato numa tecla em que eu sempre bati;;[{'text': 'agora', 'timestamp': (0.08, 0.38)}, {'text': 'então', 'timestamp': (0.46, 0.7)}, {'text': 'eu', 'timestamp': (0.8, 0.86)}, {'text': 'bato', 'timestamp': (0.92, 1.12)}, {'text': 'numa', 'timestamp': (1.2, 1.32)}, {'text': 'tecla', 'timestamp': (1.48, 1.74)}, {'text': 'em', 'timestamp': (1.78, 1.82)}, {'text': 'que', 'timestamp': (1.84, 1.9)}, {'text': 'eu', 'timestamp': (1.92, 1.98)}, {'text': 'sempre', 'timestamp': (2.04, 2.2)}, {'text': 'bati', 'timestamp': (2.32, 2.52)}];0,2222222222222222;0,18181818181818182;0,18181818181818177;0,13043478260869565
./audios/SP_D2_333_1015.94242_1017.72782.wav;1015,94242;1017,72782;acho que a televisão brasileira;acho que a televisão brasileira;1,7853999999999814;acho que a televisão brasileira;;[{'text': 'acho', 'timestamp': (0.2, 0.48)}, {'text': 'que', 'timestamp': (0.58, 0.64)}, {'text': 'a', 'timestamp': (0.7, 0.72)}, {'text': 'televisão', 'timestamp': (0.76, 1.1)}, {'text': 'brasileira', 'timestamp': (1.18, 1.68)}];0,0;0,0;0,0;0,0
./audios/SP_D2_333_1018.36781_1019.50304.wav;1018,36781;1019,50304;irá encontrar;irá encontrar;1,1352300000000923;irá encontrar;;[{'text': 'irá', 'timestamp': (0.1, 0.24)}, {'text': 'encontrar', 'timestamp': (0.38, 0.96)}];0,0;0,0;0,0;0,0
./audios/SP_D2_333_1019.50304_1021.16965.wav;1019,50304;1021,16965;do ponto de vista ficcioNAL;do ponto de vista ficcional;1,6666099999999915;do ponto de vista ficcional;;[{'text': 'do', 'timestamp': (0.08, 0.12)}, {'text': 'ponto', 'timestamp': (0.22, 0.4)}, {'text': 'de', 'timestamp': (0.46, 0.52)}, {'text': 'vista', 'timestamp': (0.58, 0.76)}, {'text': 'ficcional', 'timestamp': (0.86, 1.42)}];0,0;0,0;0,0;0,0
./audios/SP_D2_333_1021.79764_1023.25797.wav;1021,79764;1023,25797;irá encontrar o seu caminho;irá encontrar o seu caminho;1,460329999999999;irá encontrar o seu caminho;;[{'text': 'irá', 'timestamp': (0.1, 0.24)}, {'text': 'encontrar', 'timestamp': (0.36, 0.74)}, {'text': 'o', 'timestamp': (0.82, 0.84)}, {'text': 'seu', 'timestamp': (0.94, 1.04)}, {'text': 'caminho', 'timestamp': (1.12, 1.4)}];0,0;0,0;0,0;0,0
./audios/SP_D2_333_1023.37275_1025.94146.wav;1023,37275;1025,94146;é através da tão malfadada TElenovela;é através da tão malfadada telenovela;2,56871000000001;é através da tão malfadada telenovela;;[{'text': 'é', 'timestamp': (0.04, 0.06)}, {'text': 'através', 'timestamp': (0.16, 0.68)}, {'text': 'da', 'timestamp': (0.74, 0.8)}, {'text': 'tão', 'timestamp': (0.94, 1.04)}, {'text': 'malfadada', 'timestamp': (1.1, 1.7)}, {'text': 'telenovela', 'timestamp': (1.88, 2.44)}];0,0;0,0;0,0;0,0
./audios/SP_D2_333_1026.54187_1027.55934.wav;1026,54187;1027,55934;porque a telenovela;porque a telenovela;1,017470000000003;porque a tele novela;;[{'text': 'porque', 'timestamp': (0.06, 0.22)}, {'text': 'a', 'timestamp': (0.26, 0.28)}, {'text': 'tele', 'timestamp': (0.34, 0.5)}, {'text': 'novela', 'timestamp': (0.56, 0.9)}];0,6666666666666666;0,5;0,6666666666666667;0,05263157894736842
./audios/SP_D2_333_1027.69226_1028.74117.wav;1027,69226;1028,74117;como ela é feita aqui;como ela é feita aqui;1,048909999999978;como ela é feita aqui;;[{'text': 'como', 'timestamp': (0.04, 0.16)}, {'text': 'ela', 'timestamp': (0.26, 0.32)}, {'text': 'é', 'timestamp': (0.38, 0.4)}, {'text': 'feita', 'timestamp': (0.5, 0.72)}, {'text': 'aqui', 'timestamp': (0.78, 0.94)}];0,0;0,0;0,0;0,0
./audios/SP_D2_333_1028.74117_1029.88.wav;1028,74117;1029,88;é um gênero nosso;é um gênero nosso;1,1388300000000982;é um gênero o laço;;[{'text': 'é', 'timestamp': (0.06, 0.08)}, {'text': 'um', 'timestamp': (0.12, 0.16)}, {'text': 'gênero', 'timestamp': (0.3, 0.54)}, {'text': 'o', 'timestamp': (0.64, 0.66)}, {'text': 'laço', 'timestamp': (0.72, 1.0)}];0,5;0,4;0,55;0,29411764705882354
./audios/SP_D2_333_1029.88_1030.45809.wav;1029,88;1030,45809;é um gênero;é um gênero;0,5780899999999747;o gênero;;[{'text': 'o', 'timestamp': (1.1, 1.14)}, {'text': 'gênero', 'timestamp': (1.26, 1.52)}];0,6666666666666666;0,6666666666666666;0,8333333333333334;0,36363636363636365
./audios/SP_D2_333_1030.77781_1031.79819.wav;1030,77781;1031,79819;que o estrangeiro;que o estrangeiro;1,020379999999932;que o estrangeiro;;[{'text': 'que', 'timestamp': (0.02, 0.1)}, {'text': 'o', 'timestamp': (0.12, 0.14)}, {'text': 'estrangeiro', 'timestamp': (0.16, 0.84)}];0,0;0,0;0,0;0,0
./audios/SP_D2_333_1032.13805_1032.98096.wav;1032,13805;1032,98096;o estrangeiro;o estrangeiro;0,8429100000000744;ostranchin;;[{'text': 'ostranchin', 'timestamp': (1.08, 1.66)}];1,0;1,0;1,0;0,46153846153846156
./audios/SP_D2_333_1033.12_1035.72541.wav;1033,12;1035,72541;de bom nível intê/ intelectual que chega ao Brasil;de bom nível intê intelectual que chega ao brasil;2,60541000000012;de bom nível e intelectual que chega ao brasil;;[{'text': 'de', 'timestamp': (0.08, 0.14)}, {'text': 'bom', 'timestamp': (0.2, 0.32)}, {'text': 'nível', 'timestamp': (0.4, 0.6)}, {'text': 'e', 'timestamp': (0.82, 0.84)}, {'text': 'intelectual', 'timestamp': (1.18, 1.62)}, {'text': 'que', 'timestamp': (1.68, 1.76)}, {'text': 'chega', 'timestamp': (1.9, 2.1)}, {'text': 'ao', 'timestamp': (2.12, 2.16)}, {'text': 'brasil', 'timestamp': (2.2, 2.46)}];0,1111111111111111;0,1111111111111111;0,2098765432098766;0,08163265306122448
./audios/SP_D2_333_1036.24146_1038.51345.wav;1036,24146;1038,51345;se enamora das boas novelas bem entendido;se enamora das boas novelas bem entendido;2,2719899999999598;se a namora das boas viera bem entendido;;[{'text': 'se', 'timestamp': (0.04, 0.2)}, {'text': 'a', 'timestamp': (0.22, 0.24)}, {'text': 'namora', 'timestamp': (0.26, 0.68)}, {'text': 'das', 'timestamp': (0.76, 0.86)}, {'text': 'boas', 'timestamp': (0.96, 1.12)}, {'text': 'viera', 'timestamp': (1.34, 1.5)}, {'text': 'bem', 'timestamp': (1.62, 1.7)}, {'text': 'entendido', 'timestamp': (1.74, 2.1)}];0,42857142857142855;0,375;0,5535714285714286;0,17073170731707318
./audios/SP_D2_333_1038.51345_1039.36594.wav;1038,51345;1039,36594;então Gabriela;então gabriela;0,8524899999999889;então gabriela;;[{'text': 'então', 'timestamp': (1.04, 1.22)}, {'text': 'gabriela', 'timestamp': (1.3, 1.7)}];0,0;0,0;0,0;0,0
./audios/SP_D2_333_1039.71719_1041.21932.wav;1039,71719;1041,21932;conversei com um professor francês;conversei com um professor francês;1,5021299999998519;conversei com o professor frances;;[{'text': 'conversei', 'timestamp': (0.06, 0.34)}, {'text': 'com', 'timestamp': (0.4, 0.46)}, {'text': 'o', 'timestamp': (0.48, 0.5)}, {'text': 'professor', 'timestamp': (0.56, 0.9)}, {'text': 'frances', 'timestamp': (0.98, 1.4)}];0,4;0,4;0,64;0,08823529411764706
./audios/SP_D2_333_1041.21932_1044.71073.wav;1041,21932;1044,71073;que disse que jamais isso veria nada parecido em Paris;que disse que jamais isso veria nada parecido em paris;3,491410000000087;que diz que jamais isso teria nada parecido em paris;;[{'text': 'que', 'timestamp': (0.06, 0.14)}, {'text': 'diz', 'timestamp': (0.18, 0.26)}, {'text': 'que', 'timestamp': (0.36, 0.44)}, {'text': 'jamais', 'timestamp': (0.56, 1.08)}, {'text': 'isso', 'timestamp': (1.28, 1.48)}, {'text': 'teria', 'timestamp': (1.68, 1.94)}, {'text': 'nada', 'timestamp': (2.02, 2.2)}, {'text': 'parecido', 'timestamp': (2.32, 2.7)}, {'text': 'em', 'timestamp': (2.8, 2.86)}, {'text': 'paris', 'timestamp': (2.92, 3.22)}];0,2;0,2;0,3599999999999999;0,07407407407407407
./audios/SP_D2_333_1045.10544_1046.76446.wav;1045,10544;1046,76446;que achava que a televisão que se fazia lá;que achava que a televisão que se fazia lá;1,659020000000055;que achavam que a televisão que se fazia lá;;[{'text': 'que', 'timestamp': (0.04, 0.14)}, {'text': 'achavam', 'timestamp': (0.16, 0.42)}, {'text': 'que', 'timestamp': (0.44, 0.5)}, {'text': 'a', 'timestamp': (0.52, 0.54)}, {'text': 'televisão', 'timestamp': (0.58, 0.82)}, {'text': 'que', 'timestamp': (0.86, 0.92)}, {'text': 'se', 'timestamp': (0.96, 1.0)}, {'text': 'fazia', 'timestamp': (1.06, 1.26)}, {'text': 'lá', 'timestamp': (1.4, 1.44)}];0,1111111111111111;0,1111111111111111;0,2098765432098766;0,023809523809523808
./audios/SP_D2_333_1047.19565_1047.37098.wav;1047,19565;1047,37098;ah;ah;0,17533000000003085;sete;;[{'text': 'sete', 'timestamp': (0.84, 1.26)}];1,0;1,0;1,0;2,0
./audios/SP_D2_333_1047.37098_1048.62192.wav;1047,37098;1048,62192;do ponto de vista ficcional;do ponto de vista ficcional;1,2509400000001278;do ponto de vista ficcional;;[{'text': 'do', 'timestamp': (0.06, 0.1)}, {'text': 'ponto', 'timestamp': (0.16, 0.3)}, {'text': 'de', 'timestamp': (0.36, 0.4)}, {'text': 'vista', 'timestamp': (0.44, 0.6)}, {'text': 'ficcional', 'timestamp': (0.7, 1.14)}];0,0;0,0;0,0;0,0
./audios/SP_D2_333_1049.10998_1049.37533.wav;1049,10998;1049,37533;era;era;0,2653500000001259;é;;[{'text': 'é', 'timestamp': (1.06, 1.08)}];1,0;1,0;1,0;1,0
./audios/SP_D2_333_1049.51275_1050.57946.wav;1049,51275;1050,57946;infinitamente pior;infinitamente pior;1,06670999999983;infinitamente pior;;[{'text': 'infinitamente', 'timestamp': (0.06, 0.56)}, {'text': 'pior', 'timestamp': (0.66, 0.86)}];0,0;0,0;0,0;0,0
./audios/SP_D2_333_1050.81114_1051.34285.wav;1050,81114;1051,34285;porque;porque;0,5317099999999755;por quê;;[{'text': 'por', 'timestamp': (1.1, 1.22)}, {'text': 'quê', 'timestamp': (1.32, 1.38)}];2,0;1,0;1,0;0,3333333333333333
./audios/SP_D2_333_1051.6348_1052.88352.wav;1051,6348;1052,88352;eles não têm::;eles não têm;1,2487200000000485;eles não têm;;[{'text': 'eles', 'timestamp': (0.06, 0.32)}, {'text': 'não', 'timestamp': (0.44, 0.54)}, {'text': 'têm', 'timestamp': (0.76, 0.94)}];0,0;0,0;0,0;0,0
./audios/SP_D2_333_1052.88352_1053.23845.wav;1052,88352;1053,23845;eles;eles;0,35492999999996755;eles são;;[{'text': 'eles', 'timestamp': (1.06, 1.18)}, {'text': 'são', 'timestamp': (1.28, 1.42)}];1,0;0,5;0,5;1,0
./audios/SP_D2_333_1053.23845_1053.48155.wav;1053,23845;1053,48155;éh;eh;0,24309999999991305;é;;[{'text': 'é', 'timestamp': (1.06, 1.08)}];1,0;1,0;1,0;1,0
./audios/SP_D2_333_1053.48155_1054.55208.wav;1053,48155;1054,55208;em matéria de ficção;em matéria de ficção;1,0705299999999625;em matéria de ficção;;[{'text': 'em', 'timestamp': (0.08, 0.14)}, {'text': 'matéria', 'timestamp': (0.18, 0.5)}, {'text': 'de', 'timestamp': (0.54, 0.58)}, {'text': 'ficção', 'timestamp': (0.64, 0.98)}];0,0;0,0;0,0;0,0
./audios/SP_D2_333_1054.55208_1055.56289.wav;1054,55208;1055,56289;são os velhos filmes;são os velhos filmes;1,0108099999999922;são os velhos comes;;[{'text': 'são', 'timestamp': (0.08, 0.16)}, {'text': 'os', 'timestamp': (0.22, 0.26)}, {'text': 'velhos', 'timestamp': (0.34, 0.6)}, {'text': 'comes', 'timestamp': (0.7, 0.94)}];0,25;0,25;0,4375;0,15
./audios/SP_D2_333_1055.56289_1055.73827.wav;1055,56289;1055,73827;não é?;não é;0,17538000000013199;o;;[{'text': 'o', 'timestamp': (1.04, 1.06)}];1,0;1,0;1,0;0,8
./audios/SP_D2_333_1055.73827_1056.49198.wav;1055,73827;1056,49198;que são ( );que são;0,7537099999999555;são retome;;[{'text': 'são', 'timestamp': (1.06, 1.14)}, {'text': 'retome', 'timestamp': (1.2, 1.64)}];1,0;1,0;1,0;1,1428571428571428
./audios/SP_D2_333_1056.49198_1057.21408.wav;1056,49198;1057,21408;que nós vimos;que nós vimos;0,7220999999999549;que nós vemos;;[{'text': 'que', 'timestamp': (1.08, 1.16)}, {'text': 'nós', 'timestamp': (1.22, 1.32)}, {'text': 'vemos', 'timestamp': (1.36, 1.58)}];0,3333333333333333;0,3333333333333333;0,5555555555555556;0,07692307692307693
./audios/SP_D2_333_1057.56_1059.36075.wav;1057,56;1059,36075;onde predomina o mercado;onde predomina o mercado;1,8007500000001073;onde predomina o mercado;;[{'text': 'onde', 'timestamp': (0.12, 0.24)}, {'text': 'predomina', 'timestamp': (0.34, 0.78)}, {'text': 'o', 'timestamp': (0.96, 1.0)}, {'text': 'mercado', 'timestamp': (1.06, 1.6)}];0,0;0,0;0,0;0,0
./audios/SP_D2_333_1059.70739_1061.18517.wav;1059,70739;1061,18517;do que eu chamo do lixo;do que eu chamo do lixo;1,4777799999999388;o que eu chamo do lixo;;[{'text': 'o', 'timestamp': (0.1, 0.12)}, {'text': 'que', 'timestamp': (0.18, 0.24)}, {'text': 'eu', 'timestamp': (0.3, 0.34)}, {'text': 'chamo', 'timestamp': (0.48, 0.72)}, {'text': 'do', 'timestamp': (0.88, 0.96)}, {'text': 'lixo', 'timestamp': (1.06, 1.42)}];0,16666666666666666;0,16666666666666666;0,30555555555555547;0,043478260869565216
./audios/SP_D2_333_1061.18517_1061.86596.wav;1061,18517;1061,86596;americano;americano;0,6807900000001155;americano;;[{'text': 'americano', 'timestamp': (1.2, 1.66)}];0,0;0,0;0,0;0,0
./audios/SP_D2_333_1062.13034_1063.41362.wav;1062,13034;1063,41362;do que já está caduco;do que já está caduco;1,2832800000001043;do que já está caduco;;[{'text': 'do', 'timestamp': (0.06, 0.1)}, {'text': 'que', 'timestamp': (0.14, 0.22)}, {'text': 'já', 'timestamp': (0.3, 0.34)}, {'text': 'está', 'timestamp': (0.4, 0.56)}, {'text': 'caduco', 'timestamp': (0.7, 1.16)}];0,0;0,0;0,0;0,0
./audios/SP_D2_333_1063.58815_1064.68185.wav;1063,58815;1064,68185;mais ou menos nos Estados Unidos;mais ou menos nos estados unidos;1,0936999999998989;mais ou menos os estados unidos;;[{'text': 'mais', 'timestamp': (0.1, 0.22)}, {'text': 'ou', 'timestamp': (0.26, 0.3)}, {'text': 'menos', 'timestamp': (0.32, 0.5)}, {'text': 'os', 'timestamp': (0.54, 0.58)}, {'text': 'estados', 'timestamp': (0.62, 0.8)}, {'text': 'unidos', 'timestamp': (0.86, 1.06)}];0,16666666666666666;0,16666666666666666;0,30555555555555547;0,03125
./audios/SP_D2_333_1065.15075_1066.9016.wav;1065,15075;1066,9016;isso repetitivamente;isso repetitivamente;1,7508499999999003;isso repetitivamente;;[{'text': 'isso', 'timestamp': (0.1, 0.24)}, {'text': 'repetitivamente', 'timestamp': (0.38, 1.48)}];0,0;0,0;0,0;0,0
./audios/SP_D2_333_1067.48_1069.23098.wav;1067,48;1069,23098;porque ainda se passasse uma vez (não);porque ainda se passasse uma vez não;1,7509800000000268;porque ainda se passasse uma vez não;;[{'text': 'porque', 'timestamp': (0.1, 0.32)}, {'text': 'ainda', 'timestamp': (0.34, 0.5)}, {'text': 'se', 'timestamp': (0.58, 0.62)}, {'text': 'passasse', 'timestamp': (0.72, 1.1)}, {'text': 'uma', 'timestamp': (1.16, 1.24)}, {'text': 'vez', 'timestamp': (1.34, 1.46)}, {'text': 'não', 'timestamp': (1.58, 1.68)}];0,0;0,0;0,0;0,0
./audios/SP_D2_333_1069.55513_1072.56512.wav;1069,55513;1072,56512;o mesmo filme é passado DEZ vinte vezes;o mesmo filme é passado dez vinte vezes;3,009990000000016;o mesmo filme a passado dez vinte vezes;;[{'text': 'o', 'timestamp': (0.06, 0.08)}, {'text': 'mesmo', 'timestamp': (0.18, 0.44)}, {'text': 'filme', 'timestamp': (0.6, 0.78)}, {'text': 'a', 'timestamp': (0.9, 0.92)}, {'text': 'passado', 'timestamp': (1.04, 1.62)}, {'text': 'dez', 'timestamp': (1.94, 2.22)}, {'text': 'vinte', 'timestamp': (2.34, 2.5)}, {'text': 'vezes', 'timestamp': (2.64, 2.9)}];0,125;0,125;0,234375;0,02564102564102564
./audios/SP_D2_333_1072.56512_1072.82963.wav;1072,56512;1072,82963;não é?;não é;0,26450999999997293;sam;;[{'text': 'sam', 'timestamp': (1.04, 1.18)}];1,0;1,0;1,0;1,0
./audios/SP_D2_333_1073.67279_1075.14392.wav;1073,67279;1075,14392;então para nós encontrarmos;então para nós encontrarmos;1,4711299999999028;então para nós encontrarmos;;[{'text': 'então', 'timestamp': (0.1, 0.24)}, {'text': 'para', 'timestamp': (0.32, 0.42)}, {'text': 'nós', 'timestamp': (0.5, 0.66)}, {'text': 'encontrarmos', 'timestamp': (0.78, 1.44)}];0,0;0,0;0,0;0,0
./audios/SP_D2_333_1075.14392_1076.66281.wav;1075,14392;1076,66281;do ponto de vista ficcional;do ponto de vista ficcional;1,5188900000000558;do ponto de vista ficcional;;[{'text': 'do', 'timestamp': (0.04, 0.1)}, {'text': 'ponto', 'timestamp': (0.18, 0.36)}, {'text': 'de', 'timestamp': (0.44, 0.48)}, {'text': 'vista', 'timestamp': (0.56, 0.8)}, {'text': 'ficcional', 'timestamp': (0.9, 1.44)}];0,0;0,0;0,0;0,0
./audios/SP_D2_333_1076.80173_1079.1171.wav;1076,80173;1079,1171;a nossa linguagem televisiva;a nossa linguagem televisiva;2,31537000000003;a nossa linguagem televisiva;;[{'text': 'a', 'timestamp': (0.08, 0.1)}, {'text': 'nossa', 'timestamp': (0.24, 0.66)}, {'text': 'linguagem', 'timestamp': (0.92, 1.5)}, {'text': 'televisiva', 'timestamp': (1.62, 2.2)}];0,0;0,0;0,0;0,0
./audios/SP_D2_333_1079.44_1081.86777.wav;1079,44;1081,86777;eu acho que será mesmo através da telenovela;eu acho que será mesmo através da telenovela;2,4277700000000095;que eu acho que será mesmo através da tela noventa;;[{'text': 'que', 'timestamp': (0.0, 0.08)}, {'text': 'eu', 'timestamp': (0.1, 0.14)}, {'text': 'acho', 'timestamp': (0.16, 0.24)}, {'text': 'que', 'timestamp': (0.28, 0.36)}, {'text': 'será', 'timestamp': (0.42, 0.58)}, {'text': 'mesmo', 'timestamp': (0.8, 1.06)}, {'text': 'através', 'timestamp': (1.24, 1.62)}, {'text': 'da', 'timestamp': (1.68, 1.74)}, {'text': 'tela', 'timestamp': (1.84, 2.0)}, {'text': 'noventa', 'timestamp': (2.06, 2.38)}];0,375;0,3;0,38750000000000007;0,18181818181818182
./audios/SP_D2_333_1081.86777_1083.82402.wav;1081,86777;1083,82402;e acho que estamos encontrando esta;e acho que estamos encontrando esta;1,9562499999999545;e acho que nós estamos encontrando;;[{'text': 'e', 'timestamp': (0.08, 0.1)}, {'text': 'acho', 'timestamp': (0.24, 0.36)}, {'text': 'que', 'timestamp': (0.4, 0.48)}, {'text': 'nós', 'timestamp': (0.5, 0.6)}, {'text': 'estamos', 'timestamp': (0.66, 0.98)}, {'text': 'encontrando', 'timestamp': (1.06, 1.64)}];0,3333333333333333;0,2857142857142857;0,30555555555555547;0,2571428571428571
./audios/SP_D2_333_1083.82402_1084.8371.wav;1083,82402;1084,8371;este caminho;este caminho;1,0130799999999454;esticaria;;[{'text': 'esticaria', 'timestamp': (0.3, 0.84)}];1,0;1,0;1,0;0,5
./audios/SP_D2_333_1091.97713_1093.11855.wav;1091,97713;1093,11855;[(pois é que aceita);pois é que aceita;1,1414199999999255;eu estava em seus pecados;;[{'text': 'eu', 'timestamp': (0.22, 0.28)}, {'text': 'estava', 'timestamp': (0.32, 0.54)}, {'text': 'em', 'timestamp': (0.6, 0.64)}, {'text': 'seus', 'timestamp': (0.68, 0.84)}, {'text': 'pecados', 'timestamp': (0.86, 1.1)}];1,25;1,0;1,0;1,1176470588235294
./audios/SP_D2_333_1093.11855_1094.68114.wav;1093,11855;1094,68114;as faixas que aceitam [uma novela;as faixas que aceitam uma novela;1,5625900000000001;a case pois;;[{'text': 'a', 'timestamp': (0.44, 0.46)}, {'text': 'case', 'timestamp': (0.6, 0.86)}, {'text': 'pois', 'timestamp': (1.16, 1.32)}];1,0;1,0;1,0;0,78125
./audios/SP_D2_333_1101.2_1101.44.wav;1101,2;1101,44;hum;uh;0,2400000000000091;e;;[{'text': 'e', 'timestamp': (1.08, 1.1)}];1,0;1,0;1,0;1,0
./audios/SP_D2_333_1109.91839_1110.13271.wav;1109,91839;1110,13271;hum;uh;0,21432000000004336;e;;[{'text': 'e', 'timestamp': (0.8, 0.82)}];1,0;1,0;1,0;1,0
./audios/SP_D2_333_1110.86655_1111.74267.wav;1110,86655;1111,74267;em [Florianópolis;em florianópolis;0,8761200000001281;e florido;;[{'text': 'e', 'timestamp': (1.08, 1.1)}, {'text': 'florido', 'timestamp': (1.16, 1.44)}];1,0;1,0;1,0;0,5
./audios/SP_D2_333_1111.74267_1112.08712.wav;1111,74267;1112,08712;ou não?;ou não;0,3444499999998243;glória;;[{'text': 'glória', 'timestamp': (1.02, 1.28)}];1,0;1,0;1,0;1,0
./audios/SP_D2_333_1113.17505_1113.80406.wav;1113,17505;1113,80406;[em Florianópolis;em florianópolis;0,6290099999998802;onde é;;[{'text': 'onde', 'timestamp': (1.3, 1.52)}, {'text': 'é', 'timestamp': (1.62, 1.64)}];1,0;1,0;1,0;0,875
./audios/SP_D2_333_1156.5203_1157.4.wav;1156,5203;1157,4;[mas você [veja;mas você veja;0,8797000000001844;ora você veja;;[{'text': 'ora', 'timestamp': (1.04, 1.12)}, {'text': 'você', 'timestamp': (1.3, 1.44)}, {'text': 'veja', 'timestamp': (1.54, 1.78)}];0,3333333333333333;0,3333333333333333;0,5555555555555556;0,23076923076923078
./audios/SP_D2_333_1158.39856_1158.82148.wav;1158,39856;1158,82148;[(hã);ah;0,4229199999999764;a verão;;[{'text': 'a', 'timestamp': (1.0, 1.02)}, {'text': 'verão', 'timestamp': (1.06, 1.26)}];2,0;1,0;1,0;3,0
./audios/SP_D2_333_1164.76_1165.44.wav;1164,76;1165,44;[e você vai (diz/);e você vai diz;0,6800000000000637;você vai comer;;[{'text': 'você', 'timestamp': (1.1, 1.26)}, {'text': 'vai', 'timestamp': (1.32, 1.38)}, {'text': 'comer', 'timestamp': (1.44, 1.6)}];0,5;0,5;0,6666666666666667;0,5
./audios/SP_D2_333_1171.1706_1172.29597.wav;1171,1706;1172,29597;[se a Maria morreu ou não;se a maria morreu ou não;1,1253699999999753;a maria morreono;;[{'text': 'a', 'timestamp': (0.14, 0.16)}, {'text': 'maria', 'timestamp': (0.2, 0.4)}, {'text': 'morreono', 'timestamp': (0.48, 0.98)}];0,6666666666666666;0,6666666666666666;0,7777777777777778;0,3333333333333333
./audios/SP_D2_333_1173.664_1174.86738.wav;1173,664;1174,86738;mas você sabe que a;mas você sabe que a;1,2033799999999246;você sabe que abre;;[{'text': 'você', 'timestamp': (0.16, 0.4)}, {'text': 'sabe', 'timestamp': (0.54, 0.7)}, {'text': 'que', 'timestamp': (0.78, 0.86)}, {'text': 'abre', 'timestamp': (0.94, 1.14)}];0,4;0,4;0,55;0,3684210526315789
./audios/SP_D2_333_1175.24387_1176.51548.wav;1175,24387;1176,51548;eu me lembro quando;eu me lembro quando;1,2716100000000097;eu me lembro quando;;[{'text': 'eu', 'timestamp': (0.04, 0.1)}, {'text': 'me', 'timestamp': (0.14, 0.18)}, {'text': 'lembro', 'timestamp': (0.26, 0.44)}, {'text': 'quando', 'timestamp': (0.5, 0.72)}];0,0;0,0;0,0;0,0
./audios/SP_D2_333_1176.79759_1177.16878.wav;1176,79759;1177,16878;o::;o;0,37119000000006963;amo;;[{'text': 'amo', 'timestamp': (1.06, 1.3)}];1,0;1,0;1,0;2,0
./audios/SP_D2_333_1177.16878_1179.31427.wav;1177,16878;1179,31427;o chanceler Gibson Barbosa era nosso;o chanceler gibson barbosa era nosso;2,145490000000109;eu chanceler gibson barbosa era nosso;;[{'text': 'eu', 'timestamp': (0.08, 0.16)}, {'text': 'chanceler', 'timestamp': (0.32, 0.62)}, {'text': 'gibson', 'timestamp': (0.76, 1.06)}, {'text': 'barbosa', 'timestamp': (1.12, 1.54)}, {'text': 'era', 'timestamp': (1.62, 1.7)}, {'text': 'nosso', 'timestamp': (1.8, 2.04)}];0,16666666666666666;0,16666666666666666;0,30555555555555547;0,05555555555555555
./audios/SP_D2_333_1179.82815_1181.2519.wav;1179,82815;1181,2519;Ministro das Relações Exteriores;ministro das relações exteriores;1,4237499999999272;ministro das relações exteriores;;[{'text': 'ministro', 'timestamp': (0.04, 0.34)}, {'text': 'das', 'timestamp': (0.4, 0.48)}, {'text': 'relações', 'timestamp': (0.54, 0.86)}, {'text': 'exteriores', 'timestamp': (0.92, 1.34)}];0,0;0,0;0,0;0,0
./audios/SP_D2_333_1181.2519_1181.38625.wav;1181,2519;1181,38625;não é?;não é;0,13435000000004038;a;;[{'text': 'a', 'timestamp': (1.04, 1.06)}];1,0;1,0;1,0;1,0
./audios/SP_D2_333_1182.32236_1182.581.wav;1182,32236;1182,581;--éh;eh;0,25864000000001397;é;;[{'text': 'é', 'timestamp': (1.06, 1.08)}];1,0;1,0;1,0;1,0
./audios/SP_D2_333_1182.581_1183.96303.wav;1182,581;1183,96303;eu estive com ele em Brasília--;eu estive com ele em brasília;1,382029999999986;eu estive com ele em brasília;;[{'text': 'eu', 'timestamp': (0.0, 0.12)}, {'text': 'estive', 'timestamp': (0.18, 0.4)}, {'text': 'com', 'timestamp': (0.44, 0.5)}, {'text': 'ele', 'timestamp': (0.52, 0.64)}, {'text': 'em', 'timestamp': (0.66, 0.7)}, {'text': 'brasília', 'timestamp': (0.74, 1.28)}];0,0;0,0;0,0;0,0
./audios/SP_D2_333_1184.54951_1186.32381.wav;1184,54951;1186,32381;então se dizia lá que ele;então se dizia lá que ele;1,7743000000000393;então se dizia lá que ele;;[{'text': 'então', 'timestamp': (0.22, 0.36)}, {'text': 'se', 'timestamp': (0.48, 0.52)}, {'text': 'dizia', 'timestamp': (0.6, 0.88)}, {'text': 'lá', 'timestamp': (0.98, 1.02)}, {'text': 'que', 'timestamp': (1.2, 1.28)}, {'text': 'ele', 'timestamp': (1.46, 1.6)}];0,0;0,0;0,0;0,0
./audios/SP_D2_333_1187.30837_1187.80521.wav;1187,30837;1187,80521;ah::;ah;0,49684000000002015;a;;[{'text': 'a', 'timestamp': (1.32, 1.38)}];1,0;1,0;1,0;0,5
./audios/SP_D2_333_1187.80521_1190.04.wav;1187,80521;1190,04;na na hora em que ia para o ar O Bem Amado;na na hora em que ia para o ar o bem amado;2,2347899999999754;na na hora em que aprovar o bem amado;;[{'text': 'na', 'timestamp': (0.1, 0.14)}, {'text': 'na', 'timestamp': (0.4, 0.46)}, {'text': 'hora', 'timestamp': (0.56, 0.76)}, {'text': 'em', 'timestamp': (0.8, 0.84)}, {'text': 'que', 'timestamp': (0.88, 0.96)}, {'text': 'aprovar', 'timestamp': (1.08, 1.34)}, {'text': 'o', 'timestamp': (1.38, 1.4)}, {'text': 'bem', 'timestamp': (1.48, 1.6)}, {'text': 'amado', 'timestamp': (1.68, 2.12)}];0,3333333333333333;0,3333333333333333;0,40740740740740744;0,14285714285714285
./audios/SP_D2_333_1190.04_1192.31417.wav;1190,04;1192,31417;ele se trancava no:: [gabinete dele;ele se trancava no gabinete dele;2,27417000000014;ele se trepava no no gabinete dele;;[{'text': 'ele', 'timestamp': (0.16, 0.28)}, {'text': 'se', 'timestamp': (0.36, 0.42)}, {'text': 'trepava', 'timestamp': (0.5, 0.92)}, {'text': 'no', 'timestamp': (1.04, 1.1)}, {'text': 'no', 'timestamp': (1.2, 1.28)}, {'text': 'gabinete', 'timestamp': (1.36, 1.74)}, {'text': 'dele', 'timestamp': (1.86, 2.12)}];0,3333333333333333;0,2857142857142857;0,40476190476190477;0,1875
./audios/SP_D2_333_1192.66309_1195.11332.wav;1192,66309;1195,11332;e dizia que ele tinha despachos urgentes;e dizia que ele tinha despachos urgentes;2,4502299999999195;e dizia que ele tinha despachos urgentes;;[{'text': 'e', 'timestamp': (0.06, 0.08)}, {'text': 'dizia', 'timestamp': (0.18, 0.56)}, {'text': 'que', 'timestamp': (0.64, 0.7)}, {'text': 'ele', 'timestamp': (0.76, 0.84)}, {'text': 'tinha', 'timestamp': (0.92, 1.08)}, {'text': 'despachos', 'timestamp': (1.14, 1.68)}, {'text': 'urgentes', 'timestamp': (1.82, 2.32)}];0,0;0,0;0,0;0,0
./audios/SP_D2_333_1195.65526_1196.95215.wav;1195,65526;1196,95215;e ficava lá trancado;e ficava lá trancado;1,2968900000000758;e ficava lá trancado;;[{'text': 'e', 'timestamp': (0.06, 0.1)}, {'text': 'ficava', 'timestamp': (0.16, 0.44)}, {'text': 'lá', 'timestamp': (0.52, 0.56)}, {'text': 'trancado', 'timestamp': (0.66, 1.08)}];0,0;0,0;0,0;0,0
./audios/SP_D2_333_1197.20444_1197.95539.wav;1197,20444;1197,95539;então eu pensava;então eu pensava;0,7509500000001026;então eu penso;;[{'text': 'então', 'timestamp': (1.08, 1.24)}, {'text': 'eu', 'timestamp': (1.32, 1.38)}, {'text': 'penso', 'timestamp': (1.44, 1.64)}];0,3333333333333333;0,3333333333333333;0,5555555555555556;0,1875
./audios/SP_D2_333_1197.95539_1199.18665.wav;1197,95539;1199,18665;--eu chegava aqui em casa;eu chegava aqui em casa;1,2312600000000202;chegava aqui em casa;;[{'text': 'chegava', 'timestamp': (0.16, 0.4)}, {'text': 'aqui', 'timestamp': (0.44, 0.56)}, {'text': 'em', 'timestamp': (0.62, 0.68)}, {'text': 'casa', 'timestamp': (0.78, 1.14)}];0,2;0,2;0,19999999999999996;0,13043478260869565
./audios/SP_D2_333_1199.55407_1201.47548.wav;1199,55407;1201,47548;a minha cozinheira não perdia O Bem Amado;a minha cozinheira não perdia o bem amado;1,9214100000001508;a minha cozingueira não perdeu o bem amado;;[{'text': 'a', 'timestamp': (0.06, 0.08)}, {'text': 'minha', 'timestamp': (0.12, 0.28)}, {'text': 'cozingueira', 'timestamp': (0.36, 0.78)}, {'text': 'não', 'timestamp': (0.86, 0.94)}, {'text': 'perdeu', 'timestamp': (1.02, 1.3)}, {'text': 'o', 'timestamp': (1.32, 1.34)}, {'text': 'bem', 'timestamp': (1.4, 1.5)}, {'text': 'amado', 'timestamp': (1.6, 1.84)}];0,25;0,25;0,4375;0,0975609756097561
./audios/SP_D2_333_1201.47548_1201.72.wav;1201,47548;1201,72;não é?--;não é;0,24451999999996588;já não é;;[{'text': 'já', 'timestamp': (0.96, 1.0)}, {'text': 'não', 'timestamp': (1.04, 1.1)}, {'text': 'é', 'timestamp': (1.12, 1.14)}];0,5;0,3333333333333333;0,33333333333333337;0,6
./audios/SP_D2_333_1202.3939_1202.90954.wav;1202,3939;1202,90954;então eu dizia;então eu dizia;0,5156400000000758;introdução;;[{'text': 'introdução', 'timestamp': (1.08, 1.52)}];1,0;1,0;1,0;0,7142857142857143
./audios/SP_D2_333_1202.90954_1203.91425.wav;1202,90954;1203,91425;''mas é uma coisa estranha;mas é uma coisa estranha;1,0047099999999318;mas é uma coisa estranha;;[{'text': 'mas', 'timestamp': (0.04, 0.12)}, {'text': 'é', 'timestamp': (0.16, 0.18)}, {'text': 'uma', 'timestamp': (0.22, 0.3)}, {'text': 'coisa', 'timestamp': (0.36, 0.52)}, {'text': 'estranha', 'timestamp': (0.58, 0.96)}];0,0;0,0;0,0;0,0
./audios/SP_D2_333_1204.09692_1205.53263.wav;1204,09692;1205,53263;neste Brasil inteiro;neste brasil inteiro;1,4357099999999718;neste prazo o inteiro;;[{'text': 'neste', 'timestamp': (0.08, 0.38)}, {'text': 'prazo', 'timestamp': (0.52, 0.76)}, {'text': 'o', 'timestamp': (0.8, 0.82)}, {'text': 'inteiro', 'timestamp': (0.96, 1.38)}];0,6666666666666666;0,5;0,6666666666666667;0,25
./audios/SP_D2_333_1205.53263_1206.8986.wav;1205,53263;1206,8986;neste país continente;neste país continente;1,3659700000000612;nesse país continente;;[{'text': 'nesse', 'timestamp': (0.04, 0.24)}, {'text': 'país', 'timestamp': (0.34, 0.54)}, {'text': 'continente', 'timestamp': (0.68, 1.22)}];0,3333333333333333;0,3333333333333333;0,5555555555555556;0,047619047619047616
./audios/SP_D2_333_1206.8986_1208.71344.wav;1206,8986;1208,71344;neste exato momento;neste exato momento;1,8148400000000038;neste exato momento;;[{'text': 'neste', 'timestamp': (0.14, 0.48)}, {'text': 'exato', 'timestamp': (0.82, 1.24)}, {'text': 'momento', 'timestamp': (1.32, 1.66)}];0,0;0,0;0,0;0,0
./audios/SP_D2_333_1208.99226_1209.89216.wav;1208,99226;1209,89216;naquela hora;naquela hora;0,899900000000116;naquela hora;;[{'text': 'naquela', 'timestamp': (1.1, 1.46)}, {'text': 'hora', 'timestamp': (1.54, 1.8)}];0,0;0,0;0,0;0,0
./audios/SP_D2_333_1210.27996_1211.77614.wav;1210,27996;1211,77614;--parece que não sei se era oi/ dez da noite--;parece que não sei se era oi dez da noite;1,4961799999998675;parece que não sei se era dez da noite;;[{'text': 'parece', 'timestamp': (0.04, 0.18)}, {'text': 'que', 'timestamp': (0.2, 0.28)}, {'text': 'não', 'timestamp': (0.3, 0.36)}, {'text': 'sei', 'timestamp': (0.38, 0.44)}, {'text': 'se', 'timestamp': (0.48, 0.52)}, {'text': 'era', 'timestamp': (0.54, 0.64)}, {'text': 'dez', 'timestamp': (0.84, 0.98)}, {'text': 'da', 'timestamp': (1.06, 1.1)}, {'text': 'noite', 'timestamp': (1.18, 1.4)}];0,1;0,1;0,09999999999999998;0,07317073170731707
./audios/SP_D2_333_1212.11555_1213.31087.wav;1212,11555;1213,31087;dez da noite;dez da noite;1,195320000000038;dentro da noite;;[{'text': 'dentro', 'timestamp': (0.1, 0.36)}, {'text': 'da', 'timestamp': (0.42, 0.48)}, {'text': 'noite', 'timestamp': (0.6, 0.92)}];0,3333333333333333;0,3333333333333333;0,5555555555555556;0,3333333333333333
./audios/SP_D2_333_1213.85736_1216.51435.wav;1213,85736;1216,51435;o:: as criaturas mais diversas;o as criaturas mais diversas;2,6569899999999507;o as criaturas mais diversas;;[{'text': 'o', 'timestamp': (0.8, 0.82)}, {'text': 'as', 'timestamp': (0.96, 1.02)}, {'text': 'criaturas', 'timestamp': (1.14, 1.64)}, {'text': 'mais', 'timestamp': (1.8, 1.98)}, {'text': 'diversas', 'timestamp': (2.08, 2.62)}];0,0;0,0;0,0;0,0
./audios/SP_D2_333_1216.51435_1218.50655.wav;1216,51435;1218,50655;as faixas sociais mais diversas;as faixas sociais mais diversas;1,992200000000139;as faixas sociais mais diversas;;[{'text': 'as', 'timestamp': (0.06, 0.14)}, {'text': 'faixas', 'timestamp': (0.24, 0.56)}, {'text': 'sociais', 'timestamp': (0.66, 1.06)}, {'text': 'mais', 'timestamp': (1.2, 1.4)}, {'text': 'diversas', 'timestamp': (1.46, 1.88)}];0,0;0,0;0,0;0,0
./audios/SP_D2_333_1218.80661_1220.91641.wav;1218,80661;1220,91641;estão presas a esse;estão presas a esse;2,10979999999995;estão presos a;;[{'text': 'estão', 'timestamp': (0.06, 0.28)}, {'text': 'presos', 'timestamp': (0.46, 0.92)}, {'text': 'a', 'timestamp': (1.12, 1.14)}];0,5;0,5;0,6666666666666667;0,3157894736842105
./audios/SP_D2_333_1221.28042_1223.70823.wav;1221,28042;1223,70823;esse enredo essa história que se processa'';esse enredo essa história que se processa;2,4278099999999085;esse in reto é essa história que se processa;;[{'text': 'esse', 'timestamp': (0.06, 0.24)}, {'text': 'in', 'timestamp': (0.32, 0.36)}, {'text': 'reto', 'timestamp': (0.48, 0.78)}, {'text': 'é', 'timestamp': (0.84, 0.86)}, {'text': 'essa', 'timestamp': (0.88, 1.08)}, {'text': 'história', 'timestamp': (1.14, 1.56)}, {'text': 'que', 'timestamp': (1.62, 1.68)}, {'text': 'se', 'timestamp': (1.76, 1.8)}, {'text': 'processa', 'timestamp': (1.9, 2.38)}];0,42857142857142855;0,3333333333333333;0,4285714285714286;0,12195121951219512
./audios/SP_D2_333_1223.70823_1224.81116.wav;1223,70823;1224,81116;e por falar nisto;e por falar nisto;1,1029300000000148;e por falar nisso;;[{'text': 'e', 'timestamp': (0.12, 0.14)}, {'text': 'por', 'timestamp': (0.26, 0.34)}, {'text': 'falar', 'timestamp': (0.42, 0.68)}, {'text': 'nisso', 'timestamp': (0.82, 1.04)}];0,25;0,25;0,4375;0,058823529411764705
./audios/SP_D2_333_1225.60467_1227.19287.wav;1225,60467;1227,19287;eu dei essa notícia ontem;eu dei essa notícia ontem;1,5882000000001426;eu dei essa notícia ontem;;[{'text': 'eu', 'timestamp': (0.16, 0.24)}, {'text': 'dei', 'timestamp': (0.36, 0.48)}, {'text': 'essa', 'timestamp': (0.56, 0.7)}, {'text': 'notícia', 'timestamp': (0.78, 1.16)}, {'text': 'ontem', 'timestamp': (1.3, 1.52)}];0,0;0,0;0,0;0,0
./audios/SP_D2_333_1227.19287_1228.43046.wav;1227,19287;1228,43046;não sei se você sabe;não sei se você sabe;1,2375899999999547;não sei se você sabe;;[{'text': 'não', 'timestamp': (0.06, 0.12)}, {'text': 'sei', 'timestamp': (0.16, 0.24)}, {'text': 'se', 'timestamp': (0.32, 0.38)}, {'text': 'você', 'timestamp': (0.44, 0.62)}, {'text': 'sabe', 'timestamp': (0.82, 1.06)}];0,0;0,0;0,0;0,0
./audios/SP_D2_333_1228.94505_1230.03623.wav;1228,94505;1230,03623;que O Bem Amado;que o bem amado;1,0911799999998948;o bem amado;;[{'text': 'o', 'timestamp': (0.16, 0.18)}, {'text': 'bem', 'timestamp': (0.28, 0.42)}, {'text': 'amado', 'timestamp': (0.52, 0.94)}];0,25;0,25;0,25;0,26666666666666666
./audios/SP_D2_333_1230.33001_1232.01585.wav;1230,33001;1232,01585;traduzido para o espanhol;traduzido para o espanhol;1,6858400000000984;traduzido para o espanhol;;[{'text': 'traduzido', 'timestamp': (0.04, 0.56)}, {'text': 'para', 'timestamp': (0.72, 0.88)}, {'text': 'o', 'timestamp': (0.92, 0.94)}, {'text': 'espanhol', 'timestamp': (1.06, 1.5)}];0,0;0,0;0,0;0,0
./audios/SP_D2_333_1232.01585_1233.13233.wav;1232,01585;1233,13233;El Bien Amado;el bien amado;1,1164799999999104;ele guennadi;;[{'text': 'ele', 'timestamp': (0.04, 0.16)}, {'text': 'guennadi', 'timestamp': (0.28, 1.0)}];1,0;1,0;1,0;0,5384615384615384
./audios/SP_D2_333_1233.36222_1235.82913.wav;1233,36222;1235,82913;está percorrendo toda a América Latina;está percorrendo toda a américa latina;2,466910000000098;está percorrendo toda américa latina;;[{'text': 'está', 'timestamp': (0.1, 0.24)}, {'text': 'percorrendo', 'timestamp': (0.38, 0.84)}, {'text': 'toda', 'timestamp': (1.04, 1.22)}, {'text': 'américa', 'timestamp': (1.3, 1.72)}, {'text': 'latina', 'timestamp': (1.8, 2.28)}];0,16666666666666666;0,16666666666666666;0,16666666666666663;0,05263157894736842
./audios/SP_D2_333_1236.28552_1237.63875.wav;1236,28552;1237,63875;está sendo um sucesso;está sendo um sucesso;1,353230000000167;está sendo um sucesso;;[{'text': 'está', 'timestamp': (0.04, 0.2)}, {'text': 'sendo', 'timestamp': (0.38, 0.56)}, {'text': 'um', 'timestamp': (0.66, 0.7)}, {'text': 'sucesso', 'timestamp': (0.8, 1.28)}];0,0;0,0;0,0;0,0
./audios/SP_D2_333_1237.82337_1238.7152.wav;1237,82337;1238,7152;enorme;enorme;0,8918300000000272;enorme;;[{'text': 'enorme', 'timestamp': (1.08, 1.62)}];0,0;0,0;0,0;0,0
./audios/SP_D2_333_1239.48581_1240.38847.wav;1239,48581;1240,38847;no::;no;0,9026600000001963;no o;;[{'text': 'no', 'timestamp': (1.06, 1.14)}, {'text': 'o', 'timestamp': (1.34, 1.36)}];1,0;0,5;0,5;1,0
./audios/SP_D2_333_1240.38847_1241.35756.wav;1240,38847;1241,35756;em Montevidéu;em montevidéu;0,9690899999998237;montevidel;;[{'text': 'montevidel', 'timestamp': (1.18, 1.76)}];1,0;1,0;1,0;0,38461538461538464
./audios/SP_D2_333_1241.48_1242.89305.wav;1241,48;1242,89305;que foi a última;que foi a última;1,4130499999998847;que foi a última;;[{'text': 'que', 'timestamp': (0.06, 0.12)}, {'text': 'foi', 'timestamp': (0.3, 0.54)}, {'text': 'a', 'timestamp': (0.8, 0.82)}, {'text': 'última', 'timestamp': (0.9, 1.24)}];0,0;0,0;0,0;0,0
./audios/SP_D2_333_1243.06268_1244.69265.wav;1243,06268;1244,69265;praça em que ele está se exibindo;praça em que ele está se exibindo;1,6299699999999575;pra sem que ele está se exibido;;[{'text': 'pra', 'timestamp': (0.02, 0.2)}, {'text': 'sem', 'timestamp': (0.36, 0.46)}, {'text': 'que', 'timestamp': (0.52, 0.62)}, {'text': 'ele', 'timestamp': (0.64, 0.7)}, {'text': 'está', 'timestamp': (0.78, 0.88)}, {'text': 'se', 'timestamp': (0.96, 1.0)}, {'text': 'exibido', 'timestamp': (1.08, 1.44)}];0,42857142857142855;0,42857142857142855;0,6734693877551021;0,12121212121212122
./audios/SP_D2_333_1245.28_1246.64223.wav;1245,28;1246,64223;e se exibindo dublado;e se exibindo dublado;1,362229999999954;e se exibindo dublado;;[{'text': 'e', 'timestamp': (0.08, 0.1)}, {'text': 'se', 'timestamp': (0.24, 0.3)}, {'text': 'exibindo', 'timestamp': (0.36, 0.66)}, {'text': 'dublado', 'timestamp': (0.8, 1.26)}];0,0;0,0;0,0;0,0
./audios/SP_D2_333_1246.64223_1247.54764.wav;1246,64223;1247,54764;porque até então;porque até então;0,9054100000000744;porque até então;;[{'text': 'porque', 'timestamp': (1.02, 1.16)}, {'text': 'até', 'timestamp': (1.24, 1.36)}, {'text': 'então', 'timestamp': (1.5, 1.76)}];0,0;0,0;0,0;0,0
./audios/SP_D2_333_1248.1153_1250.31234.wav;1248,1153;1250,31234;as nossas emissoras solicitadas;as nossas emissoras solicitadas;2,1970400000000154;as nossas emissores solicitadas;;[{'text': 'as', 'timestamp': (0.18, 0.28)}, {'text': 'nossas', 'timestamp': (0.4, 0.66)}, {'text': 'emissores', 'timestamp': (0.74, 1.18)}, {'text': 'solicitadas', 'timestamp': (1.28, 2.08)}];0,25;0,25;0,4375;0,03225806451612903
./audios/SP_D2_333_1250.31234_1252.66837.wav;1250,31234;1252,66837;exportavam apenas o::;exportavam apenas o;2,356030000000146;exportavam apenas o;;[{'text': 'exportavam', 'timestamp': (0.1, 0.84)}, {'text': 'apenas', 'timestamp': (1.04, 1.58)}, {'text': 'o', 'timestamp': (1.84, 1.86)}];0,0;0,0;0,0;0,0
./audios/SP_D2_333_1252.66837_1253.47326.wav;1252,66837;1253,47326;o texto;o texto;0,8048899999998866;o texto;;[{'text': 'o', 'timestamp': (1.08, 1.1)}, {'text': 'texto', 'timestamp': (1.24, 1.66)}];0,0;0,0;0,0;0,0
./audios/SP_D2_333_1253.96271_1255.17.wav;1253,96271;1255,17;que era depois traduzido;que era depois traduzido;1,2072900000000573;que era depois traduzido;;[{'text': 'que', 'timestamp': (0.04, 0.1)}, {'text': 'era', 'timestamp': (0.16, 0.26)}, {'text': 'depois', 'timestamp': (0.32, 0.56)}, {'text': 'traduzido', 'timestamp': (0.66, 1.12)}];0,0;0,0;0,0;0,0
./audios/SP_D2_333_1255.36691_1255.97873.wav;1255,36691;1255,97873;e feito;e feito;0,6118200000000797;e feito;;[{'text': 'e', 'timestamp': (1.02, 1.04)}, {'text': 'feito', 'timestamp': (1.18, 1.46)}];0,0;0,0;0,0;0,0
./audios/SP_D2_333_1256.32502_1257.62883.wav;1256,32502;1257,62883;em diversos países (on/);em diversos países on;1,3038100000001123;em diversos países;;[{'text': 'em', 'timestamp': (0.06, 0.12)}, {'text': 'diversos', 'timestamp': (0.2, 0.56)}, {'text': 'países', 'timestamp': (0.66, 1.06)}];0,25;0,25;0,25;0,14285714285714285
./audios/SP_D2_333_1257.94691_1258.82633.wav;1257,94691;1258,82633;pelos artistas;pelos artistas;0,8794200000002093;pelos artistas;;[{'text': 'pelos', 'timestamp': (1.0, 1.2)}, {'text': 'artistas', 'timestamp': (1.26, 1.68)}];0,0;0,0;0,0;0,0
./audios/SP_D2_333_1258.82633_1259.23012.wav;1258,82633;1259,23012;éh;eh;0,40378999999984444;tem;;[{'text': 'tem', 'timestamp': (1.0, 1.22)}];1,0;1,0;1,0;1,0
./audios/SP_D2_333_1259.23012_1259.79542.wav;1259,23012;1259,79542;locais;locais;0,5652999999999793;locais;;[{'text': 'locais', 'timestamp': (1.06, 1.4)}];0,0;0,0;0,0;0,0
./audios/SP_D2_333_1260.22231_1262.15771.wav;1260,22231;1262,15771;mas O Bem Amado foi dublado;mas o bem amado foi dublado;1,935399999999845;mas o bem amado foi dublado;;[{'text': 'mas', 'timestamp': (0.04, 0.16)}, {'text': 'o', 'timestamp': (0.22, 0.26)}, {'text': 'bem', 'timestamp': (0.34, 0.48)}, {'text': 'amado', 'timestamp': (0.58, 0.94)}, {'text': 'foi', 'timestamp': (1.14, 1.28)}, {'text': 'dublado', 'timestamp': (1.38, 1.78)}];0,0;0,0;0,0;0,0
./audios/SP_D2_333_1262.33839_1264.52962.wav;1262,33839;1264,52962;como nós dublamos os filmes americanos;como nós dublamos os filmes americanos;2,1912300000001323;como nós dobramos o ciúmes americanos;;[{'text': 'como', 'timestamp': (0.04, 0.18)}, {'text': 'nós', 'timestamp': (0.22, 0.34)}, {'text': 'dobramos', 'timestamp': (0.46, 0.96)}, {'text': 'o', 'timestamp': (1.06, 1.08)}, {'text': 'ciúmes', 'timestamp': (1.18, 1.52)}, {'text': 'americanos', 'timestamp': (1.58, 2.08)}];0,5;0,5;0,75;0,13157894736842105
./audios/SP_D2_333_1264.86285_1266.57244.wav;1264,86285;1266,57244;eles duBLAram O Bem Amado;eles dublaram o bem amado;1,7095899999999347;eles dublaram o bem amado;;[{'text': 'eles', 'timestamp': (0.08, 0.24)}, {'text': 'dublaram', 'timestamp': (0.34, 0.88)}, {'text': 'o', 'timestamp': (0.96, 0.98)}, {'text': 'bem', 'timestamp': (1.04, 1.16)}, {'text': 'amado', 'timestamp': (1.24, 1.58)}];0,0;0,0;0,0;0,0
./audios/SP_D2_333_1266.942_1268.18019.wav;1266,942;1268,18019;então eu me pergunto;então eu me pergunto;1,2381900000000314;então eu me pergunto;;[{'text': 'então', 'timestamp': (0.1, 0.3)}, {'text': 'eu', 'timestamp': (0.36, 0.42)}, {'text': 'me', 'timestamp': (0.5, 0.54)}, {'text': 'pergunto', 'timestamp': (0.64, 1.14)}];0,0;0,0;0,0;0,0
./audios/SP_D2_333_1268.18019_1272.29706.wav;1268,18019;1272,29706;eu não sei se vocês estão lembradas daquele jargão do Odorico Paraguaçu;eu não sei se vocês estão lembradas daquele jargão do odorico paraguaçu;4,116870000000063;eu não sei se vocês estão lembradas daquele jargão do odorico para guaçu;;[{'text': 'eu', 'timestamp': (0.08, 0.12)}, {'text': 'não', 'timestamp': (0.16, 0.24)}, {'text': 'sei', 'timestamp': (0.3, 0.4)}, {'text': 'se', 'timestamp': (0.5, 0.56)}, {'text': 'vocês', 'timestamp': (0.68, 0.94)}, {'text': 'estão', 'timestamp': (1.02, 1.22)}, {'text': 'lembradas', 'timestamp': (1.3, 1.78)}, {'text': 'daquele', 'timestamp': (1.86, 2.16)}, {'text': 'jargão', 'timestamp': (2.28, 2.7)}, {'text': 'do', 'timestamp': (2.78, 2.84)}, {'text': 'odorico', 'timestamp': (2.92, 3.34)}, {'text': 'para', 'timestamp': (3.44, 3.58)}, {'text': 'guaçu', 'timestamp': (3.64, 4.02)}];0,16666666666666666;0,15384615384615385;0,22435897435897445;0,014084507042253521
./audios/SP_D2_333_1272.85025_1273.43703.wav;1272,85025;1273,43703;que falava;que falava;0,5867800000000898;que falava;;[{'text': 'que', 'timestamp': (1.0, 1.06)}, {'text': 'falava', 'timestamp': (1.18, 1.54)}];0,0;0,0;0,0;0,0
./audios/SP_D2_333_1273.43703_1274.8184.wav;1273,43703;1274,8184;''apenas mente'';apenas mente;1,3813700000000608;apenas mente;;[{'text': 'apenas', 'timestamp': (0.06, 0.38)}, {'text': 'mente', 'timestamp': (0.5, 0.94)}];0,0;0,0;0,0;0,0
./audios/SP_D2_333_1275.236_1276.01918.wav;1275,236;1276,01918;éh::;eh;0,7831799999999021;é;;[{'text': 'é', 'timestamp': (1.06, 1.08)}];1,0;1,0;1,0;1,0
./audios/SP_D2_333_1276.22951_1277.60338.wav;1276,22951;1277,60338;''a moribundice dele;a moribundice dele;1,3738700000001245;a morimbudisse dele;;[{'text': 'a', 'timestamp': (0.08, 0.1)}, {'text': 'morimbudisse', 'timestamp': (0.16, 0.88)}, {'text': 'dele', 'timestamp': (1.02, 1.32)}];0,3333333333333333;0,3333333333333333;0,5555555555555556;0,2222222222222222
./audios/SP_D2_333_1277.60338_1277.84092.wav;1277,60338;1277,84092;a mori/'';a mori;0,2375400000000809;america;;[{'text': 'america', 'timestamp': (1.06, 1.32)}];1,0;1,0;1,0;0,6666666666666666
./audios/SP_D2_333_1278.24226_1278.71409.wav;1278,24226;1278,71409;eu me lem/;eu me lem;0,47182999999995445;e me vê;;[{'text': 'e', 'timestamp': (1.0, 1.02)}, {'text': 'me', 'timestamp': (1.06, 1.12)}, {'text': 'vê', 'timestamp': (1.22, 1.28)}];0,6666666666666666;0,6666666666666666;0,8888888888888888;0,4444444444444444
./audios/SP_D2_333_1278.85625_1282.26262.wav;1278,85625;1282,26262;eu imagino como será isso traduzido em castelhano;eu imagino como será isso traduzido em castelhano;3,4063699999999244;eu imagino como será isso traduzido em casteliano;;[{'text': 'eu', 'timestamp': (0.24, 0.28)}, {'text': 'imagino', 'timestamp': (0.42, 0.88)}, {'text': 'como', 'timestamp': (1.0, 1.18)}, {'text': 'será', 'timestamp': (1.34, 1.52)}, {'text': 'isso', 'timestamp': (1.72, 1.92)}, {'text': 'traduzido', 'timestamp': (2.06, 2.56)}, {'text': 'em', 'timestamp': (2.64, 2.7)}, {'text': 'casteliano', 'timestamp': (2.78, 3.34)}];0,125;0,125;0,234375;0,02040816326530612
./audios/SP_D2_333_1282.26262_1282.56413.wav;1282,26262;1282,56413;né?;né;0,3015100000000075;pra;;[{'text': 'pra', 'timestamp': (0.96, 1.08)}];1,0;1,0;1,0;1,5
./audios/SP_D2_333_1282.82_1285.68901.wav;1282,82;1285,68901;porque ele tinha peculiaridades de linguagem engraçadíssimas;porque ele tinha peculiaridades de linguagem engraçadíssimas;2,8690100000001166;porque ele tinha peculiaridades de linguagem engraçadíssima;;[{'text': 'porque', 'timestamp': (0.04, 0.18)}, {'text': 'ele', 'timestamp': (0.2, 0.3)}, {'text': 'tinha', 'timestamp': (0.38, 0.54)}, {'text': 'peculiaridades', 'timestamp': (0.68, 1.46)}, {'text': 'de', 'timestamp': (1.54, 1.6)}, {'text': 'linguagem', 'timestamp': (1.66, 2.14)}, {'text': 'engraçadíssima', 'timestamp': (2.2, 2.84)}];0,14285714285714285;0,14285714285714285;0,26530612244897966;0,016666666666666666
./audios/SP_D2_333_1285.68901_1286.14481.wav;1285,68901;1286,14481;né?;né;0,4557999999999538;anac;;[{'text': 'anac', 'timestamp': (1.04, 1.28)}];1,0;1,0;1,0;1,5
./audios/SP_D2_333_1294.49934_1296.12227.wav;1294,49934;1296,12227;[mas nós [recebíamos mais do que dávamos;mas nós recebíamos mais do que dávamos;1,6229299999999967;mas não a recebi do mar de cana;;[{'text': 'mas', 'timestamp': (0.02, 0.08)}, {'text': 'não', 'timestamp': (0.12, 0.2)}, {'text': 'a', 'timestamp': (0.22, 0.24)}, {'text': 'recebi', 'timestamp': (0.28, 0.62)}, {'text': 'do', 'timestamp': (0.68, 0.72)}, {'text': 'mar', 'timestamp': (0.86, 1.02)}, {'text': 'de', 'timestamp': (1.08, 1.14)}, {'text': 'cana', 'timestamp': (1.22, 1.46)}];0,8571428571428571;0,75;0,9285714285714286;0,5263157894736842
./audios/SP_D2_333_1296.34556_1296.48171.wav;1296,34556;1296,48171;não é?;não é;0,1361500000000433;a;;[{'text': 'a', 'timestamp': (1.02, 1.04)}];1,0;1,0;1,0;1,0
./audios/SP_D2_333_1305.52_1306.56448.wav;1305,52;1306,56448;é de um [argentino?;é de um argentino;1,0444800000000214;e ela leva;;[{'text': 'e', 'timestamp': (0.54, 0.56)}, {'text': 'ela', 'timestamp': (0.74, 0.84)}, {'text': 'leva', 'timestamp': (0.88, 1.02)}];1,0;1,0;1,0;0,7647058823529411
./audios/SP_D2_333_1310.64_1311.09432.wav;1310,64;1311,09432;de lá;de lá;0,4543199999998251;de lá;;[{'text': 'de', 'timestamp': (1.08, 1.14)}, {'text': 'lá', 'timestamp': (1.2, 1.24)}];0,0;0,0;0,0;0,0
./audios/SP_D2_333_1311.76_1312.08.wav;1311,76;1312,08;é;é;0,31999999999993634;é;;[{'text': 'é', 'timestamp': (1.08, 1.1)}];0,0;0,0;0,0;0,0
./audios/SP_D2_333_1320.75737_1321.01307.wav;1320,75737;1321,01307;é;é;0,2556999999999334;é;;[{'text': 'é', 'timestamp': (1.06, 1.08)}];0,0;0,0;0,0;0,0
./audios/SP_D2_333_1321.01307_1322.42219.wav;1321,01307;1322,42219;não não é novidade eles;não não é novidade eles;1,40912000000003;não não é uma novidade;;[{'text': 'não', 'timestamp': (0.02, 0.12)}, {'text': 'não', 'timestamp': (0.2, 0.3)}, {'text': 'é', 'timestamp': (0.34, 0.36)}, {'text': 'uma', 'timestamp': (0.48, 0.54)}, {'text': 'novidade', 'timestamp': (0.64, 1.22)}];0,4;0,3333333333333333;0,3599999999999999;0,391304347826087
./audios/SP_D2_333_1322.78228_1324.38521.wav;1322,78228;1324,38521;pegarem a produção inteira;pegarem a produção inteira;1,6029300000000148;pegarem a produção inteira;;[{'text': 'pegarem', 'timestamp': (0.06, 0.36)}, {'text': 'a', 'timestamp': (0.42, 0.46)}, {'text': 'produção', 'timestamp': (0.52, 0.96)}, {'text': 'inteira', 'timestamp': (1.04, 1.48)}];0,0;0,0;0,0;0,0
./audios/SP_D2_333_1324.38521_1325.23863.wav;1324,38521;1325,23863;globalmente;globalmente;0,853420000000142;globalmente;;[{'text': 'globalmente', 'timestamp': (1.0, 1.7)}];0,0;0,0;0,0;0,0
./audios/SP_D2_333_1325.23863_1325.61057.wav;1325,23863;1325,61057;[não é?;não é;0,37193999999999505;tema;;[{'text': 'tema', 'timestamp': (0.96, 1.12)}];1,0;1,0;1,0;1,0
./audios/SP_D2_333_1325.82754_1327.32746.wav;1325,82754;1327,32746;com os nossos artistas;com os nossos artistas;1,4999199999999746;com os nossos artistas;;[{'text': 'com', 'timestamp': (0.02, 0.08)}, {'text': 'os', 'timestamp': (0.12, 0.18)}, {'text': 'nossos', 'timestamp': (0.28, 0.58)}, {'text': 'artistas', 'timestamp': (0.66, 1.28)}];0,0;0,0;0,0;0,0
./audios/SP_D2_333_1327.72451_1328.25323.wav;1327,72451;1328,25323;porque;porque;0,5287200000000212;por quê;;[{'text': 'por', 'timestamp': (1.02, 1.1)}, {'text': 'quê', 'timestamp': (1.18, 1.26)}];2,0;1,0;1,0;0,3333333333333333
./audios/SP_D2_333_1328.48162_1329.98687.wav;1328,48162;1329,98687;o Vietri mesmo já;o vietri mesmo já;1,5052499999999327;o vietri mesmo já;;[{'text': 'o', 'timestamp': (0.06, 0.08)}, {'text': 'vietri', 'timestamp': (0.16, 0.74)}, {'text': 'mesmo', 'timestamp': (0.84, 1.2)}, {'text': 'já', 'timestamp': (1.32, 1.38)}];0,0;0,0;0,0;0,0
./audios/SP_D2_333_1329.98687_1330.3395.wav;1329,98687;1330,3395;hum;uh;0,35263000000009015;e;;[{'text': 'e', 'timestamp': (1.08, 1.1)}];1,0;1,0;1,0;1,0
./audios/SP_D2_333_1330.56881_1333.22123.wav;1330,56881;1333,22123;já vendeu aquele:: Nino o Italianinho;já vendeu aquele nino o italianinho;2,65242000000012;já vendeu aquele menino e teleninho;;[{'text': 'já', 'timestamp': (0.22, 0.26)}, {'text': 'vendeu', 'timestamp': (0.36, 0.76)}, {'text': 'aquele', 'timestamp': (0.9, 1.18)}, {'text': 'menino', 'timestamp': (1.44, 1.68)}, {'text': 'e', 'timestamp': (1.72, 1.74)}, {'text': 'teleninho', 'timestamp': (1.8, 2.46)}];0,5;0,5;0,75;0,2
./audios/SP_D2_333_1333.51409_1334.70917.wav;1333,51409;1334,70917;todas aquelas novelas dele;todas aquelas novelas dele;1,195080000000189;todas aquelas na dela;;[{'text': 'todas', 'timestamp': (0.04, 0.18)}, {'text': 'aquelas', 'timestamp': (0.24, 0.6)}, {'text': 'na', 'timestamp': (0.66, 0.74)}, {'text': 'dela', 'timestamp': (0.8, 1.04)}];0,5;0,5;0,75;0,23076923076923078
./audios/SP_D2_333_1334.70917_1335.71402.wav;1334,70917;1335,71402;ele já vendeu;ele já vendeu;1,0048499999998057;ele lhe já vendeu;;[{'text': 'ele', 'timestamp': (0.1, 0.16)}, {'text': 'lhe', 'timestamp': (0.22, 0.28)}, {'text': 'já', 'timestamp': (0.38, 0.44)}, {'text': 'vendeu', 'timestamp': (0.52, 0.9)}];0,3333333333333333;0,25;0,25;0,3076923076923077
./audios/SP_D2_333_1336.12493_1338.12739.wav;1336,12493;1338,12739;para países de fala:::;para países de fala;2,0024600000001556;para países se te fala;;[{'text': 'para', 'timestamp': (0.04, 0.14)}, {'text': 'países', 'timestamp': (0.26, 0.82)}, {'text': 'se', 'timestamp': (0.9, 0.96)}, {'text': 'te', 'timestamp': (1.06, 1.12)}, {'text': 'fala', 'timestamp': (1.28, 1.56)}];0,5;0,4;0,55;0,21052631578947367
./audios/SP_D2_333_1338.12739_1338.8164.wav;1338,12739;1338,8164;espaNHOla;espanhola;0,6890099999998256;espanhola;;[{'text': 'espanhola', 'timestamp': (1.06, 1.64)}];0,0;0,0;0,0;0,0
./audios/SP_D2_333_1338.8164_1340.2.wav;1338,8164;1340,2;ele já vendeu tudo aquilo;ele já vendeu tudo aquilo;1,383600000000115;ele já aprendeu tudo aquilo;;[{'text': 'ele', 'timestamp': (0.1, 0.2)}, {'text': 'já', 'timestamp': (0.26, 0.32)}, {'text': 'aprendeu', 'timestamp': (0.36, 0.6)}, {'text': 'tudo', 'timestamp': (0.7, 0.82)}, {'text': 'aquilo', 'timestamp': (0.88, 1.2)}];0,2;0,2;0,3599999999999999;0,12
./audios/SP_D2_333_1340.9377_1343.21371.wav;1340,9377;1343,21371;e por sinal que é muito engraçado porque o México;e por sinal que é muito engraçado porque o méxico;2,276010000000042;e por sinal que é muito engraçado que o méxico;;[{'text': 'e', 'timestamp': (0.08, 0.1)}, {'text': 'por', 'timestamp': (0.28, 0.36)}, {'text': 'sinal', 'timestamp': (0.44, 0.58)}, {'text': 'que', 'timestamp': (0.64, 0.7)}, {'text': 'é', 'timestamp': (0.72, 0.74)}, {'text': 'muito', 'timestamp': (0.78, 0.9)}, {'text': 'engraçado', 'timestamp': (0.98, 1.38)}, {'text': 'que', 'timestamp': (1.46, 1.54)}, {'text': 'o', 'timestamp': (1.58, 1.6)}, {'text': 'méxico', 'timestamp': (1.7, 2.1)}];0,1;0,1;0,18999999999999995;0,061224489795918366
./audios/SP_D2_333_1343.21371_1344.75863.wav;1343,21371;1344,75863;comprou uma daquelas novelas;comprou uma daquelas novelas;1,5449200000000474;comprou uma daquelas novelas;;[{'text': 'comprou', 'timestamp': (0.2, 0.54)}, {'text': 'uma', 'timestamp': (0.64, 0.74)}, {'text': 'daquelas', 'timestamp': (0.8, 1.08)}, {'text': 'novelas', 'timestamp': (1.14, 1.5)}];0,0;0,0;0,0;0,0
./audios/SP_D2_333_1344.75863_1346.20296.wav;1344,75863;1346,20296;que teria cento e cinquenta capítulos;que teria cento e cinquenta capítulos;1,4443300000000363;que tem de cento e cinquenta capitas;;[{'text': 'que', 'timestamp': (0.1, 0.18)}, {'text': 'tem', 'timestamp': (0.22, 0.3)}, {'text': 'de', 'timestamp': (0.36, 0.4)}, {'text': 'cento', 'timestamp': (0.52, 0.64)}, {'text': 'e', 'timestamp': (0.68, 0.7)}, {'text': 'cinquenta', 'timestamp': (0.74, 0.98)}, {'text': 'capitas', 'timestamp': (1.06, 1.4)}];0,5;0,42857142857142855;0,6190476190476191;0,21621621621621623
./audios/SP_D2_333_1346.20296_1347.64315.wav;1346,20296;1347,64315;mas pediu para aumentar para duzentos;mas pediu para aumentar para duzentos;1,4401900000000296;mas pediu pra aumentar para duzentas;;[{'text': 'mas', 'timestamp': (0.02, 0.08)}, {'text': 'pediu', 'timestamp': (0.16, 0.3)}, {'text': 'pra', 'timestamp': (0.34, 0.42)}, {'text': 'aumentar', 'timestamp': (0.44, 0.66)}, {'text': 'para', 'timestamp': (0.72, 0.82)}, {'text': 'duzentas', 'timestamp': (0.9, 1.28)}];0,3333333333333333;0,3333333333333333;0,5555555555555556;0,05405405405405406
./audios/SP_D2_333_1350.67204_1352.18081.wav;1350,67204;1352,18081;então é engraçá/;então é engraçá;1,5087700000001405;então a casa;;[{'text': 'então', 'timestamp': (0.08, 0.66)}, {'text': 'a', 'timestamp': (0.8, 0.82)}, {'text': 'casa', 'timestamp': (0.9, 1.14)}];0,6666666666666666;0,6666666666666666;0,8888888888888888;0,4666666666666667
./audios/SP_D2_333_1352.18081_1352.69159.wav;1352,18081;1352,69159;agora;agora;0,5107799999998406;agora;;[{'text': 'agora', 'timestamp': (1.08, 1.38)}];0,0;0,0;0,0;0,0
./audios/SP_D2_333_1353.3309_1353.95977.wav;1353,3309;1353,95977;éh::;eh;0,6288700000000063;é;;[{'text': 'é', 'timestamp': (1.1, 1.12)}];1,0;1,0;1,0;1,0
./audios/SP_D2_333_1354.38205_1354.99083.wav;1354,38205;1354,99083;como cô/;como cô;0,6087800000000243;como o;;[{'text': 'como', 'timestamp': (1.04, 1.26)}, {'text': 'o', 'timestamp': (1.46, 1.48)}];0,5;0,5;0,75;0,2857142857142857
./audios/SP_D2_333_1355.32444_1358.62022.wav;1355,32444;1358,62022;exportar assim globalmente toda a produção;exportar assim globalmente toda a produção;3,2957799999999224;exportar assim globalmente toda a produção;;[{'text': 'exportar', 'timestamp': (0.12, 0.8)}, {'text': 'assim', 'timestamp': (0.9, 1.24)}, {'text': 'globalmente', 'timestamp': (1.36, 2.14)}, {'text': 'toda', 'timestamp': (2.38, 2.52)}, {'text': 'a', 'timestamp': (2.58, 2.6)}, {'text': 'produção', 'timestamp': (2.64, 3.14)}];0,0;0,0;0,0;0,0
./audios/SP_D2_333_1358.62022_1358.95933.wav;1358,62022;1358,95933;não é?;não é;0,33910999999989144;não é;;[{'text': 'não', 'timestamp': (1.0, 1.1)}, {'text': 'é', 'timestamp': (1.14, 1.16)}];0,0;0,0;0,0;0,0
./audios/SP_D2_333_1359.40825_1359.88133.wav;1359,40825;1359,88133;éh;eh;0,47307999999998174;é;;[{'text': 'é', 'timestamp': (1.1, 1.12)}];1,0;1,0;1,0;1,0
./audios/SP_D2_333_1359.88133_1361.22015.wav;1359,88133;1361,22015;gravada aqui;gravada aqui;1,3388200000001689;gravado aqui;;[{'text': 'gravado', 'timestamp': (0.08, 0.72)}, {'text': 'aqui', 'timestamp': (0.82, 1.06)}];0,5;0,5;0,75;0,08333333333333333
./audios/SP_D2_333_1361.60002_1361.88912.wav;1361,60002;1361,88912;hã;ah;0,28909999999996217;a;;[{'text': 'a', 'timestamp': (1.06, 1.08)}];1,0;1,0;1,0;0,5
./audios/SP_D2_333_1362.24819_1362.79059.wav;1362,24819;1362,79059;éh;eh;0,5424000000000433;vera;;[{'text': 'vera', 'timestamp': (1.04, 1.42)}];1,0;1,0;1,0;1,5
./audios/SP_D2_333_1362.79059_1364.76.wav;1362,79059;1364,76;interpretada pelos nossos artistas;interpretada pelos nossos artistas;1,9694099999999253;interpretado pelos nossos artistas;;[{'text': 'interpretado', 'timestamp': (0.08, 0.6)}, {'text': 'pelos', 'timestamp': (0.68, 0.86)}, {'text': 'nossos', 'timestamp': (0.9, 1.16)}, {'text': 'artistas', 'timestamp': (1.26, 1.86)}];0,25;0,25;0,4375;0,029411764705882353
./audios/SP_D2_333_1365.14936_1365.45374.wav;1365,14936;1365,45374;e::;e;0,3043800000000374;e;;[{'text': 'e', 'timestamp': (1.08, 1.1)}];0,0;0,0;0,0;0,0
./audios/SP_D2_333_1365.45374_1367.41617.wav;1365,45374;1367,41617;e é o que é mais interessante;e é o que é mais interessante;1,9624300000000403;e o que é mais interessante;;[{'text': 'e', 'timestamp': (0.06, 0.08)}, {'text': 'o', 'timestamp': (0.2, 0.22)}, {'text': 'que', 'timestamp': (0.36, 0.44)}, {'text': 'é', 'timestamp': (0.52, 0.54)}, {'text': 'mais', 'timestamp': (0.62, 0.84)}, {'text': 'interessante', 'timestamp': (0.96, 1.76)}];0,14285714285714285;0,14285714285714285;0,1428571428571429;0,06896551724137931
./audios/SP_D2_333_1367.86_1369.15192.wav;1367,86;1369,15192;no caso de Gabriela;no caso de gabriela;1,2919200000001183;e no como carro de gabriela;;[{'text': 'e', 'timestamp': (0.04, 0.06)}, {'text': 'no', 'timestamp': (0.12, 0.2)}, {'text': 'como', 'timestamp': (0.22, 0.36)}, {'text': 'carro', 'timestamp': (0.42, 0.58)}, {'text': 'de', 'timestamp': (0.62, 0.68)}, {'text': 'gabriela', 'timestamp': (0.74, 1.2)}];0,75;0,5;0,625;0,47368421052631576
./audios/SP_D2_333_1369.48546_1371.86705.wav;1369,48546;1371,86705;com uma trilha sonora bem brasileira;com uma trilha sonora bem brasileira;2,38158999999996;com uma trilha sonora bem brasileira;;[{'text': 'com', 'timestamp': (0.0, 0.08)}, {'text': 'uma', 'timestamp': (0.1, 0.18)}, {'text': 'trilha', 'timestamp': (0.38, 0.66)}, {'text': 'sonora', 'timestamp': (0.84, 1.3)}, {'text': 'bem', 'timestamp': (1.48, 1.64)}, {'text': 'brasileira', 'timestamp': (1.74, 2.32)}];0,0;0,0;0,0;0,0
./audios/SP_D2_333_1371.86705_1372.14734.wav;1371,86705;1372,14734;não é?;não é;0,28028999999992266;bati;;[{'text': 'bati', 'timestamp': (0.98, 1.26)}];1,0;1,0;1,0;1,0
./audios/SP_D2_333_1372.3563_1374.24214.wav;1372,3563;1374,24214;em que entraram artistas;em que entraram artistas;1,8858400000001438;em que entraram artistas;;[{'text': 'em', 'timestamp': (0.1, 0.14)}, {'text': 'que', 'timestamp': (0.2, 0.28)}, {'text': 'entraram', 'timestamp': (0.34, 0.84)}, {'text': 'artistas', 'timestamp': (0.94, 1.72)}];0,0;0,0;0,0;0,0
./audios/SP_D2_333_1374.55191_1376.96025.wav;1374,55191;1376,96025;extraordinários da nossa música popular;extraordinários da nossa música popular;2,4083400000001802;extraordinários da nossa música popular;;[{'text': 'extraordinários', 'timestamp': (0.14, 0.94)}, {'text': 'da', 'timestamp': (0.98, 1.04)}, {'text': 'nossa', 'timestamp': (1.1, 1.3)}, {'text': 'música', 'timestamp': (1.4, 1.66)}, {'text': 'popular', 'timestamp': (1.74, 2.16)}];0,0;0,0;0,0;0,0
./audios/SP_D2_333_1377.39403_1378.46731.wav;1377,39403;1378,46731;na composição;na composição;1,073280000000068;na composição;;[{'text': 'na', 'timestamp': (0.1, 0.14)}, {'text': 'composição', 'timestamp': (0.26, 0.98)}];0,0;0,0;0,0;0,0
./audios/SP_D2_333_1379.07375_1382.48265.wav;1379,07375;1382,48265;tanto das letras quanto das músicas e na execução e na interpretação;tanto das letras quanto das músicas e na execução e na interpretação;3,4088999999999032;tanto das letras quanto das músicas e na execução e na interpretação;;[{'text': 'tanto', 'timestamp': (0.04, 0.22)}, {'text': 'das', 'timestamp': (0.32, 0.44)}, {'text': 'letras', 'timestamp': (0.54, 0.84)}, {'text': 'quanto', 'timestamp': (0.9, 1.08)}, {'text': 'das', 'timestamp': (1.18, 1.28)}, {'text': 'músicas', 'timestamp': (1.36, 1.64)}, {'text': 'e', 'timestamp': (1.7, 1.74)}, {'text': 'na', 'timestamp': (1.8, 1.84)}, {'text': 'execução', 'timestamp': (1.9, 2.38)}, {'text': 'e', 'timestamp': (2.4, 2.42)}, {'text': 'na', 'timestamp': (2.46, 2.5)}, {'text': 'interpretação', 'timestamp': (2.56, 3.22)}];0,0;0,0;0,0;0,0
./audios/SP_D2_333_1382.76064_1383.25924.wav;1382,76064;1383,25924;então;então;0,49860000000012406;então;;[{'text': 'então', 'timestamp': (1.08, 1.3)}];0,0;0,0;0,0;0,0
./audios/SP_D2_333_1383.73873_1384.10999.wav;1383,73873;1384,10999;ah::;ah;0,3712599999998929;para;;[{'text': 'para', 'timestamp': (1.02, 1.42)}];1,0;1,0;1,0;1,5
./audios/SP_D2_333_1384.10999_1385.58398.wav;1384,10999;1385,58398;Gabriela eu acho ( ) também;gabriela eu acho também;1,4739900000001853;gabriela eu acho cep também;;[{'text': 'gabriela', 'timestamp': (0.08, 0.46)}, {'text': 'eu', 'timestamp': (0.48, 0.56)}, {'text': 'acho', 'timestamp': (0.62, 0.74)}, {'text': 'cep', 'timestamp': (0.88, 1.0)}, {'text': 'também', 'timestamp': (1.12, 1.36)}];0,25;0,2;0,19999999999999996;0,17391304347826086
./audios/SP_D2_333_1385.74867_1387.31395.wav;1385,74867;1387,31395;parece que já está sendo negociada;parece que já está sendo negociada;1,5652800000000298;parece que já está sendo negociado;;[{'text': 'parece', 'timestamp': (0.04, 0.2)}, {'text': 'que', 'timestamp': (0.24, 0.3)}, {'text': 'já', 'timestamp': (0.36, 0.4)}, {'text': 'está', 'timestamp': (0.44, 0.54)}, {'text': 'sendo', 'timestamp': (0.6, 0.72)}, {'text': 'negociado', 'timestamp': (0.84, 1.32)}];0,16666666666666666;0,16666666666666666;0,30555555555555547;0,029411764705882353
./audios/SP_D2_333_1387.78729_1389.12843.wav;1387,78729;1389,12843;como foi O Bem Amado;como foi o bem amado;1,3411399999999958;como foi o bem amado;;[{'text': 'como', 'timestamp': (0.04, 0.16)}, {'text': 'foi', 'timestamp': (0.28, 0.42)}, {'text': 'o', 'timestamp': (0.46, 0.48)}, {'text': 'bem', 'timestamp': (0.54, 0.68)}, {'text': 'amado', 'timestamp': (0.74, 1.14)}];0,0;0,0;0,0;0,0
./audios/SP_D2_333_1390.6887_1391.10729.wav;1390,6887;1391,10729;éh;eh;0,4185899999999947;é;;[{'text': 'é', 'timestamp': (1.12, 1.14)}];1,0;1,0;1,0;1,0
./audios/SP_D2_333_1391.10729_1391.92035.wav;1391,10729;1391,92035;isso eu acho muito bom;isso eu acho muito bom;0,8130600000001778;isso faz muito bom;;[{'text': 'isso', 'timestamp': (1.04, 1.14)}, {'text': 'faz', 'timestamp': (1.2, 1.28)}, {'text': 'muito', 'timestamp': (1.36, 1.48)}, {'text': 'bom', 'timestamp': (1.58, 1.68)}];0,4;0,4;0,55;0,2727272727272727
./audios/SP_D2_333_1400.80408_1401.12148.wav;1400,80408;1401,12148;é;é;0,31739999999990687;é;;[{'text': 'é', 'timestamp': (1.1, 1.12)}];0,0;0,0;0,0;0,0
./audios/SP_D2_333_1401.3357_1402.35157.wav;1401,3357;1402,35157;como antigamente se punha;como antigamente se punha;1,0158699999999499;como antigamente se pune;;[{'text': 'como', 'timestamp': (0.02, 0.12)}, {'text': 'antigamente', 'timestamp': (0.14, 0.52)}, {'text': 'se', 'timestamp': (0.6, 0.64)}, {'text': 'pune', 'timestamp': (0.74, 0.9)}];0,25;0,25;0,4375;0,08
./audios/SP_D2_333_1402.35157_1402.57986.wav;1402,35157;1402,57986;né?;né;0,22829000000001543;na;;[{'text': 'na', 'timestamp': (1.04, 1.08)}];1,0;1,0;1,0;0,5
./audios/SP_D2_333_1411.92413_1412.58132.wav;1411,92413;1412,58132;[adequado;adequado;0,6571899999999005;adequada;;[{'text': 'adequada', 'timestamp': (1.04, 1.56)}];1,0;1,0;1,0;0,125
./audios/SP_D2_333_1417.11662_1417.75631.wav;1417,11662;1417,75631;é [( );é;0,6396899999999732;é a uma grande o;;[{'text': 'é', 'timestamp': (1.04, 1.06)}, {'text': 'a', 'timestamp': (1.24, 1.26)}, {'text': 'uma', 'timestamp': (1.28, 1.36)}, {'text': 'grande', 'timestamp': (1.4, 1.6)}, {'text': 'o', 'timestamp': (1.68, 1.7)}];4,0;0,8;0,8;15,0
./audios/SP_D2_333_1418.87248_1419.10979.wav;1418,87248;1419,10979;[é;é;0,23730999999997948;preso;;[{'text': 'preso', 'timestamp': (0.98, 1.36)}];1,0;1,0;1,0;5,0
./audios/SP_D2_333_1419.52493_1420.74665.wav;1419,52493;1420,74665;isso é muito bom::;isso é muito bom;1,2217200000000048;e isso é muito bom;;[{'text': 'e', 'timestamp': (0.08, 0.1)}, {'text': 'isso', 'timestamp': (0.2, 0.34)}, {'text': 'é', 'timestamp': (0.4, 0.42)}, {'text': 'muito', 'timestamp': (0.48, 0.6)}, {'text': 'bom', 'timestamp': (0.72, 0.9)}];0,25;0,2;0,19999999999999996;0,125
./audios/SP_D2_333_1420.74665_1421.44637.wav;1420,74665;1421,44637;e:::;e;0,6997199999998429;ele;;[{'text': 'ele', 'timestamp': (1.16, 1.34)}];1,0;1,0;1,0;2,0
./audios/SP_D2_333_1421.88021_1422.69165.wav;1421,88021;1422,69165;e ain/ e::;e ain e;0,8114399999999478;e e;;[{'text': 'e', 'timestamp': (1.06, 1.08)}, {'text': 'e', 'timestamp': (1.34, 1.36)}];0,3333333333333333;0,3333333333333333;0,33333333333333337;0,5714285714285714
./audios/SP_D2_333_1422.95098_1424.37212.wav;1422,95098;1424,37212;e a novela puxa o disco;e a novela puxa o disco;1,421139999999923;e a noviela puxa o disco;;[{'text': 'e', 'timestamp': (0.06, 0.08)}, {'text': 'a', 'timestamp': (0.14, 0.16)}, {'text': 'noviela', 'timestamp': (0.2, 0.54)}, {'text': 'puxa', 'timestamp': (0.68, 0.92)}, {'text': 'o', 'timestamp': (0.96, 0.98)}, {'text': 'disco', 'timestamp': (1.08, 1.34)}];0,16666666666666666;0,16666666666666666;0,30555555555555547;0,043478260869565216
./audios/SP_D2_333_1424.37212_1426.79892.wav;1424,37212;1426,79892;porque parece que na vendagem dos discos eles são muito;porque parece que na vendagem dos discos eles são muito;2,4267999999999574;porque não aparece que na vendagem dos discos eles são muito;;[{'text': 'porque', 'timestamp': (0.02, 0.2)}, {'text': 'não', 'timestamp': (0.22, 0.3)}, {'text': 'aparece', 'timestamp': (0.36, 0.52)}, {'text': 'que', 'timestamp': (0.56, 0.62)}, {'text': 'na', 'timestamp': (0.64, 0.68)}, {'text': 'vendagem', 'timestamp': (0.72, 1.08)}, {'text': 'dos', 'timestamp': (1.12, 1.28)}, {'text': 'discos', 'timestamp': (1.34, 1.64)}, {'text': 'eles', 'timestamp': (1.72, 1.8)}, {'text': 'são', 'timestamp': (1.86, 1.94)}, {'text': 'muito', 'timestamp': (2.0, 2.14)}];0,2;0,18181818181818182;0,26363636363636356;0,09090909090909091
./audios/SP_D2_333_1427.34723_1429.24951.wav;1427,34723;1429,24951;requisitados esses discos de novela;requisitados esses discos de novela;1,9022800000000188;requisitados esses discos de noveanos;;[{'text': 'requisitados', 'timestamp': (0.1, 0.78)}, {'text': 'esses', 'timestamp': (0.86, 1.04)}, {'text': 'discos', 'timestamp': (1.1, 1.34)}, {'text': 'de', 'timestamp': (1.4, 1.44)}, {'text': 'noveanos', 'timestamp': (1.5, 1.86)}];0,2;0,2;0,3599999999999999;0,11428571428571428
./audios/SP_D2_333_1429.24951_1429.51992.wav;1429,24951;1429,51992;né?;né;0,27040999999985615;a;;[{'text': 'a', 'timestamp': (0.6, 0.62)}];1,0;1,0;1,0;1,0
./audios/SP_D2_333_1441.63587_1442.03311.wav;1441,63587;1442,03311;é e;é e;0,3972400000000107;ele;;[{'text': 'ele', 'timestamp': (1.04, 1.3)}];1,0;1,0;1,0;0,6666666666666666
./audios/SP_D2_333_1442.03311_1442.38371.wav;1442,03311;1442,38371;não;não;0,3505999999999858;pneu;;[{'text': 'pneu', 'timestamp': (0.94, 1.26)}];1,0;1,0;1,0;1,0
./audios/SP_D2_333_1442.38371_1443.16.wav;1442,38371;1443,16;o que [eu disse é o seguinte;o que eu disse é o seguinte;0,7762900000000172;aquele que se se vendeu;;[{'text': 'aquele', 'timestamp': (0.96, 1.12)}, {'text': 'que', 'timestamp': (1.18, 1.24)}, {'text': 'se', 'timestamp': (1.26, 1.38)}, {'text': 'se', 'timestamp': (1.46, 1.5)}, {'text': 'vendeu', 'timestamp': (1.54, 1.76)}];0,8571428571428571;0,8571428571428571;0,9714285714285714;0,5925925925925926
./audios/SP_D2_333_1443.16_1444.76932.wav;1443,16;1444,76932;é é a tal coisa a televisão;é é a tal coisa a televisão;1,6093200000000252;porque é a tal coisa televisão;;[{'text': 'porque', 'timestamp': (0.0, 0.14)}, {'text': 'é', 'timestamp': (0.2, 0.22)}, {'text': 'a', 'timestamp': (0.52, 0.54)}, {'text': 'tal', 'timestamp': (0.62, 0.72)}, {'text': 'coisa', 'timestamp': (0.82, 0.98)}, {'text': 'televisão', 'timestamp': (1.08, 1.42)}];0,2857142857142857;0,2857142857142857;0,40476190476190477;0,2962962962962963
./audios/SP_D2_333_1444.76932_1445.21901.wav;1444,76932;1445,21901;hã::;ah;0,44968999999991865;não;;[{'text': 'não', 'timestamp': (1.06, 1.2)}];1,0;1,0;1,0;1,5
./audios/SP_D2_333_1445.21901_1447.17815.wav;1445,21901;1447,17815;ao mesmo tempo que proporciona às vezes;ao mesmo tempo que proporciona às vezes;1,959139999999934;ao mesmo tempo que proporciona às vezes;;[{'text': 'ao', 'timestamp': (0.14, 0.2)}, {'text': 'mesmo', 'timestamp': (0.26, 0.42)}, {'text': 'tempo', 'timestamp': (0.5, 0.64)}, {'text': 'que', 'timestamp': (0.7, 0.76)}, {'text': 'proporciona', 'timestamp': (0.88, 1.38)}, {'text': 'às', 'timestamp': (1.44, 1.5)}, {'text': 'vezes', 'timestamp': (1.56, 1.82)}];0,0;0,0;0,0;0,0
./audios/SP_D2_333_1447.61224_1448.78599.wav;1447,61224;1448,78599;surpresas ruins;surpresas ruins;1,1737500000001546;surpresa as rudes;;[{'text': 'surpresa', 'timestamp': (0.08, 0.5)}, {'text': 'as', 'timestamp': (0.58, 0.62)}, {'text': 'rudes', 'timestamp': (0.72, 0.98)}];1,5;1,0;1,0;0,26666666666666666
./audios/SP_D2_333_1448.78599_1450.18421.wav;1448,78599;1450,18421;às vezes proporciona Ótimas;às vezes proporciona ótimas;1,3982199999998102;às vezes proporciona ótima;;[{'text': 'às', 'timestamp': (0.1, 0.16)}, {'text': 'vezes', 'timestamp': (0.2, 0.38)}, {'text': 'proporciona', 'timestamp': (0.44, 0.88)}, {'text': 'ótima', 'timestamp': (1.06, 1.32)}];0,25;0,25;0,4375;0,037037037037037035
./audios/SP_D2_333_1450.18421_1450.44083.wav;1450,18421;1450,44083;não é?;não é;0,25662000000011176;já;;[{'text': 'já', 'timestamp': (1.02, 1.08)}];1,0;1,0;1,0;1,0
./audios/SP_D2_333_1450.73335_1452.19769.wav;1450,73335;1452,19769;porque a Marília Medalha não costuma;porque a marília medalha não costuma;1,4643399999999929;que maria é metal e não costuma;;[{'text': 'que', 'timestamp': (0.02, 0.12)}, {'text': 'maria', 'timestamp': (0.2, 0.42)}, {'text': 'é', 'timestamp': (0.44, 0.46)}, {'text': 'metal', 'timestamp': (0.5, 0.78)}, {'text': 'e', 'timestamp': (0.82, 0.84)}, {'text': 'não', 'timestamp': (0.88, 0.96)}, {'text': 'costuma', 'timestamp': (1.06, 1.36)}];0,8333333333333334;0,7142857142857143;0,9047619047619048;0,3333333333333333
./audios/SP_D2_333_1452.55715_1454.0626.wav;1452,55715;1454,0626;aparecer muito na televisão;aparecer muito na televisão;1,5054499999998825;aparecia muito muito na televisão;;[{'text': 'aparecia', 'timestamp': (0.06, 0.38)}, {'text': 'muito', 'timestamp': (0.5, 0.62)}, {'text': 'muito', 'timestamp': (0.68, 0.8)}, {'text': 'na', 'timestamp': (0.82, 0.88)}, {'text': 'televisão', 'timestamp': (0.94, 1.36)}];0,5;0,4;0,55;0,2962962962962963
./audios/SP_D2_333_1455.15181_1455.70934.wav;1455,15181;1455,70934;éh::;eh;0,5575300000000425;e;;[{'text': 'e', 'timestamp': (1.08, 1.1)}];1,0;1,0;1,0;0,5
./audios/SP_D2_333_1455.70934_1459.88069.wav;1455,70934;1459,88069;há quem diga que a televisão compõe uma muralha de mediocriDAde;há quem diga que a televisão compõe uma muralha de mediocridade;4,171349999999848;há quem diga que a televisão compõe uma muralha de mediocridade;;[{'text': 'há', 'timestamp': (0.06, 0.12)}, {'text': 'quem', 'timestamp': (0.36, 0.5)}, {'text': 'diga', 'timestamp': (0.64, 0.88)}, {'text': 'que', 'timestamp': (0.98, 1.06)}, {'text': 'a', 'timestamp': (1.12, 1.14)}, {'text': 'televisão', 'timestamp': (1.2, 1.68)}, {'text': 'compõe', 'timestamp': (1.9, 2.5)}, {'text': 'uma', 'timestamp': (2.6, 2.68)}, {'text': 'muralha', 'timestamp': (2.78, 3.14)}, {'text': 'de', 'timestamp': (3.18, 3.22)}, {'text': 'mediocridade', 'timestamp': (3.3, 3.98)}];0,0;0,0;0,0;0,0
./audios/SP_D2_333_1460.16426_1461.52125.wav;1460,16426;1461,52125;que ela paga muito bem;que ela paga muito bem;1,3569899999999961;porque ela paga muito bem;;[{'text': 'porque', 'timestamp': (0.02, 0.2)}, {'text': 'ela', 'timestamp': (0.22, 0.32)}, {'text': 'paga', 'timestamp': (0.48, 0.72)}, {'text': 'muito', 'timestamp': (0.8, 0.94)}, {'text': 'bem', 'timestamp': (1.08, 1.22)}];0,2;0,2;0,3599999999999999;0,13636363636363635
./audios/SP_D2_333_1461.75145_1464.28904.wav;1461,75145;1464,28904;então as pessoas que estão lá dentro não deixam;então as pessoas que estão lá dentro não deixam;2,5375900000001366;então as pessoas que estão lá dentro não deixam;;[{'text': 'então', 'timestamp': (0.1, 0.3)}, {'text': 'as', 'timestamp': (0.38, 0.44)}, {'text': 'pessoas', 'timestamp': (0.52, 0.76)}, {'text': 'que', 'timestamp': (0.8, 0.86)}, {'text': 'estão', 'timestamp': (0.88, 1.02)}, {'text': 'lá', 'timestamp': (1.06, 1.1)}, {'text': 'dentro', 'timestamp': (1.26, 1.56)}, {'text': 'não', 'timestamp': (1.7, 1.82)}, {'text': 'deixam', 'timestamp': (2.0, 2.46)}];0,0;0,0;0,0;0,0
./audios/SP_D2_333_1464.28904_1465.5734.wav;1464,28904;1465,5734;os de fora entrar;os de fora entrar;1,2843599999998787;os de fora e entrar;;[{'text': 'os', 'timestamp': (0.08, 0.14)}, {'text': 'de', 'timestamp': (0.2, 0.26)}, {'text': 'fora', 'timestamp': (0.38, 0.6)}, {'text': 'e', 'timestamp': (0.62, 0.66)}, {'text': 'entrar', 'timestamp': (0.68, 1.0)}];0,25;0,2;0,19999999999999996;0,11764705882352941
./audios/SP_D2_333_1465.93602_1467.27687.wav;1465,93602;1467,27687;então muitos artistas;então muitos artistas;1,3408499999998185;então muitos artistas;;[{'text': 'então', 'timestamp': (0.1, 0.32)}, {'text': 'muitos', 'timestamp': (0.42, 0.66)}, {'text': 'artistas', 'timestamp': (0.74, 1.26)}];0,0;0,0;0,0;0,0
./audios/SP_D2_333_1467.27687_1468.35629.wav;1467,27687;1468,35629;escritores;escritores;1,0794200000000274;escritores;;[{'text': 'escritores', 'timestamp': (0.08, 0.88)}];0,0;0,0;0,0;0,0
./audios/SP_D2_333_1468.8093_1469.00888.wav;1468,8093;1469,00888;hã;ah;0,19958000000019638;e;;[{'text': 'e', 'timestamp': (1.04, 1.06)}];1,0;1,0;1,0;1,0
./audios/SP_D2_333_1469.00888_1470.17781.wav;1469,00888;1470,17781;compositores;compositores;1,1689299999998184;compositores;;[{'text': 'compositores', 'timestamp': (0.1, 1.06)}];0,0;0,0;0,0;0,0
./audios/SP_D2_333_1470.17781_1471.04733.wav;1470,17781;1471,04733;cantores;cantores;0,8695200000001932;quem estou hoje;;[{'text': 'quem', 'timestamp': (1.02, 1.14)}, {'text': 'estou', 'timestamp': (1.24, 1.46)}, {'text': 'hoje', 'timestamp': (1.56, 1.78)}];3,0;1,0;1,0;1,625
./audios/SP_D2_333_1471.04733_1472.0354.wav;1471,04733;1472,0354;gostariam de:::;gostariam de;0,9880699999998797;o estaria onde;;[{'text': 'o', 'timestamp': (1.16, 1.18)}, {'text': 'estaria', 'timestamp': (1.24, 1.64)}, {'text': 'onde', 'timestamp': (1.72, 1.9)}];1,5;1,0;1,0;0,5
./audios/SP_D2_333_1472.83641_1474.17012.wav;1472,83641;1474,17012;de ter acesso à televisão;de ter acesso à televisão;1,33371000000011;de ter acesso à televisão;;[{'text': 'de', 'timestamp': (0.04, 0.08)}, {'text': 'ter', 'timestamp': (0.22, 0.32)}, {'text': 'acesso', 'timestamp': (0.4, 0.8)}, {'text': 'à', 'timestamp': (0.84, 0.86)}, {'text': 'televisão', 'timestamp': (0.92, 1.28)}];0,0;0,0;0,0;0,0
./audios/SP_D2_333_1474.17012_1475.3139.wav;1474,17012;1475,3139;mas ela se fecha;mas ela se fecha;1,1437800000001062;mas ela se fecha;;[{'text': 'mas', 'timestamp': (0.06, 0.18)}, {'text': 'ela', 'timestamp': (0.24, 0.34)}, {'text': 'se', 'timestamp': (0.44, 0.5)}, {'text': 'fecha', 'timestamp': (0.66, 1.02)}];0,0;0,0;0,0;0,0
./audios/SP_D2_333_1475.81244_1477.69273.wav;1475,81244;1477,69273;na famosa muralha de mediocridade;na famosa muralha de mediocridade;1,880290000000059;na famosa moraria de mediocridade;;[{'text': 'na', 'timestamp': (0.08, 0.14)}, {'text': 'famosa', 'timestamp': (0.22, 0.68)}, {'text': 'moraria', 'timestamp': (0.78, 1.1)}, {'text': 'de', 'timestamp': (1.16, 1.2)}, {'text': 'mediocridade', 'timestamp': (1.24, 1.76)}];0,2;0,2;0,3599999999999999;0,09090909090909091
./audios/SP_D2_333_1477.69273_1479.30524.wav;1477,69273;1479,30524;que (a r/) agora é um pouco discutível;que a r agora é um pouco discutível;1,6125099999999293;que agora é um pouco discutível;;[{'text': 'que', 'timestamp': (0.02, 0.08)}, {'text': 'agora', 'timestamp': (0.14, 0.58)}, {'text': 'é', 'timestamp': (0.6, 0.62)}, {'text': 'um', 'timestamp': (0.66, 0.7)}, {'text': 'pouco', 'timestamp': (0.78, 0.94)}, {'text': 'discutível', 'timestamp': (1.02, 1.52)}];0,25;0,25;0,25;0,11428571428571428
./audios/SP_D2_333_1479.8_1480.89517.wav;1479,8;1480,89517;e não se abre;e não se abre;1,0951700000000528;e não se abre;;[{'text': 'e', 'timestamp': (0.1, 0.12)}, {'text': 'não', 'timestamp': (0.26, 0.38)}, {'text': 'se', 'timestamp': (0.54, 0.6)}, {'text': 'abre', 'timestamp': (0.72, 0.96)}];0,0;0,0;0,0;0,0
./audios/SP_D2_333_1480.89517_1481.50291.wav;1480,89517;1481,50291;mas::;mas;0,6077399999999216;mas;;[{'text': 'mas', 'timestamp': (1.12, 1.38)}];0,0;0,0;0,0;0,0
./audios/SP_D2_333_1481.50291_1482.31551.wav;1481,50291;1482,31551;nesse dia;nesse dia;0,8125999999999749;nesse dia;;[{'text': 'nesse', 'timestamp': (1.08, 1.32)}, {'text': 'dia', 'timestamp': (1.48, 1.68)}];0,0;0,0;0,0;0,0
./audios/SP_D2_333_1482.9272_1484.7904.wav;1482,9272;1484,7904;eu estava aqui na minha sala;eu estava aqui na minha sala;1,8632000000000062;eu estava aqui na minha sala;;[{'text': 'eu', 'timestamp': (0.04, 0.1)}, {'text': 'estava', 'timestamp': (0.16, 0.52)}, {'text': 'aqui', 'timestamp': (0.58, 0.72)}, {'text': 'na', 'timestamp': (0.76, 0.82)}, {'text': 'minha', 'timestamp': (0.88, 1.02)}, {'text': 'sala', 'timestamp': (1.32, 1.64)}];0,0;0,0;0,0;0,0
./audios/SP_D2_333_1485.26715_1487.56629.wav;1485,26715;1487,56629;sintonizei para o canal quatro;sintonizei para o canal quatro;2,2991400000000795;sintonizei para o canal quatro;;[{'text': 'sintonizei', 'timestamp': (0.14, 0.8)}, {'text': 'para', 'timestamp': (0.9, 1.02)}, {'text': 'o', 'timestamp': (1.04, 1.06)}, {'text': 'canal', 'timestamp': (1.12, 1.36)}, {'text': 'quatro', 'timestamp': (1.6, 2.08)}];0,0;0,0;0,0;0,0
./audios/SP_D2_333_1488.14416_1489.74398.wav;1488,14416;1489,74398;um programa da::;um programa da;1,5998199999999088;um programa de;;[{'text': 'um', 'timestamp': (0.14, 0.2)}, {'text': 'programa', 'timestamp': (0.28, 0.78)}, {'text': 'de', 'timestamp': (0.96, 1.02)}];0,3333333333333333;0,3333333333333333;0,5555555555555556;0,07142857142857142
./audios/SP_D2_333_1490.17451_1491.49565.wav;1490,17451;1491,49565;Elizeth Cardoso;elizeth cardoso;1,321140000000014;elisiate cardoso;;[{'text': 'elisiate', 'timestamp': (0.06, 0.48)}, {'text': 'cardoso', 'timestamp': (0.6, 1.18)}];0,5;0,5;0,75;0,26666666666666666
./audios/SP_D2_333_1491.49565_1493.1441.wav;1491,49565;1493,1441;Brasil Som Setenta e Seis;brasil som setenta e seis;1,6484499999999116;brasil som setenta e seis;;[{'text': 'brasil', 'timestamp': (0.06, 0.38)}, {'text': 'som', 'timestamp': (0.58, 0.72)}, {'text': 'setenta', 'timestamp': (0.88, 1.2)}, {'text': 'e', 'timestamp': (1.28, 1.3)}, {'text': 'seis', 'timestamp': (1.42, 1.6)}];0,0;0,0;0,0;0,0
./audios/SP_D2_333_1493.1441_1494.64272.wav;1493,1441;1494,64272;--eu gosto muito da Elizeth Cardoso--;eu gosto muito da elizeth cardoso;1,4986200000000736;eu gosto de delizete cardoso;;[{'text': 'eu', 'timestamp': (0.06, 0.1)}, {'text': 'gosto', 'timestamp': (0.14, 0.26)}, {'text': 'de', 'timestamp': (0.3, 0.34)}, {'text': 'delizete', 'timestamp': (0.5, 0.84)}, {'text': 'cardoso', 'timestamp': (0.92, 1.32)}];0,5;0,5;0,7;0,24242424242424243
./audios/SP_D2_333_1495.14555_1496.60381.wav;1495,14555;1496,60381;e daí a pouco quem eu vejo;e daí a pouco quem eu vejo;1,4582600000001094;então a pouco quem eu vejo;;[{'text': 'então', 'timestamp': (0.06, 0.2)}, {'text': 'a', 'timestamp': (0.36, 0.4)}, {'text': 'pouco', 'timestamp': (0.46, 0.66)}, {'text': 'quem', 'timestamp': (0.8, 0.98)}, {'text': 'eu', 'timestamp': (1.04, 1.1)}, {'text': 'vejo', 'timestamp': (1.2, 1.42)}];0,2857142857142857;0,2857142857142857;0,40476190476190477;0,15384615384615385
./audios/SP_D2_333_1496.60381_1497.61281.wav;1496,60381;1497,61281;Marília Medalha;marília medalha;1,0090000000000146;adeque a metade;;[{'text': 'adeque', 'timestamp': (0.12, 0.38)}, {'text': 'a', 'timestamp': (0.44, 0.46)}, {'text': 'metade', 'timestamp': (0.5, 0.9)}];1,5;1,0;1,0;0,7333333333333333
./audios/SP_D2_333_1498.28867_1499.15812.wav;1498,28867;1499,15812;cantan::do;cantando;0,8694500000001426;cantando;;[{'text': 'cantando', 'timestamp': (1.0, 1.7)}];0,0;0,0;0,0;0,0
./audios/SP_D2_333_1499.69273_1501.69598.wav;1499,69273;1501,69598;umas músicas lin::das::;umas músicas lindas;2,00324999999998;umas músicas lindas;;[{'text': 'umas', 'timestamp': (0.02, 0.18)}, {'text': 'músicas', 'timestamp': (0.3, 0.76)}, {'text': 'lindas', 'timestamp': (0.96, 1.46)}];0,0;0,0;0,0;0,0
./audios/SP_D2_333_1501.69598_1503.80312.wav;1501,69598;1503,80312;e com uma presen::ça extraordinária;e com uma presença extraordinária;2,107140000000072;e como a presença histraogenária;;[{'text': 'e', 'timestamp': (0.06, 0.08)}, {'text': 'como', 'timestamp': (0.2, 0.36)}, {'text': 'a', 'timestamp': (0.42, 0.44)}, {'text': 'presença', 'timestamp': (0.54, 1.26)}, {'text': 'histraogenária', 'timestamp': (1.36, 1.96)}];0,6;0,6;0,84;0,2727272727272727
./audios/SP_D2_333_1504.42359_1505.32263.wav;1504,42359;1505,32263;eu acho::;eu acho;0,8990399999997862;eu acho;;[{'text': 'eu', 'timestamp': (1.08, 1.14)}, {'text': 'acho', 'timestamp': (1.24, 1.48)}];0,0;0,0;0,0;0,0
./audios/SP_D2_333_1506.06022_1509.58774.wav;1506,06022;1509,58774;a Marília Medalha uma das nossas atrizes MAIS significativas;a marília medalha uma das nossas atrizes mais significativas;3,5275199999998677;a marília medalha é uma das nossas atrizes mais significativas;;[{'text': 'a', 'timestamp': (0.06, 0.08)}, {'text': 'marília', 'timestamp': (0.14, 0.46)}, {'text': 'medalha', 'timestamp': (0.48, 0.82)}, {'text': 'é', 'timestamp': (0.84, 0.86)}, {'text': 'uma', 'timestamp': (0.9, 0.98)}, {'text': 'das', 'timestamp': (1.04, 1.14)}, {'text': 'nossas', 'timestamp': (1.22, 1.44)}, {'text': 'atrizes', 'timestamp': (1.52, 1.86)}, {'text': 'mais', 'timestamp': (2.02, 2.22)}, {'text': 'significativas', 'timestamp': (2.36, 3.32)}];0,1111111111111111;0,1;0,09999999999999998;0,03333333333333333
./audios/SP_D2_333_1509.94501_1512.76266.wav;1509,94501;1512,76266;e ela está se dedicando MUIto à música popular;e ela está se dedicando muito à música popular;2,817650000000185;e ela está se identificando muito a música popular;;[{'text': 'e', 'timestamp': (0.04, 0.06)}, {'text': 'ela', 'timestamp': (0.16, 0.24)}, {'text': 'está', 'timestamp': (0.28, 0.38)}, {'text': 'se', 'timestamp': (0.44, 0.48)}, {'text': 'identificando', 'timestamp': (0.52, 0.98)}, {'text': 'muito', 'timestamp': (1.18, 1.54)}, {'text': 'a', 'timestamp': (1.86, 1.88)}, {'text': 'música', 'timestamp': (2.1, 2.4)}, {'text': 'popular', 'timestamp': (2.5, 2.74)}];0,2222222222222222;0,2222222222222222;0,3950617283950617;0,13043478260869565
./audios/SP_D2_333_1512.76266_1513.50048.wav;1512,76266;1513,50048;e SEMpre;e sempre;0,7378199999998287;foi sempre;;[{'text': 'foi', 'timestamp': (0.92, 1.08)}, {'text': 'sempre', 'timestamp': (1.26, 1.62)}];0,5;0,5;0,75;0,375
./audios/SP_D2_333_1513.50048_1513.81924.wav;1513,50048;1513,81924;--creio--;creio;0,3187600000001112;creme;;[{'text': 'creme', 'timestamp': (1.0, 1.34)}];1,0;1,0;1,0;0,4
./audios/SP_D2_333_1513.81924_1515.91483.wav;1513,81924;1515,91483;sempre na carreira dela ela se dedicou;sempre na carreira dela ela se dedicou;2,095589999999902;sempre na carreira dela ela se identificou;;[{'text': 'sempre', 'timestamp': (0.12, 0.3)}, {'text': 'na', 'timestamp': (0.36, 0.42)}, {'text': 'carreira', 'timestamp': (0.48, 0.76)}, {'text': 'dela', 'timestamp': (0.88, 1.04)}, {'text': 'ela', 'timestamp': (1.18, 1.28)}, {'text': 'se', 'timestamp': (1.38, 1.42)}, {'text': 'identificou', 'timestamp': (1.5, 1.92)}];0,14285714285714285;0,14285714285714285;0,26530612244897966;0,13157894736842105
./audios/SP_D2_333_1516.21729_1517.19927.wav;1516,21729;1517,19927;à nossa música;à nossa música;0,9819800000000214;a nossa música;;[{'text': 'a', 'timestamp': (1.04, 1.06)}, {'text': 'nossa', 'timestamp': (1.12, 1.36)}, {'text': 'música', 'timestamp': (1.46, 1.86)}];0,3333333333333333;0,3333333333333333;0,5555555555555556;0,07142857142857142
./audios/SP_D2_333_1517.471_1519.79348.wav;1517,471;1519,79348;vocês devem estar lembrados do sucesso;vocês devem estar lembrados do sucesso;2,3224800000000414;vocês devem estar lembrados do sucesso;;[{'text': 'vocês', 'timestamp': (0.22, 0.4)}, {'text': 'devem', 'timestamp': (0.46, 0.6)}, {'text': 'estar', 'timestamp': (0.64, 0.78)}, {'text': 'lembrados', 'timestamp': (0.88, 1.32)}, {'text': 'do', 'timestamp': (1.42, 1.48)}, {'text': 'sucesso', 'timestamp': (1.58, 2.18)}];0,0;0,0;0,0;0,0
./audios/SP_D2_333_1520.3198_1520.59342.wav;1520,3198;1520,59342;ah;ah;0,27361999999993714;adi;;[{'text': 'adi', 'timestamp': (1.08, 1.26)}];1,0;1,0;1,0;1,0
./audios/SP_D2_333_1520.59342_1522.65285.wav;1520,59342;1522,65285;da interpretação dela de Ponteio;da interpretação dela de ponteio;2,0594300000000203;tem a interpretação dela de ponteiro;;[{'text': 'tem', 'timestamp': (0.02, 0.08)}, {'text': 'a', 'timestamp': (0.1, 0.12)}, {'text': 'interpretação', 'timestamp': (0.16, 0.7)}, {'text': 'dela', 'timestamp': (0.8, 0.96)}, {'text': 'de', 'timestamp': (1.06, 1.1)}, {'text': 'ponteiro', 'timestamp': (1.22, 1.9)}];0,6;0,5;0,7;0,15625
./audios/SP_D2_333_1523.09323_1523.50834.wav;1523,09323;1523,50834;que fô/;que fô;0,41511000000014064;que foi;;[{'text': 'que', 'timestamp': (1.02, 1.08)}, {'text': 'foi', 'timestamp': (1.24, 1.44)}];0,5;0,5;0,75;0,3333333333333333
./audios/SP_D2_333_1523.50834_1524.66562.wav;1523,50834;1524,66562;do::;do;1,1572799999999006;to;;[{'text': 'to', 'timestamp': (0.08, 0.14)}];1,0;1,0;1,0;0,5
./audios/SP_D2_333_1524.93476_1526.22661.wav;1524,93476;1526,22661;[daquele menino do::;daquele menino do;1,2918499999998403;aqui repeito;;[{'text': 'aqui', 'timestamp': (0.22, 0.3)}, {'text': 'repeito', 'timestamp': (0.42, 1.02)}];1,0;1,0;1,0;0,6470588235294118
./audios/SP_D2_333_1526.22661_1526.87829.wav;1526,22661;1526,87829;como é que ele chama?;como é que ele chama;0,6516800000001695;o a crestana;;[{'text': 'o', 'timestamp': (1.04, 1.06)}, {'text': 'a', 'timestamp': (1.16, 1.18)}, {'text': 'crestana', 'timestamp': (1.24, 1.6)}];1,0;1,0;1,0;0,7
./audios/SP_D2_333_1526.87829_1528.26308.wav;1526,87829;1528,26308;do autor do Ponteio?;do autor do ponteio;1,384789999999839;o move termo ponteiro;;[{'text': 'o', 'timestamp': (0.0, 0.06)}, {'text': 'move', 'timestamp': (0.16, 0.32)}, {'text': 'termo', 'timestamp': (0.4, 0.56)}, {'text': 'ponteiro', 'timestamp': (0.72, 1.28)}];1,0;1,0;1,0;0,5263157894736842
./audios/SP_D2_333_1529.11446_1529.65292.wav;1529,11446;1529,65292;Edu [Lobo;edu lobo;0,5384599999999864;de donos;;[{'text': 'de', 'timestamp': (1.0, 1.06)}, {'text': 'donos', 'timestamp': (1.14, 1.54)}];1,0;1,0;1,0;0,625
./audios/SP_D2_333_1529.65292_1530.18648.wav;1529,65292;1530,18648;não é?;não é;0,5335600000000795;de lua;;[{'text': 'de', 'timestamp': (1.02, 1.08)}, {'text': 'lua', 'timestamp': (1.12, 1.26)}];1,0;1,0;1,0;1,2
./audios/SP_D2_333_1530.18648_1530.80679.wav;1530,18648;1530,80679;Edu Lobo;edu lobo;0,6203100000000177;pedro;;[{'text': 'pedro', 'timestamp': (1.0, 1.34)}];1,0;1,0;1,0;0,75
./audios/SP_D2_333_1531.16351_1532.76856.wav;1531,16351;1532,76856;que foi premiado num festival;que foi premiado num festival;1,605049999999892;que foi premiado num festival;;[{'text': 'que', 'timestamp': (0.02, 0.1)}, {'text': 'foi', 'timestamp': (0.16, 0.26)}, {'text': 'premiado', 'timestamp': (0.34, 0.76)}, {'text': 'num', 'timestamp': (0.84, 0.92)}, {'text': 'festival', 'timestamp': (1.0, 1.44)}];0,0;0,0;0,0;0,0
./audios/SP_D2_333_1535.74637_1537.61951.wav;1535,74637;1537,61951;( ) [eu não estou bem lembrada;eu não estou bem lembrada;1,8731399999999212;eu estou bem renda;;[{'text': 'eu', 'timestamp': (0.62, 0.66)}, {'text': 'estou', 'timestamp': (0.78, 0.94)}, {'text': 'bem', 'timestamp': (0.98, 1.06)}, {'text': 'renda', 'timestamp': (1.1, 1.24)}];0,4;0,4;0,55;0,36
./audios/SP_D2_333_1538.10114_1538.7116.wav;1538,10114;1538,7116;Chico [Buarque;chico buarque;0,6104600000001028;chico barrir;;[{'text': 'chico', 'timestamp': (1.04, 1.22)}, {'text': 'barrir', 'timestamp': (1.26, 1.62)}];0,5;0,5;0,75;0,3076923076923077
./audios/SP_D2_333_1546.86704_1547.28125.wav;1546,86704;1547,28125;[hã;ah;0,4142099999999118;as de;;[{'text': 'as', 'timestamp': (1.1, 1.2)}, {'text': 'de', 'timestamp': (1.26, 1.32)}];2,0;1,0;1,0;2,0
./audios/SP_D2_333_1555.2199_1555.85995.wav;1555,2199;1555,85995;[o [Ponteio;o ponteio;0,6400499999999738;eu corria isso;;[{'text': 'eu', 'timestamp': (0.98, 1.06)}, {'text': 'corria', 'timestamp': (1.12, 1.4)}, {'text': 'isso', 'timestamp': (1.5, 1.72)}];1,5;1,0;1,0;1,1111111111111112
./audios/SP_D2_333_1556.95772_1558.52.wav;1556,95772;1558,52;[( ) música maravilhosa;música maravilhosa;1,5622799999998733;tava diomar;;[{'text': 'tava', 'timestamp': (0.08, 0.26)}, {'text': 'diomar', 'timestamp': (0.34, 1.52)}];1,0;1,0;1,0;0,7777777777777778
./audios/SP_D2_333_1559.6_1559.90617.wav;1559,6;1559,90617;pois é;pois é;0,30617000000006556;pois é;;[{'text': 'pois', 'timestamp': (1.06, 1.18)}, {'text': 'é', 'timestamp': (1.22, 1.24)}];0,0;0,0;0,0;0,0
./audios/SP_D2_333_1559.90617_1560.90902.wav;1559,90617;1560,90902;[mas aí não há;mas aí não há;1,0028500000000804;mas aí ao mesmo tempo;;[{'text': 'mas', 'timestamp': (0.04, 0.14)}, {'text': 'aí', 'timestamp': (0.22, 0.3)}, {'text': 'ao', 'timestamp': (0.36, 0.4)}, {'text': 'mesmo', 'timestamp': (0.46, 0.66)}, {'text': 'tempo', 'timestamp': (0.78, 0.92)}];0,75;0,6;0,8;0,9230769230769231
./audios/SP_D2_333_1563.01857_1564.33885.wav;1563,01857;1564,33885;aí a Marília então;aí a marília então;1,320280000000139;aí amarilo em termo;;[{'text': 'aí', 'timestamp': (0.08, 0.18)}, {'text': 'amarilo', 'timestamp': (0.36, 0.74)}, {'text': 'em', 'timestamp': (0.82, 0.88)}, {'text': 'termo', 'timestamp': (0.98, 1.22)}];0,75;0,75;0,9375;0,5
./audios/SP_D2_333_1564.90617_1565.61532.wav;1564,90617;1565,61532;hã;ah;0,7091500000001361;é;;[{'text': 'é', 'timestamp': (1.08, 1.1)}];1,0;1,0;1,0;1,0
./audios/SP_D2_333_1565.8639_1566.20234.wav;1565,8639;1566,20234;éh;eh;0,3384399999999914;ele;;[{'text': 'ele', 'timestamp': (1.08, 1.28)}];1,0;1,0;1,0;1,0
./audios/SP_D2_333_1566.20234_1567.5699.wav;1566,20234;1567,5699;cantou lindamente;cantou lindamente;1,3675599999999122;cantou lindamente;;[{'text': 'cantou', 'timestamp': (0.08, 0.42)}, {'text': 'lindamente', 'timestamp': (0.54, 1.16)}];0,0;0,0;0,0;0,0
./audios/SP_D2_333_1568.12896_1570.76639.wav;1568,12896;1570,76639;e mais do que cantar eu acho que a Marília;e mais do que cantar eu acho que a marília;2,637429999999995;e mais do que cantar eu acho que a marília;;[{'text': 'e', 'timestamp': (0.12, 0.14)}, {'text': 'mais', 'timestamp': (0.26, 0.52)}, {'text': 'do', 'timestamp': (0.64, 0.7)}, {'text': 'que', 'timestamp': (0.76, 0.84)}, {'text': 'cantar', 'timestamp': (0.94, 1.4)}, {'text': 'eu', 'timestamp': (1.48, 1.56)}, {'text': 'acho', 'timestamp': (1.64, 1.8)}, {'text': 'que', 'timestamp': (1.86, 1.92)}, {'text': 'a', 'timestamp': (1.96, 1.98)}, {'text': 'marília', 'timestamp': (2.06, 2.52)}];0,0;0,0;0,0;0,0
./audios/SP_D2_333_1570.76639_1572.97814.wav;1570,76639;1572,97814;tem uma força dramática muito grande;tem uma força dramática muito grande;2,211749999999938;tem uma força dramática muito grande;;[{'text': 'tem', 'timestamp': (0.12, 0.22)}, {'text': 'uma', 'timestamp': (0.3, 0.38)}, {'text': 'força', 'timestamp': (0.6, 0.88)}, {'text': 'dramática', 'timestamp': (0.96, 1.42)}, {'text': 'muito', 'timestamp': (1.5, 1.62)}, {'text': 'grande', 'timestamp': (1.72, 2.02)}];0,0;0,0;0,0;0,0
./audios/SP_D2_333_1572.97814_1575.10205.wav;1572,97814;1575,10205;o que faz com que se suponha nela;o que faz com que se suponha nela;2,1239100000000235;o que faz com que se suponha nela;;[{'text': 'o', 'timestamp': (0.02, 0.04)}, {'text': 'que', 'timestamp': (0.08, 0.16)}, {'text': 'faz', 'timestamp': (0.4, 0.64)}, {'text': 'com', 'timestamp': (0.72, 0.78)}, {'text': 'que', 'timestamp': (0.86, 0.94)}, {'text': 'se', 'timestamp': (1.0, 1.06)}, {'text': 'suponha', 'timestamp': (1.16, 1.62)}, {'text': 'nela', 'timestamp': (1.76, 2.02)}];0,0;0,0;0,0;0,0
./audios/SP_D2_333_1575.60208_1578.52.wav;1575,60208;1578,52;uma atriz dramática que não foi aproveitada;uma atriz dramática que não foi aproveitada;2,9179200000000947;uma atriz dramática que não foi aproveitada;;[{'text': 'uma', 'timestamp': (0.12, 0.2)}, {'text': 'atriz', 'timestamp': (0.28, 0.66)}, {'text': 'dramática', 'timestamp': (0.74, 1.42)}, {'text': 'que', 'timestamp': (1.5, 1.56)}, {'text': 'não', 'timestamp': (1.62, 1.7)}, {'text': 'foi', 'timestamp': (1.86, 2.06)}, {'text': 'aproveitada', 'timestamp': (2.14, 2.78)}];0,0;0,0;0,0;0,0
./audios/SP_D2_333_1579.12343_1580.02349.wav;1579,12343;1580,02349;e é tão raro;e é tão raro;0,9000599999999395;e é tão raro;;[{'text': 'e', 'timestamp': (1.16, 1.18)}, {'text': 'é', 'timestamp': (1.26, 1.28)}, {'text': 'tão', 'timestamp': (1.4, 1.5)}, {'text': 'raro', 'timestamp': (1.62, 1.84)}];0,0;0,0;0,0;0,0
./audios/SP_D2_333_1580.41744_1583.46002.wav;1580,41744;1583,46002;que o ator nosso tenha esses dois predicados;que o ator nosso tenha esses dois predicados;3,0425800000000436;que o artor nosso tem esses dois predicados;;[{'text': 'que', 'timestamp': (0.04, 0.14)}, {'text': 'o', 'timestamp': (0.16, 0.2)}, {'text': 'artor', 'timestamp': (0.24, 0.72)}, {'text': 'nosso', 'timestamp': (1.0, 1.36)}, {'text': 'tem', 'timestamp': (1.58, 1.68)}, {'text': 'esses', 'timestamp': (1.78, 1.96)}, {'text': 'dois', 'timestamp': (2.04, 2.18)}, {'text': 'predicados', 'timestamp': (2.26, 2.86)}];0,25;0,25;0,4375;0,09090909090909091
./audios/SP_D2_333_1583.79529_1585.53636.wav;1583,79529;1585,53636;--saiba interpretar::;saiba interpretar;1,741070000000036;saiba interpretar;;[{'text': 'saiba', 'timestamp': (0.14, 0.4)}, {'text': 'interpretar', 'timestamp': (0.52, 1.28)}];0,0;0,0;0,0;0,0
./audios/SP_D2_333_1585.704_1587.22948.wav;1585,704;1587,22948;e tenha uma boa VOZ::;e tenha uma boa voz;1,525480000000016;e tenha uma boa voz;;[{'text': 'e', 'timestamp': (0.06, 0.08)}, {'text': 'tenha', 'timestamp': (0.26, 0.54)}, {'text': 'uma', 'timestamp': (0.62, 0.7)}, {'text': 'boa', 'timestamp': (0.8, 0.94)}, {'text': 'voz', 'timestamp': (1.06, 1.44)}];0,0;0,0;0,0;0,0
./audios/SP_D2_333_1587.22948_1588.64575.wav;1587,22948;1588,64575;e conhecimentos musicais--;e conhecimentos musicais;1,4162699999999404;e conhecimentos musicais;;[{'text': 'e', 'timestamp': (0.06, 0.08)}, {'text': 'conhecimentos', 'timestamp': (0.16, 0.64)}, {'text': 'musicais', 'timestamp': (0.72, 1.16)}];0,0;0,0;0,0;0,0
./audios/SP_D2_333_1589.23946_1592.75053.wav;1589,23946;1592,75053;que eu:: disse a ela que ela ela ainda não se conhecia;que eu disse a ela que ela ela ainda não se conhecia;3,511070000000018;que eu disse a ela que ela ainda não se conhecia;;[{'text': 'que', 'timestamp': (0.04, 0.12)}, {'text': 'eu', 'timestamp': (0.16, 0.22)}, {'text': 'disse', 'timestamp': (0.74, 0.96)}, {'text': 'a', 'timestamp': (1.0, 1.02)}, {'text': 'ela', 'timestamp': (1.1, 1.22)}, {'text': 'que', 'timestamp': (1.28, 1.36)}, {'text': 'ela', 'timestamp': (1.42, 2.14)}, {'text': 'ainda', 'timestamp': (2.16, 2.34)}, {'text': 'não', 'timestamp': (2.4, 2.48)}, {'text': 'se', 'timestamp': (2.56, 2.62)}, {'text': 'conhecia', 'timestamp': (2.78, 3.46)}];0,08333333333333333;0,08333333333333333;0,08333333333333337;0,07692307692307693
./audios/SP_D2_333_1592.75053_1594.21734.wav;1592,75053;1594,21734;ela ainda não tinha se percorrido;ela ainda não tinha se percorrido;1,4668099999998958;ela ainda não tinha se percorrido;;[{'text': 'ela', 'timestamp': (0.0, 0.06)}, {'text': 'ainda', 'timestamp': (0.08, 0.22)}, {'text': 'não', 'timestamp': (0.26, 0.34)}, {'text': 'tinha', 'timestamp': (0.44, 0.6)}, {'text': 'se', 'timestamp': (0.7, 0.74)}, {'text': 'percorrido', 'timestamp': (0.84, 1.38)}];0,0;0,0;0,0;0,0
./audios/SP_D2_333_1594.21734_1595.61867.wav;1594,21734;1595,61867;porque ela ainda poderia ser;porque ela ainda poderia ser;1,4013300000001436;porque ela poderia ser;;[{'text': 'porque', 'timestamp': (0.06, 0.24)}, {'text': 'ela', 'timestamp': (0.26, 0.38)}, {'text': 'poderia', 'timestamp': (0.48, 0.92)}, {'text': 'ser', 'timestamp': (1.12, 1.26)}];0,2;0,2;0,19999999999999996;0,21428571428571427
./audios/SP_D2_333_1595.92_1597.71758.wav;1595,92;1597,71758;a estrela de um grande musical;a estrela de um grande musical;1,7975799999999253;a estrela de um grande musical;;[{'text': 'a', 'timestamp': (0.08, 0.1)}, {'text': 'estrela', 'timestamp': (0.18, 0.56)}, {'text': 'de', 'timestamp': (0.62, 0.66)}, {'text': 'um', 'timestamp': (0.72, 0.76)}, {'text': 'grande', 'timestamp': (0.84, 1.06)}, {'text': 'musical', 'timestamp': (1.2, 1.6)}];0,0;0,0;0,0;0,0
./audios/SP_D2_333_1598.2279_1600.2232.wav;1598,2279;1600,2232;por causa da força interpretativa dela;por causa da força interpretativa dela;1,9952999999998156;por causa da força interpretativa de ar;;[{'text': 'por', 'timestamp': (0.0, 0.06)}, {'text': 'causa', 'timestamp': (0.1, 0.22)}, {'text': 'da', 'timestamp': (0.26, 0.3)}, {'text': 'força', 'timestamp': (0.46, 0.74)}, {'text': 'interpretativa', 'timestamp': (0.82, 1.58)}, {'text': 'de', 'timestamp': (1.68, 1.74)}, {'text': 'ar', 'timestamp': (1.78, 1.9)}];0,3333333333333333;0,2857142857142857;0,40476190476190477;0,05263157894736842
./audios/SP_D2_333_1600.7951_1601.62383.wav;1600,7951;1601,62383;que não é comum;que não é comum;0,8287299999999505;que não é comum;;[{'text': 'que', 'timestamp': (1.0, 1.1)}, {'text': 'não', 'timestamp': (1.12, 1.18)}, {'text': 'é', 'timestamp': (1.24, 1.26)}, {'text': 'comum', 'timestamp': (1.38, 1.6)}];0,0;0,0;0,0;0,0
./audios/SP_D2_333_1602.06157_1602.32389.wav;1602,06157;1602,32389;não é?;não é;0,2623199999998178;quase;;[{'text': 'quase', 'timestamp': (1.0, 1.36)}];1,0;1,0;1,0;1,0
./audios/SP_D2_333_1602.32389_1604.96149.wav;1602,32389;1604,96149;nó/ nós temos às vezes grandes cantores popula::res;nó nós temos às vezes grandes cantores populares;2,6376000000000204;nós temos às vezes grandes creditores populares;;[{'text': 'nós', 'timestamp': (0.06, 0.32)}, {'text': 'temos', 'timestamp': (0.42, 0.66)}, {'text': 'às', 'timestamp': (0.72, 0.78)}, {'text': 'vezes', 'timestamp': (0.82, 0.98)}, {'text': 'grandes', 'timestamp': (1.06, 1.34)}, {'text': 'creditores', 'timestamp': (1.42, 1.8)}, {'text': 'populares', 'timestamp': (1.9, 2.5)}];0,25;0,25;0,3571428571428572;0,14583333333333334
./audios/SP_D2_333_1605.37854_1607.04344.wav;1605,37854;1607,04344;mas que não SAbem interpretar;mas que não sabem interpretar;1,6648999999999887;mas que não sabem interpretar;;[{'text': 'mas', 'timestamp': (0.08, 0.2)}, {'text': 'que', 'timestamp': (0.3, 0.38)}, {'text': 'não', 'timestamp': (0.46, 0.56)}, {'text': 'sabem', 'timestamp': (0.78, 1.12)}, {'text': 'interpretar', 'timestamp': (1.18, 1.6)}];0,0;0,0;0,0;0,0
./audios/SP_D2_333_1607.04344_1608.92304.wav;1607,04344;1608,92304;às vezes não sabem nem sequer dizer::;às vezes não sabem nem sequer dizer;1,8795999999999822;às vezes não sabem nem sequer dizer;;[{'text': 'às', 'timestamp': (0.08, 0.12)}, {'text': 'vezes', 'timestamp': (0.14, 0.26)}, {'text': 'não', 'timestamp': (0.32, 0.38)}, {'text': 'sabem', 'timestamp': (0.44, 0.6)}, {'text': 'nem', 'timestamp': (0.68, 0.76)}, {'text': 'sequer', 'timestamp': (0.86, 1.14)}, {'text': 'dizer', 'timestamp': (1.28, 1.62)}];0,0;0,0;0,0;0,0
./audios/SP_D2_333_1609.20203_1610.74962.wav;1609,20203;1610,74962;as palavras se perdem;as palavras se perdem;1,5475900000001275;as palavras se perdem;;[{'text': 'as', 'timestamp': (0.08, 0.12)}, {'text': 'palavras', 'timestamp': (0.2, 0.62)}, {'text': 'se', 'timestamp': (0.72, 0.76)}, {'text': 'perdem', 'timestamp': (0.9, 1.34)}];0,0;0,0;0,0;0,0
./audios/SP_D2_333_1611.50787_1612.15919.wav;1611,50787;1612,15919;e ela não;e ela não;0,6513200000001689;e ela não;;[{'text': 'e', 'timestamp': (1.06, 1.08)}, {'text': 'ela', 'timestamp': (1.18, 1.32)}, {'text': 'não', 'timestamp': (1.44, 1.56)}];0,0;0,0;0,0;0,0
./audios/SP_D2_333_1612.15919_1612.75345.wav;1612,15919;1612,75345;ela::;ela;0,5942599999998492;e amar;;[{'text': 'e', 'timestamp': (1.08, 1.1)}, {'text': 'amar', 'timestamp': (1.16, 1.38)}];2,0;1,0;1,0;1,3333333333333333
./audios/SP_D2_333_1612.75345_1615.00806.wav;1612,75345;1615,00806;ela interpreta magnificamente;ela interpreta magnificamente;2,254609999999957;era interpreta magnificamente;;[{'text': 'era', 'timestamp': (0.12, 0.22)}, {'text': 'interpreta', 'timestamp': (0.28, 1.02)}, {'text': 'magnificamente', 'timestamp': (1.12, 1.96)}];0,3333333333333333;0,3333333333333333;0,5555555555555556;0,034482758620689655
./audios/SP_D2_333_1620.63535_1621.39081.wav;1620,63535;1621,39081;(que) [acho que não;que acho que não;0,7554600000000846;que o anão ela tem;;[{'text': 'que', 'timestamp': (0.98, 1.06)}, {'text': 'o', 'timestamp': (1.12, 1.14)}, {'text': 'anão', 'timestamp': (1.2, 1.48)}, {'text': 'ela', 'timestamp': (1.56, 1.66)}, {'text': 'tem', 'timestamp': (1.74, 1.9)}];1,0;0,8;0,95;0,625
./audios/SP_D2_333_1623.31121_1623.52.wav;1623,31121;1623,52;[é;é;0,2087899999999081;é;;[{'text': 'é', 'timestamp': (1.02, 1.04)}];0,0;0,0;0,0;0,0
./audios/SP_D2_333_1623.52_1624.50714.wav;1623,52;1624,50714;mas eu acho [que não;mas eu acho que não;0,9871399999999539;mas eu acho;;[{'text': 'mas', 'timestamp': (1.06, 1.18)}, {'text': 'eu', 'timestamp': (1.26, 1.36)}, {'text': 'acho', 'timestamp': (1.44, 1.62)}];0,4;0,4;0,4;0,42105263157894735
./audios/SP_D2_333_1624.50714_1624.85319.wav;1624,50714;1624,85319;Isa;isa;0,3460500000001048;frequente;;[{'text': 'frequente', 'timestamp': (1.02, 1.32)}];1,0;1,0;1,0;3,0
./audios/SP_D2_333_1625.12_1627.07104.wav;1625,12;1627,07104;eu acho que o maestro Júlio Medaglia;eu acho que o maestro júlio medaglia;1,9510400000001482;eu acho que a esta o juro erlândia;;[{'text': 'eu', 'timestamp': (0.06, 0.14)}, {'text': 'acho', 'timestamp': (0.24, 0.38)}, {'text': 'que', 'timestamp': (0.42, 0.48)}, {'text': 'a', 'timestamp': (0.6, 0.62)}, {'text': 'esta', 'timestamp': (0.72, 0.98)}, {'text': 'o', 'timestamp': (1.0, 1.02)}, {'text': 'juro', 'timestamp': (1.1, 1.26)}, {'text': 'erlândia', 'timestamp': (1.38, 1.84)}];0,7142857142857143;0,5555555555555556;0,7142857142857143;0,3888888888888889
./audios/SP_D2_333_1627.07104_1628.38912.wav;1627,07104;1628,38912;ele é Meda-gli-a;ele é medaglia;1,318080000000009;ele é medaglia;;[{'text': 'ele', 'timestamp': (0.04, 0.16)}, {'text': 'é', 'timestamp': (0.2, 0.22)}, {'text': 'medaglia', 'timestamp': (0.28, 1.12)}];0,0;0,0;0,0;0,0
./audios/SP_D2_333_1628.56765_1629.53634.wav;1628,56765;1629,53634;e ela é Medalha;e ela é medalha;0,9686900000001515;aleme danger;;[{'text': 'aleme', 'timestamp': (1.12, 1.36)}, {'text': 'danger', 'timestamp': (1.56, 1.94)}];1,0;1,0;1,0;0,8
./audios/SP_D2_333_1629.53634_1630.68665.wav;1629,53634;1630,68665;de [Medalha com ele agá;de medalha com ele agá;1,1503099999999904;de metal para viajar;;[{'text': 'de', 'timestamp': (0.02, 0.06)}, {'text': 'metal', 'timestamp': (0.12, 0.4)}, {'text': 'para', 'timestamp': (0.54, 0.66)}, {'text': 'viajar', 'timestamp': (0.72, 1.02)}];0,8;0,8;0,95;0,5909090909090909
./audios/SP_D2_333_1631.96358_1632.3853.wav;1631,96358;1632,3853;não não;não não;0,4217199999998229;não não;;[{'text': 'não', 'timestamp': (1.08, 1.18)}, {'text': 'não', 'timestamp': (1.22, 1.32)}];0,0;0,0;0,0;0,0
./audios/SP_D2_333_1633.00215_1633.63788.wav;1633,00215;1633,63788;parece que não;parece que não;0,6357299999999668;e parece que não;;[{'text': 'e', 'timestamp': (1.04, 1.06)}, {'text': 'parece', 'timestamp': (1.12, 1.32)}, {'text': 'que', 'timestamp': (1.38, 1.44)}, {'text': 'não', 'timestamp': (1.48, 1.58)}];0,3333333333333333;0,25;0,25;0,14285714285714285
./audios/SP_D2_333_1634.36681_1636.51006.wav;1634,36681;1636,51006;eu não POsso jurar sobre os evangelhos;eu não posso jurar sobre os evangelhos;2,14325000000008;eu não posso jurar sobre os evangélios;;[{'text': 'eu', 'timestamp': (0.04, 0.08)}, {'text': 'não', 'timestamp': (0.14, 0.22)}, {'text': 'posso', 'timestamp': (0.48, 0.86)}, {'text': 'jurar', 'timestamp': (0.98, 1.24)}, {'text': 'sobre', 'timestamp': (1.34, 1.48)}, {'text': 'os', 'timestamp': (1.52, 1.56)}, {'text': 'evangélios', 'timestamp': (1.64, 2.1)}];0,14285714285714285;0,14285714285714285;0,26530612244897966;0,05263157894736842
./audios/SP_D2_333_1636.51006_1637.56921.wav;1636,51006;1637,56921;mas me parece que não;mas me parece que não;1,059150000000045;me parece que não;;[{'text': 'me', 'timestamp': (0.18, 0.22)}, {'text': 'parece', 'timestamp': (0.32, 0.62)}, {'text': 'que', 'timestamp': (0.74, 0.8)}, {'text': 'não', 'timestamp': (0.92, 1.02)}];0,2;0,2;0,19999999999999996;0,19047619047619047
./audios/SP_D2_333_1638.61403_1639.07508.wav;1638,61403;1639,07508;hã::;ah;0,46105000000011387;ah;;[{'text': 'ah', 'timestamp': (1.1, 1.28)}];0,0;0,0;0,0;0,0
./audios/SP_D2_333_1639.07508_1641.15619.wav;1639,07508;1641,15619;ela seria Medalha [com ele agá;ela seria medalha com ele agá;2,0811099999998532;ela teria medalha conto que ela mudar;;[{'text': 'ela', 'timestamp': (0.1, 0.22)}, {'text': 'teria', 'timestamp': (0.32, 0.54)}, {'text': 'medalha', 'timestamp': (0.64, 1.14)}, {'text': 'conto', 'timestamp': (1.24, 1.44)}, {'text': 'que', 'timestamp': (1.48, 1.58)}, {'text': 'ela', 'timestamp': (1.6, 1.7)}, {'text': 'mudar', 'timestamp': (1.72, 1.96)}];0,8333333333333334;0,7142857142857143;0,9047619047619048;0,4827586206896552
./audios/SP_D2_333_1641.39694_1643.01081.wav;1641,39694;1643,01081;[e ele é MeDA-glia;e ele é medaglia;1,6138699999999062;ele e ela de;;[{'text': 'ele', 'timestamp': (0.12, 0.24)}, {'text': 'e', 'timestamp': (0.34, 0.36)}, {'text': 'ela', 'timestamp': (0.54, 0.62)}, {'text': 'de', 'timestamp': (0.68, 0.98)}];1,0;0,8;0,9375;0,5625
./audios/SP_D2_333_1647.11503_1647.61381.wav;1647,11503;1647,61381;uhum;aham;0,49878000000012435;e;;[{'text': 'e', 'timestamp': (0.86, 0.92)}];1,0;1,0;1,0;1,0
./audios/SP_D2_333_1648.1536_1649.92393.wav;1648,1536;1649,92393;a irmã dela eu conheço que é jornalista;a irmã dela eu conheço que é jornalista;1,7703299999998308;a irma dela e com isso que o jornalista;;[{'text': 'a', 'timestamp': (0.06, 0.08)}, {'text': 'irma', 'timestamp': (0.14, 0.28)}, {'text': 'dela', 'timestamp': (0.42, 0.58)}, {'text': 'e', 'timestamp': (0.6, 0.62)}, {'text': 'com', 'timestamp': (0.72, 0.84)}, {'text': 'isso', 'timestamp': (0.9, 1.04)}, {'text': 'que', 'timestamp': (1.08, 1.16)}, {'text': 'o', 'timestamp': (1.18, 1.2)}, {'text': 'jornalista', 'timestamp': (1.24, 1.72)}];0,625;0,5555555555555556;0,7777777777777778;0,20512820512820512
./audios/SP_D2_333_1649.92393_1650.2.wav;1649,92393;1650,2;né?;né;0,27607000000011794;não;;[{'text': 'não', 'timestamp': (1.08, 1.2)}];1,0;1,0;1,0;1,0
./audios/SP_D2_333_1650.2_1651.44.wav;1650,2;1651,44;é uma moça jornalista;é uma moça jornalista;1,240000000000009;minha uma nossa germanista;;[{'text': 'minha', 'timestamp': (0.0, 0.18)}, {'text': 'uma', 'timestamp': (0.2, 0.28)}, {'text': 'nossa', 'timestamp': (0.34, 0.5)}, {'text': 'germanista', 'timestamp': (0.58, 1.16)}];0,75;0,75;0,9375;0,5714285714285714
./audios/SP_D2_333_1652.78985_1653.39925.wav;1652,78985;1653,39925;poetisa;poetisa;0,6094000000000506;intimes;;[{'text': 'intimes', 'timestamp': (1.12, 1.44)}];1,0;1,0;1,0;0,8571428571428571
./audios/SP_D2_333_1659.88682_1660.81612.wav;1659,88682;1660,81612;[o cinema nacional?;o cinema nacional;0,929300000000012;não se leva lecionar;;[{'text': 'não', 'timestamp': (1.02, 1.1)}, {'text': 'se', 'timestamp': (1.14, 1.18)}, {'text': 'leva', 'timestamp': (1.24, 1.38)}, {'text': 'lecionar', 'timestamp': (1.44, 1.84)}];1,3333333333333333;1,0;1,0;0,5882352941176471
./audios/SP_D2_333_1663.31081_1663.63539.wav;1663,31081;1663,63539;olha;olha;0,324579999999969;olha;;[{'text': 'olha', 'timestamp': (1.1, 1.26)}];0,0;0,0;0,0;0,0
./audios/SP_D2_333_1663.63539_1665.87337.wav;1663,63539;1665,87337;o cinema na/ o atu/ o atual brasileiro;o cinema na o atu o atual brasileiro;2,237980000000107;o cinema nético falar o brasileiro;;[{'text': 'o', 'timestamp': (0.02, 0.04)}, {'text': 'cinema', 'timestamp': (0.18, 0.42)}, {'text': 'nético', 'timestamp': (0.52, 1.16)}, {'text': 'falar', 'timestamp': (1.34, 1.46)}, {'text': 'o', 'timestamp': (1.48, 1.5)}, {'text': 'brasileiro', 'timestamp': (1.6, 2.16)}];0,5;0,5;0,6666666666666667;0,3611111111111111
./audios/SP_D2_333_1665.87337_1667.06284.wav;1665,87337;1667,06284;eu tenho visto muito pouco;eu tenho visto muito pouco;1,1894700000000284;porque eu tenho visto muito pouco;;[{'text': 'porque', 'timestamp': (0.0, 0.16)}, {'text': 'eu', 'timestamp': (0.18, 0.24)}, {'text': 'tenho', 'timestamp': (0.26, 0.38)}, {'text': 'visto', 'timestamp': (0.44, 0.58)}, {'text': 'muito', 'timestamp': (0.64, 0.76)}, {'text': 'pouco', 'timestamp': (0.86, 1.1)}];0,2;0,16666666666666666;0,16666666666666663;0,2692307692307692
./audios/SP_D2_333_1667.68202_1668.50367.wav;1667,68202;1668,50367;eu vi::;eu vi;0,8216500000000906;eu vi;;[{'text': 'eu', 'timestamp': (1.04, 1.12)}, {'text': 'vi', 'timestamp': (1.32, 1.4)}];0,0;0,0;0,0;0,0
./audios/SP_D2_333_1668.50367_1672.29087.wav;1668,50367;1672,29087;o ano passado um filme que me deixou MUIto impressionada;o ano passado um filme que me deixou muito impressionada;3,7871999999999844;o ano passado um filme que me deixou muito impressionada;;[{'text': 'o', 'timestamp': (0.1, 0.14)}, {'text': 'ano', 'timestamp': (0.22, 0.38)}, {'text': 'passado', 'timestamp': (0.48, 1.04)}, {'text': 'um', 'timestamp': (1.16, 1.2)}, {'text': 'filme', 'timestamp': (1.34, 1.56)}, {'text': 'que', 'timestamp': (1.62, 1.7)}, {'text': 'me', 'timestamp': (1.76, 1.82)}, {'text': 'deixou', 'timestamp': (1.88, 2.3)}, {'text': 'muito', 'timestamp': (2.66, 2.94)}, {'text': 'impressionada', 'timestamp': (3.04, 3.64)}];0,0;0,0;0,0;0,0
./audios/SP_D2_333_1672.6803_1673.81097.wav;1672,6803;1673,81097;porque esse filme;porque esse filme;1,1306700000000092;porque esse filme;;[{'text': 'porque', 'timestamp': (0.02, 0.22)}, {'text': 'esse', 'timestamp': (0.34, 0.52)}, {'text': 'filme', 'timestamp': (0.68, 0.94)}];0,0;0,0;0,0;0,0
./audios/SP_D2_333_1673.81097_1674.90381.wav;1673,81097;1674,90381;aliás vi dois filmes;aliás vi dois filmes;1,0928400000000238;aliás de dois silos;;[{'text': 'aliás', 'timestamp': (0.08, 0.28)}, {'text': 'de', 'timestamp': (0.34, 0.38)}, {'text': 'dois', 'timestamp': (0.48, 0.64)}, {'text': 'silos', 'timestamp': (0.72, 0.96)}];0,5;0,5;0,75;0,25
./audios/SP_D2_333_1675.2236_1676.00998.wav;1675,2236;1676,00998;nacionais;nacionais;0,7863800000000083;nacionais;;[{'text': 'nacionais', 'timestamp': (1.04, 1.46)}];0,0;0,0;0,0;0,0
./audios/SP_D2_333_1677.03534_1677.14194.wav;1677,03534;1677,14194;é;é;0,1066000000000713;e;;[{'text': 'e', 'timestamp': (0.78, 0.84)}];1,0;1,0;1,0;1,0
./audios/SP_D2_333_1677.14194_1678.09188.wav;1677,14194;1678,09188;A Rainha DiAba;a rainha diaba;0,9499399999999696;a rain é de as;;[{'text': 'a', 'timestamp': (1.02, 1.04)}, {'text': 'rain', 'timestamp': (1.12, 1.32)}, {'text': 'é', 'timestamp': (1.4, 1.42)}, {'text': 'de', 'timestamp': (1.48, 1.52)}, {'text': 'as', 'timestamp': (1.58, 1.76)}];1,3333333333333333;0,8;0,9333333333333333;0,42857142857142855
./audios/SP_D2_333_1678.40405_1680.96998.wav;1678,40405;1680,96998;que me pareceu assim CEM por cento nacional;que me pareceu assim cem por cento nacional;2,5659299999999803;que me parecia assim cem por cento nacional;;[{'text': 'que', 'timestamp': (0.02, 0.1)}, {'text': 'me', 'timestamp': (0.14, 0.2)}, {'text': 'parecia', 'timestamp': (0.28, 0.6)}, {'text': 'assim', 'timestamp': (0.7, 0.88)}, {'text': 'cem', 'timestamp': (1.12, 1.26)}, {'text': 'por', 'timestamp': (1.36, 1.44)}, {'text': 'cento', 'timestamp': (1.58, 1.8)}, {'text': 'nacional', 'timestamp': (1.98, 2.42)}];0,125;0,125;0,234375;0,046511627906976744
./audios/SP_D2_333_1681.33076_1682.72268.wav;1681,33076;1682,72268;sem nenhuma influência;sem nenhuma influência;1,3919200000000274;sem nenhuma influência;;[{'text': 'sem', 'timestamp': (0.08, 0.14)}, {'text': 'nenhuma', 'timestamp': (0.18, 0.42)}, {'text': 'influência', 'timestamp': (0.46, 1.26)}];0,0;0,0;0,0;0,0
./audios/SP_D2_333_1683.1643_1683.35465.wav;1683,1643;1683,35465;éh;eh;0,1903500000000804;e;;[{'text': 'e', 'timestamp': (0.84, 0.86)}];1,0;1,0;1,0;0,5
./audios/SP_D2_333_1683.35465_1683.75644.wav;1683,35465;1683,75644;hã;ah;0,4017900000001191;de;;[{'text': 'de', 'timestamp': (1.12, 1.2)}];1,0;1,0;1,0;1,0
./audios/SP_D2_333_1683.75644_1684.66981.wav;1683,75644;1684,66981;daqueles::;daqueles;0,9133699999999862;daqueles;;[{'text': 'daqueles', 'timestamp': (1.04, 1.46)}];0,0;0,0;0,0;0,0
./audios/SP_D2_333_1684.66981_1684.81654.wav;1684,66981;1684,81654;ah;ah;0,14672999999993408;de;;[{'text': 'de', 'timestamp': (0.98, 1.04)}];1,0;1,0;1,0;1,0
./audios/SP_D2_333_1684.81654_1685.49585.wav;1684,81654;1685,49585;filmes;filmes;0,6793099999999868;come-se;;[{'text': 'come-se', 'timestamp': (1.12, 1.56)}];1,0;1,0;1,0;0,8333333333333334
./audios/SP_D2_333_1685.84506_1687.3444.wav;1685,84506;1687,3444;de gângsters americanos;de gângsters americanos;1,4993399999998474;de canos testamento pequena;;[{'text': 'de', 'timestamp': (0.02, 0.08)}, {'text': 'canos', 'timestamp': (0.18, 0.52)}, {'text': 'testamento', 'timestamp': (0.58, 1.02)}, {'text': 'pequena', 'timestamp': (1.08, 1.42)}];1,0;0,75;0,9166666666666666;0,7391304347826086
./audios/SP_D2_333_1687.3444_1687.55046.wav;1687,3444;1687,55046;né?;né;0,20605999999997948;na;;[{'text': 'na', 'timestamp': (1.04, 1.1)}];1,0;1,0;1,0;0,5
./audios/SP_D2_333_1687.55046_1689.36977.wav;1687,55046;1689,36977;que era um marginal bem NO::sso;que era um marginal bem nosso;1,8193100000000868;que era um original bem nosso;;[{'text': 'que', 'timestamp': (0.0, 0.1)}, {'text': 'era', 'timestamp': (0.12, 0.18)}, {'text': 'um', 'timestamp': (0.2, 0.24)}, {'text': 'original', 'timestamp': (0.28, 0.66)}, {'text': 'bem', 'timestamp': (0.84, 0.98)}, {'text': 'nosso', 'timestamp': (1.14, 1.72)}];0,16666666666666666;0,16666666666666666;0,30555555555555547;0,10344827586206896
./audios/SP_D2_333_1690.01315_1693.10769.wav;1690,01315;1693,10769;aquele marginal pobre triste com as;aquele marginal pobre triste com as;3,094540000000052;aquele marginal pobre triste com as;;[{'text': 'aquele', 'timestamp': (0.16, 0.38)}, {'text': 'marginal', 'timestamp': (0.48, 0.88)}, {'text': 'pobre', 'timestamp': (1.12, 1.56)}, {'text': 'triste', 'timestamp': (1.8, 2.18)}, {'text': 'com', 'timestamp': (2.28, 2.36)}, {'text': 'as', 'timestamp': (2.4, 2.5)}];0,0;0,0;0,0;0,0
./audios/SP_D2_333_1694.29548_1695.86685.wav;1694,29548;1695,86685;peculiaridades NOssas;peculiaridades nossas;1,5713700000001154;peculiaridades nossas;;[{'text': 'peculiaridades', 'timestamp': (0.08, 0.88)}, {'text': 'nossas', 'timestamp': (1.02, 1.54)}];0,0;0,0;0,0;0,0
./audios/SP_D2_333_1695.86685_1697.4755.wav;1695,86685;1697,4755;do submundo nosso;do submundo nosso;1,6086499999998978;do submundo nosso;;[{'text': 'do', 'timestamp': (0.08, 0.12)}, {'text': 'submundo', 'timestamp': (0.24, 0.78)}, {'text': 'nosso', 'timestamp': (0.92, 1.34)}];0,0;0,0;0,0;0,0
./audios/SP_D2_333_1698.0849_1700.19807.wav;1698,0849;1700,19807;e:: aquele tirado da::;e aquele tirado da;2,1131699999998546;e aquele tirado da;;[{'text': 'e', 'timestamp': (0.1, 0.12)}, {'text': 'aquele', 'timestamp': (0.54, 0.94)}, {'text': 'tirado', 'timestamp': (1.1, 1.56)}, {'text': 'da', 'timestamp': (1.7, 1.78)}];0,0;0,0;0,0;0,0
./audios/SP_D2_333_1700.19807_1701.25637.wav;1700,19807;1701,25637;do Marques Rebelo;do marques rebelo;1,0583000000001448;o max rebel;;[{'text': 'o', 'timestamp': (0.18, 0.2)}, {'text': 'max', 'timestamp': (0.3, 0.54)}, {'text': 'rebel', 'timestamp': (0.62, 0.98)}];1,0;1,0;1,0;0,4117647058823529
./audios/SP_D2_333_1701.25637_1702.59631.wav;1701,25637;1702,59631;A Estrela Sobe;a estrela sobe;1,3399399999998423;estrela sorts;;[{'text': 'estrela', 'timestamp': (0.1, 0.42)}, {'text': 'sorts', 'timestamp': (0.66, 1.02)}];0,6666666666666666;0,6666666666666666;0,8333333333333334;0,35714285714285715
./audios/SP_D2_333_1702.97694_1704.61132.wav;1702,97694;1704,61132;que eu também achei magnífico;que eu também achei magnífico;1,6343799999999646;que eu também achei magnífico;;[{'text': 'que', 'timestamp': (0.02, 0.08)}, {'text': 'eu', 'timestamp': (0.1, 0.16)}, {'text': 'também', 'timestamp': (0.22, 0.44)}, {'text': 'achei', 'timestamp': (0.52, 0.76)}, {'text': 'magnífico', 'timestamp': (0.84, 1.5)}];0,0;0,0;0,0;0,0
./audios/SP_D2_333_1704.84652_1706.55208.wav;1704,84652;1706,55208;como retrato de uma época;como retrato de uma época;1,7055599999998776;como o retrato de uma época;;[{'text': 'como', 'timestamp': (0.02, 0.12)}, {'text': 'o', 'timestamp': (0.18, 0.2)}, {'text': 'retrato', 'timestamp': (0.24, 0.8)}, {'text': 'de', 'timestamp': (0.88, 0.92)}, {'text': 'uma', 'timestamp': (0.96, 1.04)}, {'text': 'época', 'timestamp': (1.16, 1.56)}];0,2;0,16666666666666666;0,16666666666666663;0,08
./audios/SP_D2_333_1707.05162_1709.92615.wav;1707,05162;1709,92615;como justiça que o cinema fez a um grande escritor;como justiça que o cinema fez a um grande escritor;2,8745300000000498;como a justiça que o cinema fez é um grande escritor;;[{'text': 'como', 'timestamp': (0.02, 0.12)}, {'text': 'a', 'timestamp': (0.18, 0.2)}, {'text': 'justiça', 'timestamp': (0.26, 0.78)}, {'text': 'que', 'timestamp': (0.88, 0.96)}, {'text': 'o', 'timestamp': (0.98, 1.0)}, {'text': 'cinema', 'timestamp': (1.06, 1.34)}, {'text': 'fez', 'timestamp': (1.44, 1.58)}, {'text': 'é', 'timestamp': (1.62, 1.64)}, {'text': 'um', 'timestamp': (1.66, 1.72)}, {'text': 'grande', 'timestamp': (1.8, 2.02)}, {'text': 'escritor', 'timestamp': (2.08, 2.54)}];0,2;0,18181818181818182;0,26363636363636356;0,06
./audios/SP_D2_333_1710.47494_1711.45707.wav;1710,47494;1711,45707;que foi Marques Rebelo;que foi marques rebelo;0,98212999999987;foi marques fedele;;[{'text': 'foi', 'timestamp': (1.06, 1.16)}, {'text': 'marques', 'timestamp': (1.24, 1.46)}, {'text': 'fedele', 'timestamp': (1.52, 1.9)}];0,5;0,5;0,6666666666666667;0,3181818181818182
./audios/SP_D2_333_1711.93629_1713.2.wav;1711,93629;1713,2;então são dois filmes;então são dois filmes;1,2637099999999464;então são dois filmes;;[{'text': 'então', 'timestamp': (0.04, 0.22)}, {'text': 'são', 'timestamp': (0.42, 0.52)}, {'text': 'dois', 'timestamp': (0.62, 0.76)}, {'text': 'filmes', 'timestamp': (0.88, 1.12)}];0,0;0,0;0,0;0,0
./audios/SP_D2_333_1713.66404_1715.96.wav;1713,66404;1715,96;foram acho que foram os [dois únicos filmes ( );foram acho que foram os dois únicos filmes;2,2959599999999227;eu acho que foram os dois mas esperaram a muralha era;;[{'text': 'eu', 'timestamp': (0.0, 0.16)}, {'text': 'acho', 'timestamp': (0.2, 0.32)}, {'text': 'que', 'timestamp': (0.34, 0.46)}, {'text': 'foram', 'timestamp': (0.7, 0.84)}, {'text': 'os', 'timestamp': (0.86, 0.9)}, {'text': 'dois', 'timestamp': (0.96, 1.06)}, {'text': 'mas', 'timestamp': (1.14, 1.26)}, {'text': 'esperaram', 'timestamp': (1.28, 1.68)}, {'text': 'a', 'timestamp': (1.72, 1.74)}, {'text': 'muralha', 'timestamp': (1.78, 2.1)}, {'text': 'era', 'timestamp': (2.14, 2.22)}];0,75;0,5454545454545454;0,7159090909090909;0,6666666666666666
./audios/SP_D2_333_1716.61021_1718.30858.wav;1716,61021;1718,30858;agora [vamos ver se vai sair A Muralha;agora vamos ver se vai sair a muralha;1,6983699999998407;agora eu não via e vai sair da muralha;;[{'text': 'agora', 'timestamp': (0.04, 0.16)}, {'text': 'eu', 'timestamp': (0.18, 0.22)}, {'text': 'não', 'timestamp': (0.28, 0.36)}, {'text': 'via', 'timestamp': (0.46, 0.58)}, {'text': 'e', 'timestamp': (0.66, 0.68)}, {'text': 'vai', 'timestamp': (0.8, 0.9)}, {'text': 'sair', 'timestamp': (0.98, 1.14)}, {'text': 'da', 'timestamp': (1.18, 1.22)}, {'text': 'muralha', 'timestamp': (1.3, 1.64)}];0,625;0,5555555555555556;0,7777777777777778;0,2702702702702703
./audios/SP_D2_333_1718.30858_1718.6.wav;1718,30858;1718,6;né?;né;0,29142000000001644;pena;;[{'text': 'pena', 'timestamp': (0.74, 1.08)}];1,0;1,0;1,0;1,5
./audios/SP_D2_333_1718.91268_1719.35976.wav;1718,91268;1719,35976;vamos ver;vamos ver;0,4470800000001418;a não ser;;[{'text': 'a', 'timestamp': (1.0, 1.02)}, {'text': 'não', 'timestamp': (1.06, 1.14)}, {'text': 'ser', 'timestamp': (1.24, 1.36)}];1,5;1,0;1,0;0,6666666666666666
./audios/SP_D2_333_1719.35976_1720.86079.wav;1719,35976;1720,86079;está há [tanto tempo prometida;está há tanto tempo prometida;1,5010299999999006;atestamentida;;[{'text': 'atestamentida', 'timestamp': (0.26, 1.4)}];1,0;1,0;1,0;0,7241379310344828
./audios/SP_D2_333_1724.12_1727.53342.wav;1724,12;1727,53342;[mas agora estão dizendo que estão passando aí um filme muito bom;mas agora estão dizendo que estão passando aí um filme muito bom;3,4134200000000874;mas agora eu estou dizendo que se estão passando aí em um filme muito bom;;[{'text': 'mas', 'timestamp': (0.08, 0.2)}, {'text': 'agora', 'timestamp': (0.26, 0.44)}, {'text': 'eu', 'timestamp': (0.46, 0.5)}, {'text': 'estou', 'timestamp': (0.52, 0.66)}, {'text': 'dizendo', 'timestamp': (0.7, 1.06)}, {'text': 'que', 'timestamp': (1.18, 1.26)}, {'text': 'se', 'timestamp': (1.34, 1.38)}, {'text': 'estão', 'timestamp': (1.4, 1.6)}, {'text': 'passando', 'timestamp': (1.72, 2.16)}, {'text': 'aí', 'timestamp': (2.26, 2.32)}, {'text': 'em', 'timestamp': (2.34, 2.4)}, {'text': 'um', 'timestamp': (2.42, 2.46)}, {'text': 'filme', 'timestamp': (2.58, 2.78)}, {'text': 'muito', 'timestamp': (2.9, 3.06)}, {'text': 'bom', 'timestamp': (3.18, 3.32)}];0,3333333333333333;0,26666666666666666;0,32777777777777783;0,171875
./audios/SP_D2_333_1727.53342_1728.26264.wav;1727,53342;1728,26264;O Predileto;o predileto;0,7292199999999411;o predileto;;[{'text': 'o', 'timestamp': (1.0, 1.02)}, {'text': 'predileto', 'timestamp': (1.1, 1.72)}];0,0;0,0;0,0;0,0
./audios/SP_D2_333_1728.26264_1728.51221.wav;1728,26264;1728,51221;não é?;não é;0,24957000000017615;que não é;;[{'text': 'que', 'timestamp': (0.98, 1.04)}, {'text': 'não', 'timestamp': (1.1, 1.16)}, {'text': 'é', 'timestamp': (1.18, 1.2)}];0,5;0,3333333333333333;0,33333333333333337;0,8
./audios/SP_D2_333_1728.73481_1729.52.wav;1728,73481;1729,52;você ouviu falar?;você ouviu falar;0,7851900000000569;você ouviu falar;;[{'text': 'você', 'timestamp': (1.04, 1.18)}, {'text': 'ouviu', 'timestamp': (1.22, 1.38)}, {'text': 'falar', 'timestamp': (1.46, 1.62)}];0,0;0,0;0,0;0,0
./audios/SP_D2_333_1730.0_1732.4665.wav;1730,0;1732,4665;[diz que é um filme também nesta linha brasileira;diz que é um filme também nesta linha brasileira;2,4664999999999964;isso que é um costume também nesta linha brasileira;;[{'text': 'isso', 'timestamp': (0.1, 0.22)}, {'text': 'que', 'timestamp': (0.24, 0.3)}, {'text': 'é', 'timestamp': (0.32, 0.34)}, {'text': 'um', 'timestamp': (0.36, 0.4)}, {'text': 'costume', 'timestamp': (0.44, 0.7)}, {'text': 'também', 'timestamp': (0.76, 1.04)}, {'text': 'nesta', 'timestamp': (1.1, 1.4)}, {'text': 'linha', 'timestamp': (1.52, 1.76)}, {'text': 'brasileira', 'timestamp': (1.88, 2.36)}];0,2222222222222222;0,2222222222222222;0,3950617283950617;0,1875
./audios/SP_D2_333_1732.91331_1734.88.wav;1732,91331;1734,88;até achei graça uma amiga minha disse;até achei graça uma amiga minha disse;1,9666900000001988;até achei graça uma amiga minha de si;;[{'text': 'até', 'timestamp': (0.06, 0.18)}, {'text': 'achei', 'timestamp': (0.28, 0.46)}, {'text': 'graça', 'timestamp': (0.52, 0.78)}, {'text': 'uma', 'timestamp': (0.86, 0.92)}, {'text': 'amiga', 'timestamp': (0.96, 1.2)}, {'text': 'minha', 'timestamp': (1.3, 1.48)}, {'text': 'de', 'timestamp': (1.56, 1.62)}, {'text': 'si', 'timestamp': (1.82, 1.86)}];0,2857142857142857;0,25;0,3571428571428572;0,08108108108108109
./audios/SP_D2_333_1734.88_1736.36435.wav;1734,88;1736,36435;''eu gostei muito do filme;eu gostei muito do filme;1,4843499999999494;eu gostei muito do fechamento;;[{'text': 'eu', 'timestamp': (0.12, 0.16)}, {'text': 'gostei', 'timestamp': (0.24, 0.52)}, {'text': 'muito', 'timestamp': (0.62, 0.82)}, {'text': 'do', 'timestamp': (0.92, 1.0)}, {'text': 'fechamento', 'timestamp': (1.04, 1.42)}];0,2;0,2;0,3599999999999999;0,2916666666666667
./audios/SP_D2_333_1736.74701_1738.20679.wav;1736,74701;1738,20679;porque ele tem sobretudo;porque ele tem sobretudo;1,4597799999999097;porque ele tem sobretudo;;[{'text': 'porque', 'timestamp': (0.04, 0.2)}, {'text': 'ele', 'timestamp': (0.26, 0.34)}, {'text': 'tem', 'timestamp': (0.44, 0.54)}, {'text': 'sobretudo', 'timestamp': (0.76, 1.36)}];0,0;0,0;0,0;0,0
./audios/SP_D2_333_1738.63219_1740.96422.wav;1738,63219;1740,96422;uma cafonice bem [brasileira;uma cafonice bem brasileira;2,3320300000000316;microfone se bem brasileira;;[{'text': 'microfone', 'timestamp': (0.08, 0.68)}, {'text': 'se', 'timestamp': (0.9, 0.96)}, {'text': 'bem', 'timestamp': (1.1, 1.26)}, {'text': 'brasileira', 'timestamp': (1.36, 2.1)}];0,5;0,5;0,75;0,2962962962962963
./audios/SP_D2_333_1741.34908_1743.47161.wav;1741,34908;1743,47161;retratando determinado mundo'';retratando determinado mundo;2,122530000000097;retratando um determinado mundo;;[{'text': 'retratando', 'timestamp': (0.08, 0.72)}, {'text': 'um', 'timestamp': (0.8, 0.84)}, {'text': 'determinado', 'timestamp': (0.88, 1.48)}, {'text': 'mundo', 'timestamp': (1.64, 1.96)}];0,3333333333333333;0,25;0,25;0,10714285714285714
./audios/SP_D2_333_1743.89679_1745.04566.wav;1743,89679;1745,04566;eu acho que é muito bom;eu acho que é muito bom;1,148869999999988;eu acho que é muito bom;;[{'text': 'eu', 'timestamp': (0.06, 0.1)}, {'text': 'acho', 'timestamp': (0.14, 0.24)}, {'text': 'que', 'timestamp': (0.28, 0.36)}, {'text': 'é', 'timestamp': (0.38, 0.4)}, {'text': 'muito', 'timestamp': (0.44, 0.62)}, {'text': 'bom', 'timestamp': (0.78, 0.94)}];0,0;0,0;0,0;0,0
./audios/SP_D2_333_1745.7173_1747.58872.wav;1745,7173;1747,58872;que o Brasil em literatura;que o brasil em literatura;1,8714199999999437;aqui o brasil e em literatura;;[{'text': 'aqui', 'timestamp': (0.1, 0.2)}, {'text': 'o', 'timestamp': (0.26, 0.28)}, {'text': 'brasil', 'timestamp': (0.34, 0.68)}, {'text': 'e', 'timestamp': (0.7, 0.72)}, {'text': 'em', 'timestamp': (0.78, 0.88)}, {'text': 'literatura', 'timestamp': (0.96, 1.7)}];0,4;0,3333333333333333;0,4666666666666667;0,15384615384615385
./audios/SP_D2_333_1747.58872_1749.08125.wav;1747,58872;1749,08125;pelos seus grandes escritores;pelos seus grandes escritores;1,492529999999988;pelos seus grandes escritores;;[{'text': 'pelos', 'timestamp': (0.1, 0.24)}, {'text': 'seus', 'timestamp': (0.3, 0.44)}, {'text': 'grandes', 'timestamp': (0.5, 0.78)}, {'text': 'escritores', 'timestamp': (0.9, 1.42)}];0,0;0,0;0,0;0,0
./audios/SP_D2_333_1749.08125_1749.98826.wav;1749,08125;1749,98826;há bastante tempo;há bastante tempo;0,9070100000001275;há bastante tempo;;[{'text': 'há', 'timestamp': (1.0, 1.04)}, {'text': 'bastante', 'timestamp': (1.12, 1.4)}, {'text': 'tempo', 'timestamp': (1.54, 1.76)}];0,0;0,0;0,0;0,0
./audios/SP_D2_333_1750.52597_1753.28717.wav;1750,52597;1753,28717;já deixou de ter o seu cordão umbilical;já deixou de ter o seu cordão umbilical;2,7612000000001444;já deixou de ter o seu cordão umbilical;;[{'text': 'já', 'timestamp': (0.18, 0.22)}, {'text': 'deixou', 'timestamp': (0.34, 0.9)}, {'text': 'de', 'timestamp': (1.02, 1.08)}, {'text': 'ter', 'timestamp': (1.22, 1.32)}, {'text': 'o', 'timestamp': (1.38, 1.4)}, {'text': 'seu', 'timestamp': (1.46, 1.56)}, {'text': 'cordão', 'timestamp': (1.66, 2.06)}, {'text': 'umbilical', 'timestamp': (2.12, 2.58)}];0,0;0,0;0,0;0,0
./audios/SP_D2_333_1753.56271_1754.55215.wav;1753,56271;1754,55215;preso à Europa;preso à europa;0,9894400000000587;presa europa;;[{'text': 'presa', 'timestamp': (1.02, 1.26)}, {'text': 'europa', 'timestamp': (1.32, 1.84)}];0,6666666666666666;0,6666666666666666;0,8333333333333334;0,21428571428571427
./audios/SP_D2_333_1755.51683_1756.0893.wav;1755,51683;1756,0893;e::;e;0,5724700000000666;i;;[{'text': 'i', 'timestamp': (1.06, 1.08)}];1,0;1,0;1,0;1,0
./audios/SP_D2_333_1756.0893_1757.10066.wav;1756,0893;1757,10066;e todo o::;e todo o;1,0113599999999678;e todo;;[{'text': 'e', 'timestamp': (0.04, 0.06)}, {'text': 'todo', 'timestamp': (0.24, 0.5)}];0,3333333333333333;0,3333333333333333;0,33333333333333337;0,25
./audios/SP_D2_333_1758.28747_1761.19533.wav;1758,28747;1761,19533;toda a América Latina já se desprendeu;toda a américa latina já se desprendeu;2,907860000000028;toda américa latina já se desprendeu;;[{'text': 'toda', 'timestamp': (0.04, 0.18)}, {'text': 'américa', 'timestamp': (0.22, 0.68)}, {'text': 'latina', 'timestamp': (0.76, 1.34)}, {'text': 'já', 'timestamp': (1.54, 1.58)}, {'text': 'se', 'timestamp': (1.88, 1.92)}, {'text': 'desprendeu', 'timestamp': (2.02, 2.74)}];0,14285714285714285;0,14285714285714285;0,1428571428571429;0,05263157894736842
./audios/SP_D2_333_1762.00833_1763.15099.wav;1762,00833;1763,15099;desse cordão umbilical;desse cordão umbilical;1,1426600000002054;desse o cordão dedicado;;[{'text': 'desse', 'timestamp': (0.04, 0.28)}, {'text': 'o', 'timestamp': (0.32, 0.34)}, {'text': 'cordão', 'timestamp': (0.38, 0.64)}, {'text': 'dedicado', 'timestamp': (0.74, 1.08)}];0,6666666666666666;0,5;0,6666666666666667;0,4090909090909091
./audios/SP_D2_333_1763.15099_1765.11823.wav;1763,15099;1765,11823;fazendo uma literatura muito;fazendo uma literatura muito;1,967239999999947;fazendo uma literatura muito;;[{'text': 'fazendo', 'timestamp': (0.1, 0.36)}, {'text': 'uma', 'timestamp': (0.44, 0.52)}, {'text': 'literatura', 'timestamp': (0.58, 1.2)}, {'text': 'muito', 'timestamp': (1.38, 1.7)}];0,0;0,0;0,0;0,0
./audios/SP_D2_333_1765.29766_1766.04034.wav;1765,29766;1766,04034;da terra;da terra;0,742680000000064;da terra;;[{'text': 'da', 'timestamp': (1.04, 1.1)}, {'text': 'terra', 'timestamp': (1.3, 1.68)}];0,0;0,0;0,0;0,0
./audios/SP_D2_333_1766.04034_1767.03127.wav;1766,04034;1767,03127;muito do homem;muito do homem;0,9909299999999348;muito do homem;;[{'text': 'muito', 'timestamp': (1.06, 1.26)}, {'text': 'do', 'timestamp': (1.34, 1.4)}, {'text': 'homem', 'timestamp': (1.5, 1.86)}];0,0;0,0;0,0;0,0
./audios/SP_D2_333_1767.58429_1768.37359.wav;1767,58429;1768,37359;nativo;nativo;0,789299999999912;nativo;;[{'text': 'nativo', 'timestamp': (1.06, 1.64)}];0,0;0,0;0,0;0,0
./audios/SP_D2_333_1768.67142_1770.78067.wav;1768,67142;1770,78067;que é o caso de Gabriel Garcia Marquez;que é o caso de gabriel garcia marquez;2,109250000000202;é o caso de gabriel garcia marques;;[{'text': 'é', 'timestamp': (0.06, 0.08)}, {'text': 'o', 'timestamp': (0.12, 0.14)}, {'text': 'caso', 'timestamp': (0.22, 0.38)}, {'text': 'de', 'timestamp': (0.42, 0.46)}, {'text': 'gabriel', 'timestamp': (0.52, 0.78)}, {'text': 'garcia', 'timestamp': (0.84, 1.18)}, {'text': 'marques', 'timestamp': (1.32, 1.86)}];0,25;0,25;0,3571428571428572;0,13157894736842105
./audios/SP_D2_333_1771.15431_1772.19371.wav;1771,15431;1772,19371;e de tantos outros;e de tantos outros;1,0394000000001142;e de tantos outros;;[{'text': 'e', 'timestamp': (0.06, 0.08)}, {'text': 'de', 'timestamp': (0.14, 0.18)}, {'text': 'tantos', 'timestamp': (0.26, 0.54)}, {'text': 'outros', 'timestamp': (0.64, 0.92)}];0,0;0,0;0,0;0,0
./audios/SP_D2_333_1772.19371_1772.90817.wav;1772,19371;1772,90817;e aqui::;e aqui;0,7144599999999173;aqui;;[{'text': 'aqui', 'timestamp': (1.16, 1.36)}];0,5;0,5;0,5;0,3333333333333333
./audios/SP_D2_333_1772.90817_1773.72842.wav;1772,90817;1773,72842;no Brasil;no brasil;0,8202499999999873;no brasil;;[{'text': 'no', 'timestamp': (1.14, 1.2)}, {'text': 'brasil', 'timestamp': (1.26, 1.6)}];0,0;0,0;0,0;0,0
./audios/SP_D2_333_1773.72842_1775.59527.wav;1773,72842;1775,59527;Jorge Ama::do e tantos outros;jorge amado e tantos outros;1,8668500000001131;o jorge amado e tantos outros;;[{'text': 'o', 'timestamp': (0.04, 0.06)}, {'text': 'jorge', 'timestamp': (0.12, 0.38)}, {'text': 'amado', 'timestamp': (0.44, 0.88)}, {'text': 'e', 'timestamp': (0.98, 1.0)}, {'text': 'tantos', 'timestamp': (1.06, 1.34)}, {'text': 'outros', 'timestamp': (1.42, 1.7)}];0,2;0,16666666666666666;0,16666666666666663;0,07407407407407407
./audios/SP_D2_333_1776.33458_1777.05871.wav;1776,33458;1777,05871;e::;e;0,7241300000000592;e;;[{'text': 'e', 'timestamp': (1.1, 1.12)}];0,0;0,0;0,0;0,0
./audios/SP_D2_333_1777.05871_1778.03765.wav;1777,05871;1778,03765;então agora;então agora;0,978939999999966;então agora;;[{'text': 'então', 'timestamp': (1.04, 1.34)}, {'text': 'agora', 'timestamp': (1.5, 1.82)}];0,0;0,0;0,0;0,0
./audios/SP_D2_333_1778.98936_1779.91277.wav;1778,98936;1779,91277;no cinema;no cinema;0,9234099999998762;no cinema;;[{'text': 'no', 'timestamp': (1.12, 1.2)}, {'text': 'cinema', 'timestamp': (1.36, 1.76)}];0,0;0,0;0,0;0,0
./audios/SP_D2_333_1779.91277_1782.94775.wav;1779,91277;1782,94775;parece também que está havendo essa desvinculação;parece também que está havendo essa desvinculação;3,0349800000001323;parece também que está havendo essa desvinculação;;[{'text': 'parece', 'timestamp': (0.08, 0.34)}, {'text': 'também', 'timestamp': (0.48, 0.72)}, {'text': 'que', 'timestamp': (0.8, 0.86)}, {'text': 'está', 'timestamp': (0.9, 1.04)}, {'text': 'havendo', 'timestamp': (1.12, 1.48)}, {'text': 'essa', 'timestamp': (1.66, 1.82)}, {'text': 'desvinculação', 'timestamp': (1.92, 2.86)}];0,0;0,0;0,0;0,0
./audios/SP_D2_333_1783.30685_1784.75469.wav;1783,30685;1784,75469;do figurino europeu;do figurino europeu;1,447840000000042;o figurino europeu;;[{'text': 'o', 'timestamp': (0.06, 0.08)}, {'text': 'figurino', 'timestamp': (0.28, 0.72)}, {'text': 'europeu', 'timestamp': (0.8, 1.32)}];0,3333333333333333;0,3333333333333333;0,5555555555555556;0,05263157894736842
./audios/SP_D2_333_1784.75469_1786.26467.wav;1784,75469;1786,26467;do figurino americano;do figurino americano;1,5099800000000414;do figurino americano;;[{'text': 'do', 'timestamp': (0.06, 0.1)}, {'text': 'figurino', 'timestamp': (0.2, 0.6)}, {'text': 'americano', 'timestamp': (0.68, 1.3)}];0,0;0,0;0,0;0,0
./audios/SP_D2_333_1787.41983_1790.5662.wav;1787,41983;1790,5662;infelizmente há muito também da chamada pornochanchada;infelizmente há muito também da chamada pornochanchada;3,1463699999999335;infelizmente há muito talvez da chamada pornochanchada;;[{'text': 'infelizmente', 'timestamp': (0.08, 0.56)}, {'text': 'há', 'timestamp': (0.66, 0.7)}, {'text': 'muito', 'timestamp': (0.78, 0.96)}, {'text': 'talvez', 'timestamp': (1.06, 1.26)}, {'text': 'da', 'timestamp': (1.32, 1.36)}, {'text': 'chamada', 'timestamp': (1.44, 1.74)}, {'text': 'pornochanchada', 'timestamp': (1.92, 3.02)}];0,14285714285714285;0,14285714285714285;0,26530612244897966;0,07407407407407407
./audios/SP_D2_333_1790.5662_1790.76366.wav;1790,5662;1790,76366;não é?;não é;0,1974600000000919;a;;[{'text': 'a', 'timestamp': (0.34, 0.64)}];1,0;1,0;1,0;1,0
./audios/SP_D2_333_1791.34984_1793.06142.wav;1791,34984;1793,06142;que é uma maneira comercial;que é uma maneira comercial;1,7115799999999126;que é uma maneira comercial;;[{'text': 'que', 'timestamp': (0.02, 0.1)}, {'text': 'é', 'timestamp': (0.18, 0.2)}, {'text': 'uma', 'timestamp': (0.32, 0.4)}, {'text': 'maneira', 'timestamp': (0.46, 0.74)}, {'text': 'comercial', 'timestamp': (0.88, 1.56)}];0,0;0,0;0,0;0,0
./audios/SP_D2_333_1793.06142_1794.48433.wav;1793,06142;1794,48433;mas o que se pode dizer;mas o que se pode dizer;1,4229100000000017;mas o que se pode dizer;;[{'text': 'mas', 'timestamp': (0.04, 0.1)}, {'text': 'o', 'timestamp': (0.16, 0.18)}, {'text': 'que', 'timestamp': (0.22, 0.3)}, {'text': 'se', 'timestamp': (0.38, 0.42)}, {'text': 'pode', 'timestamp': (0.56, 0.76)}, {'text': 'dizer', 'timestamp': (0.88, 1.22)}];0,0;0,0;0,0;0,0
./audios/SP_D2_333_1794.85943_1796.13062.wav;1794,85943;1796,13062;da pornochanchada aqui;da pornochanchada aqui;1,2711899999999332;da pornochanchada aqui;;[{'text': 'da', 'timestamp': (0.06, 0.12)}, {'text': 'pornochanchada', 'timestamp': (0.22, 0.98)}, {'text': 'aqui', 'timestamp': (1.04, 1.22)}];0,0;0,0;0,0;0,0
./audios/SP_D2_333_1796.13062_1797.67794.wav;1796,13062;1797,67794;se ela impera na França;se ela impera na frança;1,547320000000127;se alempera na frente;;[{'text': 'se', 'timestamp': (0.12, 0.16)}, {'text': 'alempera', 'timestamp': (0.24, 0.86)}, {'text': 'na', 'timestamp': (0.94, 0.98)}, {'text': 'frente', 'timestamp': (1.14, 1.48)}];0,6;0,6;0,8;0,30434782608695654
./audios/SP_D2_333_1797.67794_1798.96374.wav;1797,67794;1798,96374;se ela impera [no mundo todo?;se ela impera no mundo todo;1,285799999999881;trabalho perde de na tora;;[{'text': 'trabalho', 'timestamp': (0.08, 0.3)}, {'text': 'perde', 'timestamp': (0.44, 0.66)}, {'text': 'de', 'timestamp': (0.74, 0.78)}, {'text': 'na', 'timestamp': (0.86, 0.92)}, {'text': 'tora', 'timestamp': (1.04, 1.24)}];1,0;1,0;1,0;0,7037037037037037
./audios/SP_D2_333_1801.3646_1801.64402.wav;1801,3646;1801,64402;foi;foi;0,27941999999984546;foi;;[{'text': 'foi', 'timestamp': (1.0, 1.18)}];0,0;0,0;0,0;0,0
./audios/SP_D2_333_1801.90315_1803.11998.wav;1801,90315;1803,11998;mas esse já é antigo;mas esse já é antigo;1,2168299999998453;mas cê seja bem tipo;;[{'text': 'mas', 'timestamp': (0.16, 0.24)}, {'text': 'cê', 'timestamp': (0.32, 0.38)}, {'text': 'seja', 'timestamp': (0.44, 0.62)}, {'text': 'bem', 'timestamp': (0.7, 0.8)}, {'text': 'tipo', 'timestamp': (0.94, 1.16)}];0,8;0,8;0,96;0,5
./audios/SP_D2_333_1803.11998_1804.54069.wav;1803,11998;1804,54069;e foi uma [coprodução;e foi uma coprodução;1,4207100000000992;e foi uma coradita;;[{'text': 'e', 'timestamp': (0.04, 0.06)}, {'text': 'foi', 'timestamp': (0.14, 0.22)}, {'text': 'uma', 'timestamp': (0.26, 0.34)}, {'text': 'coradita', 'timestamp': (0.58, 1.24)}];0,25;0,25;0,4375;0,3
./audios/SP_D2_333_1804.54069_1804.7564.wav;1804,54069;1804,7564;(não é?);não é;0,21570999999994456;para;;[{'text': 'para', 'timestamp': (0.98, 1.16)}];1,0;1,0;1,0;1,0
./audios/SP_D2_333_1805.88937_1807.36.wav;1805,88937;1807,36;mas foi uma COprodução;mas foi uma coprodução;1,470629999999801;mas foi uma coprodução;;[{'text': 'mas', 'timestamp': (0.08, 0.16)}, {'text': 'foi', 'timestamp': (0.22, 0.3)}, {'text': 'uma', 'timestamp': (0.34, 0.42)}, {'text': 'coprodução', 'timestamp': (0.56, 1.34)}];0,0;0,0;0,0;0,0
./audios/SP_D2_333_1807.99886_1809.04406.wav;1807,99886;1809,04406;[agora você vê::;agora você vê;1,0452000000000226;agora você vê;;[{'text': 'agora', 'timestamp': (0.06, 0.3)}, {'text': 'você', 'timestamp': (0.4, 0.58)}, {'text': 'vê', 'timestamp': (0.7, 0.76)}];0,0;0,0;0,0;0,0
./audios/SP_D2_333_1809.04406_1809.62337.wav;1809,04406;1809,62337;a gente ima/;a gente ima;0,5793100000000777;a gente imagina;;[{'text': 'a', 'timestamp': (1.04, 1.06)}, {'text': 'gente', 'timestamp': (1.1, 1.26)}, {'text': 'imagina', 'timestamp': (1.34, 1.64)}];0,3333333333333333;0,3333333333333333;0,5555555555555556;0,36363636363636365
./audios/SP_D2_333_1809.62337_1811.44.wav;1809,62337;1811,44;não não uma coprodução francesa;não não uma coprodução francesa;1,816630000000032;não não uma coprodução francesa;;[{'text': 'não', 'timestamp': (0.04, 0.16)}, {'text': 'não', 'timestamp': (0.2, 0.28)}, {'text': 'uma', 'timestamp': (0.34, 0.48)}, {'text': 'coprodução', 'timestamp': (0.5, 0.98)}, {'text': 'francesa', 'timestamp': (1.06, 1.7)}];0,0;0,0;0,0;0,0
./audios/SP_D2_333_1812.04589_1812.5763.wav;1812,04589;1812,5763;[com::;com;0,5304099999998471;com um;;[{'text': 'com', 'timestamp': (1.02, 1.14)}, {'text': 'um', 'timestamp': (1.24, 1.3)}];1,0;0,5;0,5;1,0
./audios/SP_D2_333_1812.85763_1813.79986.wav;1812,85763;1813,79986;[com o Camus;com o camus;0,9422300000001087;o pretoque carbomer;;[{'text': 'o', 'timestamp': (1.04, 1.06)}, {'text': 'pretoque', 'timestamp': (1.12, 1.48)}, {'text': 'carbomer', 'timestamp': (1.5, 1.86)}];1,0;1,0;1,0;1,2727272727272727
./audios/SP_D2_333_1814.05589_1815.87884.wav;1814,05589;1815,87884;que seria até um parente do Albert Camus;que seria até um parente do albert camus;1,8229499999999916;que seria até um parente do alberto caminho;;[{'text': 'que', 'timestamp': (0.0, 0.08)}, {'text': 'seria', 'timestamp': (0.18, 0.42)}, {'text': 'até', 'timestamp': (0.48, 0.56)}, {'text': 'um', 'timestamp': (0.64, 0.68)}, {'text': 'parente', 'timestamp': (0.74, 1.0)}, {'text': 'do', 'timestamp': (1.1, 1.14)}, {'text': 'alberto', 'timestamp': (1.18, 1.44)}, {'text': 'caminho', 'timestamp': (1.52, 1.78)}];0,25;0,25;0,4375;0,125
./audios/SP_D2_333_1815.87884_1816.0825.wav;1815,87884;1816,0825;não é?;não é;0,2036599999998998;não é;;[{'text': 'não', 'timestamp': (1.0, 1.08)}, {'text': 'é', 'timestamp': (1.1, 1.12)}];0,0;0,0;0,0;0,0
./audios/SP_D2_333_1816.0825_1817.36058.wav;1816,0825;1817,36058;que era o o o;que era o o o;1,2780800000000454;que era o o o;;[{'text': 'que', 'timestamp': (0.02, 0.1)}, {'text': 'era', 'timestamp': (0.12, 0.2)}, {'text': 'o', 'timestamp': (0.26, 0.28)}, {'text': 'o', 'timestamp': (0.58, 0.6)}, {'text': 'o', 'timestamp': (1.02, 1.04)}];0,0;0,0;0,0;0,0
./audios/SP_D2_333_1817.61969_1819.95483.wav;1817,61969;1819,95483;o diretor do do Orfeu do Carnaval;o diretor do do orfeu do carnaval;2,3351399999999103;o diretor do alceu de carnaval;;[{'text': 'o', 'timestamp': (0.04, 0.06)}, {'text': 'diretor', 'timestamp': (0.12, 0.56)}, {'text': 'do', 'timestamp': (0.8, 1.2)}, {'text': 'alceu', 'timestamp': (1.26, 1.5)}, {'text': 'de', 'timestamp': (1.56, 1.6)}, {'text': 'carnaval', 'timestamp': (1.66, 2.16)}];0,42857142857142855;0,42857142857142855;0,6190476190476191;0,21212121212121213
./audios/SP_D2_333_1820.58425_1822.72398.wav;1820,58425;1822,72398;agora você vê não teve sequência;agora você vê não teve sequência;2,1397299999998722;agora você vê não teve sequência;;[{'text': 'agora', 'timestamp': (0.1, 0.42)}, {'text': 'você', 'timestamp': (0.58, 0.74)}, {'text': 'vê', 'timestamp': (0.82, 0.88)}, {'text': 'não', 'timestamp': (1.0, 1.06)}, {'text': 'teve', 'timestamp': (1.16, 1.32)}, {'text': 'sequência', 'timestamp': (1.48, 2.04)}];0,0;0,0;0,0;0,0
./audios/SP_D2_333_1823.19683_1826.08525.wav;1823,19683;1826,08525;depois então houve um hiAto grande;depois então houve um hiato grande;2,8884199999999964;depois então houve um iato grande;;[{'text': 'depois', 'timestamp': (0.12, 0.54)}, {'text': 'então', 'timestamp': (0.62, 0.96)}, {'text': 'houve', 'timestamp': (1.06, 1.26)}, {'text': 'um', 'timestamp': (1.52, 1.58)}, {'text': 'iato', 'timestamp': (1.74, 2.1)}, {'text': 'grande', 'timestamp': (2.2, 2.58)}];0,16666666666666666;0,16666666666666666;0,30555555555555547;0,029411764705882353
./audios/SP_D2_333_1826.58138_1828.40061.wav;1826,58138;1828,40061;com más produçõ::es;com más produções;1,819229999999834;umas produções;;[{'text': 'umas', 'timestamp': (0.16, 0.54)}, {'text': 'produções', 'timestamp': (0.72, 1.58)}];0,6666666666666666;0,6666666666666666;0,8333333333333334;0,29411764705882354
./audios/SP_D2_333_1828.69766_1829.54903.wav;1828,69766;1829,54903;e agora;e agora;0,8513699999998607;e agora;;[{'text': 'e', 'timestamp': (1.06, 1.08)}, {'text': 'agora', 'timestamp': (1.2, 1.58)}];0,0;0,0;0,0;0,0
./audios/SP_D2_333_1829.54903_1830.25971.wav;1829,54903;1830,25971;eu acho estô/;eu acho estô;0,7106800000001385;eu ato;;[{'text': 'eu', 'timestamp': (1.06, 1.16)}, {'text': 'ato', 'timestamp': (1.28, 1.6)}];0,6666666666666666;0,6666666666666666;0,8333333333333334;0,5833333333333334
./audios/SP_D2_333_1830.25971_1831.64929.wav;1830,25971;1831,64929;éh éh estamos vendo;eh eh estamos vendo;1,3895800000000236;e aí estamos viando;;[{'text': 'e', 'timestamp': (0.0, 0.02)}, {'text': 'aí', 'timestamp': (0.36, 0.42)}, {'text': 'estamos', 'timestamp': (0.52, 0.84)}, {'text': 'viando', 'timestamp': (0.9, 1.14)}];0,75;0,75;0,9375;0,2631578947368421
./audios/SP_D2_333_1831.98564_1833.71508.wav;1831,98564;1833,71508;uma tentativa de um cinema;uma tentativa de um cinema;1,7294399999998404;uma tentativa de um cinema;;[{'text': 'uma', 'timestamp': (0.06, 0.14)}, {'text': 'tentativa', 'timestamp': (0.2, 0.78)}, {'text': 'de', 'timestamp': (0.86, 0.9)}, {'text': 'um', 'timestamp': (0.94, 0.98)}, {'text': 'cinema', 'timestamp': (1.08, 1.48)}];0,0;0,0;0,0;0,0
./audios/SP_D2_333_1834.6444_1835.41385.wav;1834,6444;1835,41385;mais;mais;0,7694500000000062;mas;;[{'text': 'mas', 'timestamp': (1.12, 1.46)}];1,0;1,0;1,0;0,25
./audios/SP_D2_333_1836.29307_1838.4.wav;1836,29307;1838,4;expressivo do que seja;expressivo do que seja;2,1069300000001476;expressivo do que seja;;[{'text': 'expressivo', 'timestamp': (0.1, 0.84)}, {'text': 'do', 'timestamp': (0.94, 1.0)}, {'text': 'que', 'timestamp': (1.04, 1.12)}, {'text': 'seja', 'timestamp': (1.34, 1.72)}];0,0;0,0;0,0;0,0
./audios/SP_D2_333_1838.87333_1839.60046.wav;1838,87333;1839,60046;o Brasil;o brasil;0,7271300000002157;o brasil;;[{'text': 'o', 'timestamp': (1.06, 1.08)}, {'text': 'brasil', 'timestamp': (1.14, 1.56)}];0,0;0,0;0,0;0,0
./audios/SP_D2_333_1841.30221_1843.28137.wav;1841,30221;1843,28137;eu tenho confiança nesse cinema;eu tenho confiança nesse cinema;1,9791599999998652;eu tenho confiança nesse siriano;;[{'text': 'eu', 'timestamp': (0.22, 0.28)}, {'text': 'tenho', 'timestamp': (0.36, 0.5)}, {'text': 'confiança', 'timestamp': (0.6, 1.04)}, {'text': 'nesse', 'timestamp': (1.12, 1.28)}, {'text': 'siriano', 'timestamp': (1.38, 1.72)}];0,2;0,2;0,3599999999999999;0,1935483870967742
./audios/SP_D2_333_1846.76338_1847.16.wav;1846,76338;1847,16;o quê?;o quê;0,39661999999998443;tu quer;;[{'text': 'tu', 'timestamp': (1.02, 1.08)}, {'text': 'quer', 'timestamp': (1.1, 1.22)}];1,0;1,0;1,0;0,8
./audios/SP_D2_333_1849.09127_1850.36409.wav;1849,09127;1850,36409;esse hia::to;esse hiato;1,272820000000138;esse ato;;[{'text': 'esse', 'timestamp': (0.1, 0.34)}, {'text': 'ato', 'timestamp': (0.54, 1.0)}];0,5;0,5;0,75;0,2
./audios/SP_D2_333_1850.36409_1850.77365.wav;1850,36409;1850,77365;olha;olha;0,4095600000000559;olia;;[{'text': 'olia', 'timestamp': (1.06, 1.64)}];1,0;1,0;1,0;0,25
./audios/SP_D2_333_1850.77365_1855.1146.wav;1850,77365;1855,1146;é um pouco difícil de se estabelecer assim:: a;é um pouco difícil de se estabelecer assim a;4,340950000000021;e é um pouco difícil de se estabelecer assim a;;[{'text': 'e', 'timestamp': (0.04, 0.06)}, {'text': 'é', 'timestamp': (0.22, 0.24)}, {'text': 'um', 'timestamp': (0.3, 0.36)}, {'text': 'pouco', 'timestamp': (0.48, 0.68)}, {'text': 'difícil', 'timestamp': (0.8, 1.46)}, {'text': 'de', 'timestamp': (1.56, 1.62)}, {'text': 'se', 'timestamp': (1.8, 1.86)}, {'text': 'estabelecer', 'timestamp': (1.94, 3.04)}, {'text': 'assim', 'timestamp': (3.16, 3.72)}, {'text': 'a', 'timestamp': (4.06, 4.08)}];0,1111111111111111;0,1;0,09999999999999998;0,045454545454545456
./audios/SP_D2_333_1857.1354_1859.0859.wav;1857,1354;1859,0859;a causa desse hiato;a causa desse hiato;1,9505000000001473;causa desse ao;;[{'text': 'causa', 'timestamp': (0.26, 0.74)}, {'text': 'desse', 'timestamp': (0.9, 1.22)}, {'text': 'ao', 'timestamp': (1.44, 1.82)}];0,5;0,5;0,6666666666666667;0,2631578947368421
./audios/SP_D2_333_1859.0859_1859.68889.wav;1859,0859;1859,68889;porque;porque;0,6029899999998634;por que;;[{'text': 'por', 'timestamp': (1.04, 1.14)}, {'text': 'que', 'timestamp': (1.24, 1.32)}];2,0;1,0;1,0;0,16666666666666666
./audios/SP_D2_333_1861.28539_1861.68638.wav;1861,28539;1861,68638;o o;o o;0,40099000000009255;até;;[{'text': 'até', 'timestamp': (1.04, 1.26)}];1,0;1,0;1,0;1,0
./audios/SP_D2_333_1862.19254_1862.81158.wav;1862,19254;1862,81158;essa;essa;0,6190400000000409;essa;;[{'text': 'essa', 'timestamp': (1.08, 1.42)}];0,0;0,0;0,0;0,0
./audios/SP_D2_333_1863.10007_1864.90823.wav;1863,10007;1864,90823;és/ o Orfeu do Carnaval se eu n/;és o orfeu do carnaval se eu n;1,8081600000000435;e eu orfão do carnaval;;[{'text': 'e', 'timestamp': (0.06, 0.08)}, {'text': 'eu', 'timestamp': (0.46, 0.54)}, {'text': 'orfão', 'timestamp': (0.64, 0.9)}, {'text': 'do', 'timestamp': (0.96, 1.02)}, {'text': 'carnaval', 'timestamp': (1.08, 1.5)}];0,75;0,75;0,9;0,4666666666666667
./audios/SP_D2_333_1864.90823_1866.98073.wav;1864,90823;1866,98073;eu não:: estou bem lembrada da data;eu não estou bem lembrada da data;2,072499999999991;eu não estou bem lembrada da data;;[{'text': 'eu', 'timestamp': (0.08, 0.12)}, {'text': 'não', 'timestamp': (0.16, 0.26)}, {'text': 'estou', 'timestamp': (0.5, 0.68)}, {'text': 'bem', 'timestamp': (0.74, 0.84)}, {'text': 'lembrada', 'timestamp': (0.92, 1.28)}, {'text': 'da', 'timestamp': (1.36, 1.42)}, {'text': 'data', 'timestamp': (1.6, 1.94)}];0,0;0,0;0,0;0,0
./audios/SP_D2_333_1867.50923_1870.34719.wav;1867,50923;1870,34719;mas me parece que foi num momento;mas me parece que foi num momento;2,8379600000000664;mas me parece que foi no momento;;[{'text': 'mas', 'timestamp': (0.04, 0.18)}, {'text': 'me', 'timestamp': (0.28, 0.32)}, {'text': 'parece', 'timestamp': (0.44, 0.96)}, {'text': 'que', 'timestamp': (1.16, 1.24)}, {'text': 'foi', 'timestamp': (1.44, 1.64)}, {'text': 'no', 'timestamp': (2.0, 2.06)}, {'text': 'momento', 'timestamp': (2.14, 2.54)}];0,14285714285714285;0,14285714285714285;0,26530612244897966;0,06060606060606061
./audios/SP_D2_333_1870.84439_1872.43122.wav;1870,84439;1872,43122;em que cessando a guerra;em que cessando a guerra;1,5868299999999635;em que cessão da guerra;;[{'text': 'em', 'timestamp': (0.12, 0.18)}, {'text': 'que', 'timestamp': (0.22, 0.3)}, {'text': 'cessão', 'timestamp': (0.44, 0.86)}, {'text': 'da', 'timestamp': (0.92, 0.98)}, {'text': 'guerra', 'timestamp': (1.08, 1.36)}];0,4;0,4;0,64;0,16666666666666666
./audios/SP_D2_333_1873.40048_1874.58452.wav;1873,40048;1874,58452;a última guerra;a última guerra;1,1840400000000955;a última guerra;;[{'text': 'a', 'timestamp': (0.1, 0.14)}, {'text': 'última', 'timestamp': (0.22, 0.5)}, {'text': 'guerra', 'timestamp': (0.64, 0.98)}];0,0;0,0;0,0;0,0
./audios/SP_D2_333_1875.43165_1876.09042.wav;1875,43165;1876,09042;o::;o;0,6587700000000041;em;;[{'text': 'em', 'timestamp': (1.04, 1.12)}];1,0;1,0;1,0;2,0
./audios/SP_D2_333_1876.09042_1878.8195.wav;1876,09042;1878,8195;a plateia do mundo todo se mostrou;a plateia do mundo todo se mostrou;2,7290800000000672;a plateia do mundo todo se mostrou;;[{'text': 'a', 'timestamp': (0.12, 0.14)}, {'text': 'plateia', 'timestamp': (0.24, 0.86)}, {'text': 'do', 'timestamp': (0.94, 1.0)}, {'text': 'mundo', 'timestamp': (1.08, 1.3)}, {'text': 'todo', 'timestamp': (1.52, 1.8)}, {'text': 'se', 'timestamp': (1.96, 2.02)}, {'text': 'mostrou', 'timestamp': (2.12, 2.6)}];0,0;0,0;0,0;0,0
./audios/SP_D2_333_1879.22271_1882.56775.wav;1879,22271;1882,56775;MUIto enfastiada da receita de Hollywood;muito enfastiada da receita de hollywood;3,3450399999999263;muito enfastiada da receita de oled;;[{'text': 'muito', 'timestamp': (0.16, 0.66)}, {'text': 'enfastiada', 'timestamp': (0.82, 1.86)}, {'text': 'da', 'timestamp': (1.96, 2.02)}, {'text': 'receita', 'timestamp': (2.1, 2.6)}, {'text': 'de', 'timestamp': (2.68, 2.72)}, {'text': 'oled', 'timestamp': (2.78, 3.04)}];0,16666666666666666;0,16666666666666666;0,30555555555555547;0,15
./audios/SP_D2_333_1883.96_1884.48231.wav;1883,96;1884,48231;[pois é;pois é;0,5223100000000613;pois é;;[{'text': 'pois', 'timestamp': (1.06, 1.26)}, {'text': 'é', 'timestamp': (1.34, 1.36)}];0,0;0,0;0,0;0,0
./audios/SP_D2_333_1884.48231_1885.33316.wav;1884,48231;1885,33316;mas aí então;mas aí então;0,8508499999998094;mas ainda;;[{'text': 'mas', 'timestamp': (1.06, 1.2)}, {'text': 'ainda', 'timestamp': (1.28, 1.62)}];0,6666666666666666;0,6666666666666666;0,8333333333333334;0,5
./audios/SP_D2_333_1885.33316_1887.45946.wav;1885,33316;1887,45946;houve uma abertura;houve uma abertura;2,1263000000001284;houve então uma abertura;;[{'text': 'houve', 'timestamp': (0.16, 0.42)}, {'text': 'então', 'timestamp': (0.5, 0.86)}, {'text': 'uma', 'timestamp': (1.1, 1.2)}, {'text': 'abertura', 'timestamp': (1.26, 1.96)}];0,3333333333333333;0,25;0,25;0,3333333333333333
./audios/SP_D2_333_1887.80782_1889.13072.wav;1887,80782;1889,13072;para o mercado;para o mercado;1,3229000000001179;para o mercado;;[{'text': 'para', 'timestamp': (0.04, 0.18)}, {'text': 'o', 'timestamp': (0.2, 0.22)}, {'text': 'mercado', 'timestamp': (0.3, 1.08)}];0,0;0,0;0,0;0,0
./audios/SP_D2_333_1889.80023_1891.24455.wav;1889,80023;1891,24455;internacional do cinema;internacional do cinema;1,4443199999998342;internacional do cinema;;[{'text': 'internacional', 'timestamp': (0.06, 0.72)}, {'text': 'do', 'timestamp': (0.8, 0.84)}, {'text': 'cinema', 'timestamp': (0.94, 1.28)}];0,0;0,0;0,0;0,0
./audios/SP_D2_333_1891.56653_1893.84423.wav;1891,56653;1893,84423;e:: então entrou a Itália;e então entrou a itália;2,277699999999868;e então entrou a itália;;[{'text': 'e', 'timestamp': (0.1, 0.12)}, {'text': 'então', 'timestamp': (0.34, 0.66)}, {'text': 'entrou', 'timestamp': (0.8, 1.26)}, {'text': 'a', 'timestamp': (1.34, 1.38)}, {'text': 'itália', 'timestamp': (1.46, 2.04)}];0,0;0,0;0,0;0,0
./audios/SP_D2_333_1894.16617_1894.3769.wav;1894,16617;1894,3769;não é?;não é;0,2107300000000123;vai;;[{'text': 'vai', 'timestamp': (1.0, 1.14)}];1,0;1,0;1,0;1,0
./audios/SP_D2_333_1894.73982_1897.30145.wav;1894,73982;1897,30145;(no) seu grande momento do neorrealismo;no seu grande momento do neorrealismo;2,561629999999923;o seu grande momento tunel realismo;;[{'text': 'o', 'timestamp': (0.04, 0.06)}, {'text': 'seu', 'timestamp': (0.12, 0.22)}, {'text': 'grande', 'timestamp': (0.32, 0.58)}, {'text': 'momento', 'timestamp': (0.7, 1.14)}, {'text': 'tunel', 'timestamp': (1.36, 1.68)}, {'text': 'realismo', 'timestamp': (1.8, 2.52)}];0,5;0,5;0,75;0,16216216216216217
./audios/SP_D2_333_1897.88291_1901.68435.wav;1897,88291;1901,68435;que foi mu/ mudan::do toda uma concepção cinematográfica;que foi mu mudando toda uma concepção cinematográfica;3,801439999999957;que foi mudando toda uma concepção cinematográfica;;[{'text': 'que', 'timestamp': (0.02, 0.1)}, {'text': 'foi', 'timestamp': (0.32, 0.58)}, {'text': 'mudando', 'timestamp': (1.04, 1.64)}, {'text': 'toda', 'timestamp': (1.86, 2.0)}, {'text': 'uma', 'timestamp': (2.06, 2.14)}, {'text': 'concepção', 'timestamp': (2.22, 2.74)}, {'text': 'cinematográfica', 'timestamp': (2.84, 3.72)}];0,125;0,125;0,125;0,05660377358490566
./audios/SP_D2_333_1902.18358_1903.5667.wav;1902,18358;1903,5667;até então instituída;até então instituída;1,38312000000019;até tão instituída;;[{'text': 'até', 'timestamp': (0.08, 0.22)}, {'text': 'tão', 'timestamp': (0.42, 0.5)}, {'text': 'instituída', 'timestamp': (0.56, 1.2)}];0,3333333333333333;0,3333333333333333;0,5555555555555556;0,1
./audios/SP_D2_333_1903.79244_1905.38712.wav;1903,79244;1905,38712;aquela fórmula hollywoodesca;aquela fórmula hollywoodesca;1,594680000000153;aquela fórmula oludesca;;[{'text': 'aquela', 'timestamp': (0.04, 0.22)}, {'text': 'fórmula', 'timestamp': (0.38, 0.74)}, {'text': 'oludesca', 'timestamp': (0.9, 1.54)}];0,3333333333333333;0,3333333333333333;0,5555555555555556;0,21428571428571427
./audios/SP_D2_333_1905.38712_1906.81637.wav;1905,38712;1906,81637;daquelas superproduções;daquelas superproduções;1,4292499999999109;daquelas superproduções;;[{'text': 'daquelas', 'timestamp': (0.04, 0.28)}, {'text': 'superproduções', 'timestamp': (0.4, 1.28)}];0,0;0,0;0,0;0,0
./audios/SP_D2_333_1907.0821_1907.93171.wav;1907,0821;1907,93171;aquilo tudo foi;aquilo tudo foi;0,8496099999999842;aquilo tudo foi;;[{'text': 'aquilo', 'timestamp': (1.06, 1.28)}, {'text': 'tudo', 'timestamp': (1.38, 1.52)}, {'text': 'foi', 'timestamp': (1.62, 1.76)}];0,0;0,0;0,0;0,0
./audios/SP_D2_333_1908.20792_1908.99852.wav;1908,20792;1908,99852;cedendo lugar;cedendo lugar;0,7906000000000404;se deu do lugar;;[{'text': 'se', 'timestamp': (1.04, 1.1)}, {'text': 'deu', 'timestamp': (1.18, 1.28)}, {'text': 'do', 'timestamp': (1.34, 1.38)}, {'text': 'lugar', 'timestamp': (1.44, 1.68)}];1,5;0,75;0,875;0,3076923076923077
./audios/SP_D2_333_1909.28946_1910.61135.wav;1909,28946;1910,61135;a um cinema PObre;a um cinema pobre;1,3218899999999394;há um cinema pobre;;[{'text': 'há', 'timestamp': (0.04, 0.08)}, {'text': 'um', 'timestamp': (0.12, 0.16)}, {'text': 'cinema', 'timestamp': (0.26, 0.62)}, {'text': 'pobre', 'timestamp': (0.88, 1.2)}];0,25;0,25;0,4375;0,11764705882352941
./audios/SP_D2_333_1910.89596_1911.09912.wav;1910,89596;1911,09912;não é?;não é;0,20316000000002532;não é;;[{'text': 'não', 'timestamp': (1.0, 1.08)}, {'text': 'é', 'timestamp': (1.1, 1.12)}];0,0;0,0;0,0;0,0
./audios/SP_D2_333_1911.41443_1913.49843.wav;1911,41443;1913,49843;de um país:: empobrecido pela guerra;de um país empobrecido pela guerra;2,08400000000006;de um país empobrecido pela guerra;;[{'text': 'de', 'timestamp': (0.06, 0.1)}, {'text': 'um', 'timestamp': (0.16, 0.2)}, {'text': 'país', 'timestamp': (0.28, 0.54)}, {'text': 'empobrecido', 'timestamp': (0.8, 1.4)}, {'text': 'pela', 'timestamp': (1.5, 1.64)}, {'text': 'guerra', 'timestamp': (1.72, 1.94)}];0,0;0,0;0,0;0,0
./audios/SP_D2_333_1913.49843_1914.33658.wav;1913,49843;1914,33658;como era a Itália;como era a itália;0,8381499999998141;mareta;;[{'text': 'mareta', 'timestamp': (1.16, 1.56)}];1,0;1,0;1,0;0,7647058823529411
./audios/SP_D2_333_1915.1088_1916.12554.wav;1915,1088;1916,12554;e:::;e;1,016740000000027;e;;[{'text': 'e', 'timestamp': (0.06, 0.08)}];0,0;0,0;0,0;0,0
./audios/SP_D2_333_1916.30236_1918.59552.wav;1916,30236;1918,59552;mas mostrando uma arte maravilhosa;mas mostrando uma arte maravilhosa;2,293160000000171;mas mostrando uma arte maravilhosa;;[{'text': 'mas', 'timestamp': (0.12, 0.32)}, {'text': 'mostrando', 'timestamp': (0.46, 0.9)}, {'text': 'uma', 'timestamp': (0.98, 1.06)}, {'text': 'arte', 'timestamp': (1.14, 1.34)}, {'text': 'maravilhosa', 'timestamp': (1.48, 2.18)}];0,0;0,0;0,0;0,0
./audios/SP_D2_333_1918.94342_1920.65037.wav;1918,94342;1920,65037;um Vittorio de Sica ia para rua;um vittorio de sica ia para rua;1,7069500000000062;um vitório desses que ia pra rua;;[{'text': 'um', 'timestamp': (0.1, 0.14)}, {'text': 'vitório', 'timestamp': (0.2, 0.5)}, {'text': 'desses', 'timestamp': (0.56, 0.76)}, {'text': 'que', 'timestamp': (0.86, 0.94)}, {'text': 'ia', 'timestamp': (1.04, 1.08)}, {'text': 'pra', 'timestamp': (1.14, 1.32)}, {'text': 'rua', 'timestamp': (1.4, 1.56)}];0,5714285714285714;0,5714285714285714;0,8163265306122449;0,3225806451612903
./audios/SP_D2_333_1920.65037_1921.52767.wav;1920,65037;1921,52767;com uma câmera;com uma câmera;0,8772999999998774;com a câmara;;[{'text': 'com', 'timestamp': (1.0, 1.08)}, {'text': 'a', 'timestamp': (1.18, 1.22)}, {'text': 'câmara', 'timestamp': (1.38, 1.74)}];0,6666666666666666;0,6666666666666666;0,8888888888888888;0,21428571428571427
./audios/SP_D2_333_1921.79766_1923.48996.wav;1921,79766;1923,48996;e fazia um Ladrão de Bicicleta;e fazia um ladrão de bicicleta;1,6923000000001593;e fazia um ladrão de bicicleta;;[{'text': 'e', 'timestamp': (0.04, 0.06)}, {'text': 'fazia', 'timestamp': (0.18, 0.44)}, {'text': 'um', 'timestamp': (0.5, 0.56)}, {'text': 'ladrão', 'timestamp': (0.58, 0.84)}, {'text': 'de', 'timestamp': (0.9, 0.94)}, {'text': 'bicicleta', 'timestamp': (1.02, 1.6)}];0,0;0,0;0,0;0,0
./audios/SP_D2_333_1923.95317_1925.09337.wav;1923,95317;1925,09337;sem artistas;sem artistas;1,1402000000000498;sem artistas;;[{'text': 'sem', 'timestamp': (0.02, 0.12)}, {'text': 'artistas', 'timestamp': (0.26, 0.9)}];0,0;0,0;0,0;0,0
./audios/SP_D2_333_1925.26626_1925.46579.wav;1925,26626;1925,46579;não é?;não é;0,19952999999986787;vai;;[{'text': 'vai', 'timestamp': (0.98, 1.12)}];1,0;1,0;1,0;1,0
./audios/SP_D2_333_1925.90134_1927.37958.wav;1925,90134;1927,37958;sem cenários mirabolantes;sem cenários mirabolantes;1,4782400000001417;cem cenários mirabolantes;;[{'text': 'cem', 'timestamp': (0.1, 0.22)}, {'text': 'cenários', 'timestamp': (0.36, 0.76)}, {'text': 'mirabolantes', 'timestamp': (0.84, 1.44)}];0,3333333333333333;0,3333333333333333;0,5555555555555556;0,04
./audios/SP_D2_333_1927.37958_1927.84681.wav;1927,37958;1927,84681;sem nada;sem nada;0,4672299999999723;sem nada;;[{'text': 'sem', 'timestamp': (1.02, 1.16)}, {'text': 'nada', 'timestamp': (1.22, 1.44)}];0,0;0,0;0,0;0,0
./audios/SP_D2_333_1927.84681_1929.01104.wav;1927,84681;1929,01104;apenas com as ruas de Roma;apenas com as ruas de roma;1,1642300000000887;apenas com as ruas de roma;;[{'text': 'apenas', 'timestamp': (0.04, 0.26)}, {'text': 'com', 'timestamp': (0.3, 0.36)}, {'text': 'as', 'timestamp': (0.38, 0.46)}, {'text': 'ruas', 'timestamp': (0.54, 0.72)}, {'text': 'de', 'timestamp': (0.78, 0.82)}, {'text': 'roma', 'timestamp': (0.92, 1.1)}];0,0;0,0;0,0;0,0
./audios/SP_D2_333_1929.76978_1930.56846.wav;1929,76978;1930,56846;como cenário;como cenário;0,7986799999998766;como cenário;;[{'text': 'como', 'timestamp': (1.02, 1.18)}, {'text': 'cenário', 'timestamp': (1.26, 1.66)}];0,0;0,0;0,0;0,0
./audios/SP_D2_333_1930.56846_1930.75781.wav;1930,56846;1930,75781;não é?;não é;0,18935000000010405;a;;[{'text': 'a', 'timestamp': (1.08, 1.1)}];1,0;1,0;1,0;1,0
./audios/SP_D2_333_1931.56934_1933.1674.wav;1931,56934;1933,1674;então aquilo foi abrindo;então aquilo foi abrindo;1,5980600000000322;então aquilo foi abrindo;;[{'text': 'então', 'timestamp': (0.08, 0.28)}, {'text': 'aquilo', 'timestamp': (0.36, 0.58)}, {'text': 'foi', 'timestamp': (0.68, 0.8)}, {'text': 'abrindo', 'timestamp': (0.92, 1.5)}];0,0;0,0;0,0;0,0
./audios/SP_D2_333_1933.1674_1934.14129.wav;1933,1674;1934,14129;o o o uma uma;o o o uma uma;0,973889999999983;eu uma;;[{'text': 'eu', 'timestamp': (1.1, 1.22)}, {'text': 'uma', 'timestamp': (1.42, 1.74)}];0,8;0,8;0,9;0,6153846153846154
./audios/SP_D2_333_1934.14129_1935.9609.wav;1934,14129;1935,9609;a curiosidade do público;a curiosidade do público;1,8196100000000115;a curiosidade do público;;[{'text': 'a', 'timestamp': (0.08, 0.1)}, {'text': 'curiosidade', 'timestamp': (0.34, 1.0)}, {'text': 'do', 'timestamp': (1.1, 1.14)}, {'text': 'público', 'timestamp': (1.3, 1.66)}];0,0;0,0;0,0;0,0
./audios/SP_D2_333_1936.58325_1939.2781.wav;1936,58325;1939,2781;para se sair daquela ficção hollywoodesca;para se sair daquela ficção hollywoodesca;2,6948500000000877;para se sair daquela ficção olho disca;;[{'text': 'para', 'timestamp': (0.04, 0.18)}, {'text': 'se', 'timestamp': (0.3, 0.38)}, {'text': 'sair', 'timestamp': (0.54, 0.78)}, {'text': 'daquela', 'timestamp': (0.9, 1.16)}, {'text': 'ficção', 'timestamp': (1.28, 1.82)}, {'text': 'olho', 'timestamp': (1.94, 2.08)}, {'text': 'disca', 'timestamp': (2.24, 2.58)}];0,3333333333333333;0,2857142857142857;0,40476190476190477;0,14634146341463414
./audios/SP_D2_333_1939.42825_1941.42696.wav;1939,42825;1941,42696;foi aí também que começou;foi aí também que começou;1,9987100000000737;foi aí também que começou;;[{'text': 'foi', 'timestamp': (0.1, 0.24)}, {'text': 'aí', 'timestamp': (0.32, 0.4)}, {'text': 'também', 'timestamp': (0.64, 1.0)}, {'text': 'que', 'timestamp': (1.1, 1.18)}, {'text': 'começou', 'timestamp': (1.3, 1.84)}];0,0;0,0;0,0;0,0
./audios/SP_D2_333_1941.42696_1942.92071.wav;1941,42696;1942,92071;a decadência de Hollywood;a decadência de hollywood;1,493750000000091;a decadência de o lite;;[{'text': 'a', 'timestamp': (0.1, 0.12)}, {'text': 'decadência', 'timestamp': (0.2, 0.8)}, {'text': 'de', 'timestamp': (0.88, 0.92)}, {'text': 'o', 'timestamp': (0.96, 0.98)}, {'text': 'lite', 'timestamp': (1.02, 1.3)}];0,5;0,4;0,55;0,28
./audios/SP_D2_333_1943.97201_1945.3283.wav;1943,97201;1945,3283;tanto que depois;tanto que depois;1,3562899999999445;tanto que depois;;[{'text': 'tanto', 'timestamp': (0.04, 0.22)}, {'text': 'que', 'timestamp': (0.3, 0.38)}, {'text': 'depois', 'timestamp': (0.46, 0.94)}];0,0;0,0;0,0;0,0
./audios/SP_D2_333_1946.14408_1948.83269.wav;1946,14408;1948,83269;o próprio Estados Unidos reformulou;o próprio estados unidos reformulou;2,688609999999926;o próprio estados unidos reformulou;;[{'text': 'o', 'timestamp': (0.06, 0.08)}, {'text': 'próprio', 'timestamp': (0.22, 0.58)}, {'text': 'estados', 'timestamp': (0.86, 1.26)}, {'text': 'unidos', 'timestamp': (1.34, 1.58)}, {'text': 'reformulou', 'timestamp': (1.78, 2.56)}];0,0;0,0;0,0;0,0
./audios/SP_D2_333_1949.35175_1950.66231.wav;1949,35175;1950,66231;o o o seu método;o o o seu método;1,3105599999998958;o o seu método;;[{'text': 'o', 'timestamp': (0.1, 0.12)}, {'text': 'o', 'timestamp': (0.22, 0.24)}, {'text': 'seu', 'timestamp': (0.58, 0.7)}, {'text': 'método', 'timestamp': (0.82, 1.24)}];0,2;0,2;0,19999999999999996;0,125
./audios/SP_D2_333_1951.12103_1951.56693.wav;1951,12103;1951,56693;e::;e;0,4458999999999378;e;;[{'text': 'e', 'timestamp': (1.08, 1.1)}];0,0;0,0;0,0;0,0
./audios/SP_D2_333_1951.56693_1953.06594.wav;1951,56693;1953,06594;aí nós começamos a ver;aí nós começamos a ver;1,4990099999999984;e aí nós começamos a ver;;[{'text': 'e', 'timestamp': (0.04, 0.06)}, {'text': 'aí', 'timestamp': (0.12, 0.18)}, {'text': 'nós', 'timestamp': (0.28, 0.4)}, {'text': 'começamos', 'timestamp': (0.5, 1.02)}, {'text': 'a', 'timestamp': (1.1, 1.12)}, {'text': 'ver', 'timestamp': (1.22, 1.4)}];0,2;0,16666666666666666;0,16666666666666663;0,09090909090909091
./audios/SP_D2_333_1953.37085_1953.63681.wav;1953,37085;1953,63681;hã::;ah;0,26595999999995;é;;[{'text': 'é', 'timestamp': (1.06, 1.08)}];1,0;1,0;1,0;1,0
./audios/SP_D2_333_1953.63681_1957.80041.wav;1953,63681;1957,80041;filmes como aqueles daqueles dois rapazes passeando pelos Estados Unidos numa motocicleta;filmes como aqueles daqueles dois rapazes passeando pelos estados unidos numa motocicleta;4,163600000000088;cumes como aqueles daqueles dois rapazes passeando pelos estados unidos no a motocicleta;;[{'text': 'cumes', 'timestamp': (0.16, 0.42)}, {'text': 'como', 'timestamp': (0.6, 0.7)}, {'text': 'aqueles', 'timestamp': (0.76, 1.04)}, {'text': 'daqueles', 'timestamp': (1.12, 1.38)}, {'text': 'dois', 'timestamp': (1.44, 1.56)}, {'text': 'rapazes', 'timestamp': (1.64, 2.04)}, {'text': 'passeando', 'timestamp': (2.12, 2.44)}, {'text': 'pelos', 'timestamp': (2.5, 2.66)}, {'text': 'estados', 'timestamp': (2.72, 2.92)}, {'text': 'unidos', 'timestamp': (2.96, 3.12)}, {'text': 'no', 'timestamp': (3.16, 3.22)}, {'text': 'a', 'timestamp': (3.28, 3.3)}, {'text': 'motocicleta', 'timestamp': (3.4, 4.06)}];0,25;0,23076923076923078;0,3589743589743589;0,056179775280898875
./audios/SP_D2_333_1958.06911_1960.1374.wav;1958,06911;1960,1374;filmes pobres de de pouca::;filmes pobres de de pouca;2,068290000000161;são os pobres de de pouca;;[{'text': 'são', 'timestamp': (0.04, 0.12)}, {'text': 'os', 'timestamp': (0.2, 0.24)}, {'text': 'pobres', 'timestamp': (0.48, 0.86)}, {'text': 'de', 'timestamp': (0.92, 0.96)}, {'text': 'de', 'timestamp': (1.26, 1.3)}, {'text': 'pouca', 'timestamp': (1.48, 1.74)}];0,4;0,3333333333333333;0,4666666666666667;0,2
./audios/SP_D2_333_1960.60997_1961.71944.wav;1960,60997;1961,71944;de produção pobre;de produção pobre;1,1094700000001012;de produção pobre;;[{'text': 'de', 'timestamp': (0.04, 0.08)}, {'text': 'produção', 'timestamp': (0.14, 0.5)}, {'text': 'pobre', 'timestamp': (0.66, 0.98)}];0,0;0,0;0,0;0,0
./audios/SP_D2_333_1962.59877_1964.12357.wav;1962,59877;1964,12357;mostrando apenas::;mostrando apenas;1,5247999999999138;mostrando apenas;;[{'text': 'mostrando', 'timestamp': (0.14, 0.52)}, {'text': 'apenas', 'timestamp': (0.6, 1.02)}];0,0;0,0;0,0;0,0
./audios/SP_D2_333_1964.12357_1965.76037.wav;1964,12357;1965,76037;a arte cinematográfica;a arte cinematográfica;1,6367999999999938;da cinematográfica;;[{'text': 'da', 'timestamp': (0.06, 0.36)}, {'text': 'cinematográfica', 'timestamp': (0.52, 1.54)}];0,6666666666666666;0,6666666666666666;0,8333333333333334;0,22727272727272727
./audios/SP_D2_333_1965.76037_1966.01987.wav;1965,76037;1966,01987;e o;e o;0,2595000000001164;e;;[{'text': 'e', 'timestamp': (0.82, 0.86)}];0,5;0,5;0,5;0,6666666666666666
./audios/SP_D2_333_1966.34662_1968.01681.wav;1966,34662;1968,01681;quase que um cinema-verdade;quase que um cinemaverdade;1,6701900000000478;quase com o cinema verdade;;[{'text': 'quase', 'timestamp': (0.02, 0.2)}, {'text': 'com', 'timestamp': (0.3, 0.38)}, {'text': 'o', 'timestamp': (0.44, 0.46)}, {'text': 'cinema', 'timestamp': (0.5, 0.78)}, {'text': 'verdade', 'timestamp': (0.9, 1.42)}];1,0;0,8;0,95;0,23076923076923078
./audios/SP_D2_333_1968.4764_1969.28378.wav;1968,4764;1969,28378;então::;então;0,8073799999999665;então;;[{'text': 'então', 'timestamp': (1.08, 1.36)}];0,0;0,0;0,0;0,0
./audios/SP_D2_333_1969.28378_1970.42271.wav;1969,28378;1970,42271;isso foi gerando;isso foi gerando;1,138930000000073;isso foi gerendo;;[{'text': 'isso', 'timestamp': (0.12, 0.24)}, {'text': 'foi', 'timestamp': (0.34, 0.46)}, {'text': 'gerendo', 'timestamp': (0.56, 0.98)}];0,3333333333333333;0,3333333333333333;0,5555555555555556;0,0625
./audios/SP_D2_333_1970.73135_1970.87521.wav;1970,73135;1970,87521;éh;eh;0,14385999999990418;é;;[{'text': 'é', 'timestamp': (1.02, 1.04)}];1,0;1,0;1,0;1,0
./audios/SP_D2_333_1970.87521_1972.36424.wav;1970,87521;1972,36424;ê/ este interesse;ê este interesse;1,4890300000001844;e este interesse;;[{'text': 'e', 'timestamp': (0.04, 0.06)}, {'text': 'este', 'timestamp': (0.24, 0.44)}, {'text': 'interesse', 'timestamp': (0.54, 1.26)}];0,3333333333333333;0,3333333333333333;0,5555555555555556;0,0625
./audios/SP_D2_333_1972.86367_1973.0864.wav;1972,86367;1973,0864;e;e;0,2227299999999559;e;;[{'text': 'e', 'timestamp': (1.26, 1.3)}];0,0;0,0;0,0;0,0
./audios/SP_D2_333_1973.43796_1975.54521.wav;1973,43796;1975,54521;para o cinema fora do do do;para o cinema fora do do do;2,107250000000022;para o cinema fora do do do;;[{'text': 'para', 'timestamp': (0.06, 0.22)}, {'text': 'o', 'timestamp': (0.28, 0.3)}, {'text': 'cinema', 'timestamp': (0.4, 0.8)}, {'text': 'fora', 'timestamp': (1.08, 1.4)}, {'text': 'do', 'timestamp': (1.54, 1.62)}, {'text': 'do', 'timestamp': (1.8, 1.86)}, {'text': 'do', 'timestamp': (1.92, 1.98)}];0,0;0,0;0,0;0,0
./audios/SP_D2_333_1975.54521_1979.58903.wav;1975,54521;1979,58903;do conceito já instituído e aceito do cinema norte-americano;do conceito já instituído e aceito do cinema norteamericano;4,043820000000096;o conceito já instituído e aceito do cinema norte americano;;[{'text': 'o', 'timestamp': (0.08, 0.1)}, {'text': 'conceito', 'timestamp': (0.2, 0.9)}, {'text': 'já', 'timestamp': (1.04, 1.1)}, {'text': 'instituído', 'timestamp': (1.24, 1.92)}, {'text': 'e', 'timestamp': (2.04, 2.06)}, {'text': 'aceito', 'timestamp': (2.16, 2.66)}, {'text': 'do', 'timestamp': (2.74, 2.8)}, {'text': 'cinema', 'timestamp': (2.88, 3.14)}, {'text': 'norte', 'timestamp': (3.2, 3.4)}, {'text': 'americano', 'timestamp': (3.42, 3.86)}];0,3333333333333333;0,3;0,4555555555555556;0,03389830508474576
./audios/SP_D2_333_1980.22844_1982.55914.wav;1980,22844;1982,55914;e eu acho que então começaram a querer ver o ca/;e eu acho que então começaram a querer ver o ca;2,330699999999979;e eu acho que então começando aquele ver a;;[{'text': 'e', 'timestamp': (0.08, 0.1)}, {'text': 'eu', 'timestamp': (0.18, 0.26)}, {'text': 'acho', 'timestamp': (0.34, 0.5)}, {'text': 'que', 'timestamp': (0.58, 0.64)}, {'text': 'então', 'timestamp': (0.68, 0.86)}, {'text': 'começando', 'timestamp': (0.96, 1.44)}, {'text': 'aquele', 'timestamp': (1.54, 1.74)}, {'text': 'ver', 'timestamp': (1.86, 1.92)}, {'text': 'a', 'timestamp': (2.16, 2.18)}];0,45454545454545453;0,45454545454545453;0,6363636363636365;0,19148936170212766
./audios/SP_D2_333_1982.55914_1985.23233.wav;1982,55914;1985,23233;o que cada povo tinha a oferecer como cinema;o que cada povo tinha a oferecer como cinema;2,673189999999977;o que cada povo tinha oferecido como sinal;;[{'text': 'o', 'timestamp': (0.04, 0.06)}, {'text': 'que', 'timestamp': (0.1, 0.18)}, {'text': 'cada', 'timestamp': (0.26, 0.44)}, {'text': 'povo', 'timestamp': (0.66, 0.94)}, {'text': 'tinha', 'timestamp': (1.14, 1.38)}, {'text': 'oferecido', 'timestamp': (1.5, 1.92)}, {'text': 'como', 'timestamp': (2.0, 2.12)}, {'text': 'sinal', 'timestamp': (2.24, 2.52)}];0,3333333333333333;0,3333333333333333;0,5;0,20454545454545456
./audios/SP_D2_333_1985.55957_1986.69901.wav;1985,55957;1986,69901;evidentemente;evidentemente;1,1394400000001497;evidentemente;;[{'text': 'evidentemente', 'timestamp': (0.1, 0.82)}];0,0;0,0;0,0;0,0
./audios/SP_D2_333_1987.07612_1991.63046.wav;1987,07612;1991,63046;pessoas que chegam ao Brasil ficam encantadas com aquele cenário do Rio de Janeiro;pessoas que chegam ao brasil ficam encantadas com aquele cenário do rio de janeiro;4,554340000000138;pessoas que chegam ao brasil ficam logo encantadas com aquele cenário do rio de janeiro;;[{'text': 'pessoas', 'timestamp': (0.16, 0.5)}, {'text': 'que', 'timestamp': (0.58, 0.66)}, {'text': 'chegam', 'timestamp': (0.78, 1.08)}, {'text': 'ao', 'timestamp': (1.14, 1.2)}, {'text': 'brasil', 'timestamp': (1.24, 1.54)}, {'text': 'ficam', 'timestamp': (1.66, 1.84)}, {'text': 'logo', 'timestamp': (1.92, 2.06)}, {'text': 'encantadas', 'timestamp': (2.14, 2.76)}, {'text': 'com', 'timestamp': (2.8, 2.88)}, {'text': 'aquele', 'timestamp': (2.92, 3.08)}, {'text': 'cenário', 'timestamp': (3.18, 3.6)}, {'text': 'do', 'timestamp': (3.68, 3.76)}, {'text': 'rio', 'timestamp': (3.82, 3.98)}, {'text': 'de', 'timestamp': (4.0, 4.08)}, {'text': 'janeiro', 'timestamp': (4.12, 4.42)}];0,07142857142857142;0,06666666666666667;0,06666666666666665;0,06097560975609756
./audios/SP_D2_333_1992.54954_1994.19772.wav;1992,54954;1994,19772;com a nossa música popular;com a nossa música popular;1,6481799999999112;o qual é a nossa música popular;;[{'text': 'o', 'timestamp': (0.06, 0.08)}, {'text': 'qual', 'timestamp': (0.12, 0.22)}, {'text': 'é', 'timestamp': (0.24, 0.26)}, {'text': 'a', 'timestamp': (0.3, 0.32)}, {'text': 'nossa', 'timestamp': (0.38, 0.6)}, {'text': 'música', 'timestamp': (0.72, 1.0)}, {'text': 'popular', 'timestamp': (1.08, 1.46)}];0,6;0,42857142857142855;0,5428571428571429;0,3076923076923077
./audios/SP_D2_333_1995.07283_1996.78708.wav;1995,07283;1996,78708;houve naturalmente uma aproximação;houve naturalmente uma aproximação;1,7142499999999927;houve naturalmente uma aproximação;;[{'text': 'houve', 'timestamp': (0.06, 0.24)}, {'text': 'naturalmente', 'timestamp': (0.34, 0.7)}, {'text': 'uma', 'timestamp': (0.72, 0.8)}, {'text': 'aproximação', 'timestamp': (0.84, 1.58)}];0,0;0,0;0,0;0,0
./audios/SP_D2_333_1997.04623_1997.40506.wav;1997,04623;1997,40506;com;com;0,35883000000012544;tá;;[{'text': 'tá', 'timestamp': (1.0, 1.08)}];1,0;1,0;1,0;1,0
./audios/SP_D2_333_1997.85387_1999.75935.wav;1997,85387;1999,75935;o nosso grande poetinha;o nosso grande poetinha;1,905480000000125;o nosso grande poetinha;;[{'text': 'o', 'timestamp': (0.08, 0.1)}, {'text': 'nosso', 'timestamp': (0.18, 0.48)}, {'text': 'grande', 'timestamp': (0.6, 0.94)}, {'text': 'poetinha', 'timestamp': (1.14, 1.72)}];0,0;0,0;0,0;0,0
./audios/SP_D2_333_1999.97225_2000.97117.wav;1999,97225;2000,97117;Vinícius de Moraes;vinícius de moraes;0,9989199999999983;vinício de morair;;[{'text': 'vinício', 'timestamp': (1.02, 1.38)}, {'text': 'de', 'timestamp': (1.44, 1.48)}, {'text': 'morair', 'timestamp': (1.54, 1.88)}];0,6666666666666666;0,6666666666666666;0,8888888888888888;0,2222222222222222
./audios/SP_D2_333_2000.97117_2001.19785.wav;2000,97117;2001,19785;não é?;não é;0,22667999999998756;já;;[{'text': 'já', 'timestamp': (1.02, 1.08)}];1,0;1,0;1,0;1,0
./audios/SP_D2_333_2001.19785_2002.57784.wav;2001,19785;2002,57784;que foi o autor do roteiro;que foi o autor do roteiro;1,379989999999907;que foi o autor do canteiro;;[{'text': 'que', 'timestamp': (0.02, 0.12)}, {'text': 'foi', 'timestamp': (0.16, 0.26)}, {'text': 'o', 'timestamp': (0.32, 0.38)}, {'text': 'autor', 'timestamp': (0.42, 0.68)}, {'text': 'do', 'timestamp': (0.78, 0.84)}, {'text': 'canteiro', 'timestamp': (0.88, 1.26)}];0,16666666666666666;0,16666666666666666;0,30555555555555547;0,11538461538461539
./audios/SP_D2_333_2003.64942_2004.53615.wav;2003,64942;2004,53615;e que engendrou;e que engendrou;0,8867299999999432;e que engendrou;;[{'text': 'e', 'timestamp': (1.04, 1.06)}, {'text': 'que', 'timestamp': (1.12, 1.2)}, {'text': 'engendrou', 'timestamp': (1.32, 1.8)}];0,0;0,0;0,0;0,0
./audios/SP_D2_333_2004.53615_2006.92282.wav;2004,53615;2006,92282;aquela ideia tão linda do Orfeu do Carnaval;aquela ideia tão linda do orfeu do carnaval;2,3866700000000947;aquela ideia tão linda do orfeu do carnaval;;[{'text': 'aquela', 'timestamp': (0.1, 0.32)}, {'text': 'ideia', 'timestamp': (0.38, 0.58)}, {'text': 'tão', 'timestamp': (0.68, 0.78)}, {'text': 'linda', 'timestamp': (0.88, 1.06)}, {'text': 'do', 'timestamp': (1.16, 1.2)}, {'text': 'orfeu', 'timestamp': (1.28, 1.62)}, {'text': 'do', 'timestamp': (1.66, 1.72)}, {'text': 'carnaval', 'timestamp': (1.76, 2.2)}];0,0;0,0;0,0;0,0
./audios/SP_D2_333_2008.68269_2012.22121.wav;2008,68269;2012,22121;mas como aquilo tudo vinha hum:: de uma espécie de curiosidade;mas como aquilo tudo vinha uh de uma espécie de curiosidade;3,538519999999835;mas como aquilo tudo vinha de uma espécie de curiosidade;;[{'text': 'mas', 'timestamp': (0.12, 0.26)}, {'text': 'como', 'timestamp': (0.36, 0.46)}, {'text': 'aquilo', 'timestamp': (0.54, 0.76)}, {'text': 'tudo', 'timestamp': (0.9, 1.04)}, {'text': 'vinha', 'timestamp': (1.16, 1.42)}, {'text': 'de', 'timestamp': (2.0, 2.04)}, {'text': 'uma', 'timestamp': (2.1, 2.16)}, {'text': 'espécie', 'timestamp': (2.22, 2.44)}, {'text': 'de', 'timestamp': (2.48, 2.52)}, {'text': 'curiosidade', 'timestamp': (2.6, 3.44)}];0,09090909090909091;0,09090909090909091;0,09090909090909094;0,05084745762711865
./audios/SP_D2_333_2012.22121_2014.29883.wav;2012,22121;2014,29883;a curiosidade parece que foi saciada;a curiosidade parece que foi saciada;2,0776200000000244;e curiosidade peça que foi saciada;;[{'text': 'e', 'timestamp': (0.1, 0.12)}, {'text': 'curiosidade', 'timestamp': (0.14, 0.62)}, {'text': 'peça', 'timestamp': (0.72, 0.9)}, {'text': 'que', 'timestamp': (0.96, 1.02)}, {'text': 'foi', 'timestamp': (1.08, 1.18)}, {'text': 'saciada', 'timestamp': (1.3, 1.92)}];0,3333333333333333;0,3333333333333333;0,5555555555555556;0,1388888888888889
./audios/SP_D2_333_2015.12771_2016.74035.wav;2015,12771;2016,74035;[aquilo foi uma coprodução;aquilo foi uma coprodução;1,6126400000000558;é aquilo é sonho foram feitas;;[{'text': 'é', 'timestamp': (0.04, 0.06)}, {'text': 'aquilo', 'timestamp': (0.14, 0.32)}, {'text': 'é', 'timestamp': (0.36, 0.38)}, {'text': 'sonho', 'timestamp': (0.5, 0.82)}, {'text': 'foram', 'timestamp': (0.88, 1.06)}, {'text': 'feitas', 'timestamp': (1.26, 1.58)}];1,25;0,8333333333333334;0,9583333333333334;0,8
./audios/SP_D2_333_2019.2153_2019.65471.wav;2019,2153;2019,65471;não não;não não;0,43940999999995256;não não;;[{'text': 'não', 'timestamp': (1.06, 1.16)}, {'text': 'não', 'timestamp': (1.22, 1.32)}];0,0;0,0;0,0;0,0
./audios/SP_D2_333_2019.89186_2020.34842.wav;2019,89186;2020,34842;não não não;não não não;0,45656000000008135;não me a;;[{'text': 'não', 'timestamp': (1.04, 1.1)}, {'text': 'me', 'timestamp': (1.18, 1.26)}, {'text': 'a', 'timestamp': (1.46, 1.48)}];0,6666666666666666;0,6666666666666666;0,8888888888888888;0,5454545454545454
./audios/SP_D2_333_2020.34842_2021.04.wav;2020,34842;2021,04;[(não foi esse);não foi esse;0,6915799999999308;foi eu acho que eu faço com;;[{'text': 'foi', 'timestamp': (1.0, 1.08)}, {'text': 'eu', 'timestamp': (1.12, 1.16)}, {'text': 'acho', 'timestamp': (1.24, 1.34)}, {'text': 'que', 'timestamp': (1.36, 1.42)}, {'text': 'eu', 'timestamp': (1.44, 1.5)}, {'text': 'faço', 'timestamp': (1.52, 1.66)}, {'text': 'com', 'timestamp': (1.7, 1.84)}];2,3333333333333335;1,0;1,0;1,9166666666666667
./audios/SP_D2_333_2021.62163_2022.61102.wav;2021,62163;2022,61102;foi [o roteiro;foi o roteiro;0,9893899999999576;foi eu ouvi um filme que;;[{'text': 'foi', 'timestamp': (1.0, 1.1)}, {'text': 'eu', 'timestamp': (1.12, 1.2)}, {'text': 'ouvi', 'timestamp': (1.26, 1.4)}, {'text': 'um', 'timestamp': (1.46, 1.5)}, {'text': 'filme', 'timestamp': (1.66, 1.88)}, {'text': 'que', 'timestamp': (1.94, 2.02)}];1,6666666666666667;0,8333333333333334;0,9444444444444444;1,3076923076923077
./audios/SP_D2_333_2035.68078_2036.78064.wav;2035,68078;2036,78064;[da Porta-Estandarte;da portaestandarte;1,0998600000000351;a parte estandarte;;[{'text': 'a', 'timestamp': (0.06, 0.08)}, {'text': 'parte', 'timestamp': (0.1, 0.28)}, {'text': 'estandarte', 'timestamp': (0.34, 0.96)}];1,5;1,0;1,0;0,2222222222222222
./audios/SP_D2_333_2038.40909_2039.24.wav;2038,40909;2039,24;[(é mas não não);é mas não não;0,8309099999999034;de essa sim filme;;[{'text': 'de', 'timestamp': (1.02, 1.08)}, {'text': 'essa', 'timestamp': (1.16, 1.3)}, {'text': 'sim', 'timestamp': (1.32, 1.46)}, {'text': 'filme', 'timestamp': (1.52, 1.72)}];1,0;1,0;1,0;1,0
./audios/SP_D2_333_2039.38137_2039.98435.wav;2039,38137;2039,98435;realmente é/;realmente é;0,6029799999998886;elmer tenis;;[{'text': 'elmer', 'timestamp': (1.02, 1.24)}, {'text': 'tenis', 'timestamp': (1.32, 1.58)}];1,0;1,0;1,0;0,6363636363636364
./audios/SP_D2_333_2039.98435_2040.16.wav;2039,98435;2040,16;éh éh;eh eh;0,17565000000013242;é;;[{'text': 'é', 'timestamp': (1.0, 1.02)}];1,0;1,0;1,0;1,0
./audios/SP_D2_333_2040.16_2040.43284.wav;2040,16;2040,43284;não;não;0,2728399999998601;não;;[{'text': 'não', 'timestamp': (1.1, 1.2)}];0,0;0,0;0,0;0,0
./audios/SP_D2_333_2040.43284_2041.05757.wav;2040,43284;2041,05757;esse eu [não vi;esse eu não vi;0,6247299999999996;e cê não olho;;[{'text': 'e', 'timestamp': (1.1, 1.12)}, {'text': 'cê', 'timestamp': (1.2, 1.26)}, {'text': 'não', 'timestamp': (1.32, 1.38)}, {'text': 'olho', 'timestamp': (1.44, 1.56)}];0,75;0,75;0,9375;0,6428571428571429
./audios/SP_D2_333_2041.81251_2042.37052.wav;2041,81251;2042,37052;esse eu não vi;esse eu não vi;0,5580099999999675;este é no rio;;[{'text': 'este', 'timestamp': (1.06, 1.2)}, {'text': 'é', 'timestamp': (1.22, 1.24)}, {'text': 'no', 'timestamp': (1.28, 1.34)}, {'text': 'rio', 'timestamp': (1.4, 1.54)}];1,0;1,0;1,0;0,42857142857142855
./audios/SP_D2_333_2042.64_2044.05991.wav;2042,64;2044,05991;não mas o Orfeu do Carnaval não;não mas o orfeu do carnaval não;1,4199099999998452;não mas o orfeu de carnaval não;;[{'text': 'não', 'timestamp': (0.04, 0.14)}, {'text': 'mas', 'timestamp': (0.18, 0.26)}, {'text': 'o', 'timestamp': (0.32, 0.34)}, {'text': 'orfeu', 'timestamp': (0.42, 0.68)}, {'text': 'de', 'timestamp': (0.74, 0.78)}, {'text': 'carnaval', 'timestamp': (0.86, 1.26)}, {'text': 'não', 'timestamp': (1.3, 1.38)}];0,14285714285714285;0,14285714285714285;0,26530612244897966;0,03225806451612903
./audios/SP_D2_333_2044.05991_2046.13708.wav;2044,05991;2046,13708;Or/ Orfeu do Carnaval [foi feito;or orfeu do carnaval foi feito;2,0771700000000237;o oficio de carnaval foi feito;;[{'text': 'o', 'timestamp': (0.04, 0.06)}, {'text': 'oficio', 'timestamp': (0.12, 0.54)}, {'text': 'de', 'timestamp': (0.56, 0.6)}, {'text': 'carnaval', 'timestamp': (0.66, 1.18)}, {'text': 'foi', 'timestamp': (1.3, 1.4)}, {'text': 'feito', 'timestamp': (1.68, 1.92)}];0,5;0,5;0,75;0,23333333333333334
./audios/SP_D2_333_2047.326_2048.88527.wav;2047,326;2048,88527;[o o quem fez o [roteiro foi;o o quem fez o roteiro foi;1,5592700000001969;ou quem fez e pelo francesa;;[{'text': 'ou', 'timestamp': (0.28, 0.32)}, {'text': 'quem', 'timestamp': (0.38, 0.5)}, {'text': 'fez', 'timestamp': (0.58, 0.68)}, {'text': 'e', 'timestamp': (0.7, 0.72)}, {'text': 'pelo', 'timestamp': (0.82, 0.98)}, {'text': 'francesa', 'timestamp': (1.02, 1.48)}];0,7142857142857143;0,7142857142857143;0,9047619047619048;0,5769230769230769
./audios/SP_D2_333_2049.66989_2050.29506.wav;2049,66989;2050,29506;[(foi) o Camus;foi o camus;0,6251699999997982;o camisa;;[{'text': 'o', 'timestamp': (1.2, 1.22)}, {'text': 'camisa', 'timestamp': (1.3, 1.68)}];0,6666666666666666;0,6666666666666666;0,8333333333333334;0,5454545454545454
./audios/SP_D2_333_2050.41405_2050.65812.wav;2050,41405;2050,65812;[não é?;não é;0,24407000000019252;não;;[{'text': 'não', 'timestamp': (1.04, 1.16)}];0,5;0,5;0,5;0,4
./audios/SP_D2_333_2050.65812_2051.43512.wav;2050,65812;2051,43512;que era um::;que era um;0,7770000000000437;ele era um;;[{'text': 'ele', 'timestamp': (1.1, 1.18)}, {'text': 'era', 'timestamp': (1.26, 1.36)}, {'text': 'um', 'timestamp': (1.46, 1.52)}];0,3333333333333333;0,3333333333333333;0,5555555555555556;0,2
./audios/SP_D2_333_2051.43512_2053.04609.wav;2051,43512;2053,04609;parente do [Albert Camus;parente do albert camus;1,6109699999997247;parente do da;;[{'text': 'parente', 'timestamp': (0.08, 0.4)}, {'text': 'do', 'timestamp': (0.52, 0.58)}, {'text': 'da', 'timestamp': (0.8, 0.84)}];0,5;0,5;0,6666666666666667;0,4782608695652174
./audios/SP_D2_333_2053.49605_2054.663.wav;2053,49605;2054,663;e:::;e;1,1669499999998152;e;;[{'text': 'e', 'timestamp': (0.1, 0.12)}];0,0;0,0;0,0;0,0
./audios/SP_D2_333_2055.08_2056.79363.wav;2055,08;2056,79363;e Vinícius de Moraes fez o roteiro;e vinícius de moraes fez o roteiro;1,7136300000001938;e início de morais fez o roteiro;;[{'text': 'e', 'timestamp': (0.18, 0.2)}, {'text': 'início', 'timestamp': (0.24, 0.46)}, {'text': 'de', 'timestamp': (0.52, 0.56)}, {'text': 'morais', 'timestamp': (0.62, 0.88)}, {'text': 'fez', 'timestamp': (1.0, 1.14)}, {'text': 'o', 'timestamp': (1.2, 1.24)}, {'text': 'roteiro', 'timestamp': (1.3, 1.66)}];0,2857142857142857;0,2857142857142857;0,4897959183673469;0,11764705882352941
./audios/SP_D2_333_2056.79363_2058.12856.wav;2056,79363;2058,12856;fez a música beLÍssima;fez a música belíssima;1,3349299999999857;fez a música belíssima;;[{'text': 'fez', 'timestamp': (0.08, 0.22)}, {'text': 'a', 'timestamp': (0.26, 0.28)}, {'text': 'música', 'timestamp': (0.38, 0.64)}, {'text': 'belíssima', 'timestamp': (0.72, 1.26)}];0,0;0,0;0,0;0,0
./audios/SP_D2_333_2058.12856_2058.39181.wav;2058,12856;2058,39181;né?;né;0,2632499999999709;é;;[{'text': 'é', 'timestamp': (1.04, 1.06)}];1,0;1,0;1,0;0,5
./audios/SP_D2_333_2058.63187_2059.98175.wav;2058,63187;2059,98175;é uma música linDÍssima;é uma música lindíssima;1,3498799999997573;é uma música lindíssima;;[{'text': 'é', 'timestamp': (0.04, 0.06)}, {'text': 'uma', 'timestamp': (0.08, 0.14)}, {'text': 'música', 'timestamp': (0.16, 0.38)}, {'text': 'lindíssima', 'timestamp': (0.48, 1.12)}];0,0;0,0;0,0;0,0
./audios/SP_D2_333_2061.23098_2062.77629.wav;2061,23098;2062,77629;o filme todo passado no Rio;o filme todo passado no rio;1,5453099999999722;o filme de todo o passado no rio;;[{'text': 'o', 'timestamp': (0.12, 0.14)}, {'text': 'filme', 'timestamp': (0.2, 0.36)}, {'text': 'de', 'timestamp': (0.38, 0.42)}, {'text': 'todo', 'timestamp': (0.46, 0.56)}, {'text': 'o', 'timestamp': (0.58, 0.6)}, {'text': 'passado', 'timestamp': (0.66, 0.92)}, {'text': 'no', 'timestamp': (1.04, 1.12)}, {'text': 'rio', 'timestamp': (1.22, 1.4)}];0,3333333333333333;0,25;0,25;0,18518518518518517
./audios/SP_D2_333_2063.68594_2065.10305.wav;2063,68594;2065,10305;e com aquela:::;e com aquela;1,4171100000003207;e com aquela;;[{'text': 'e', 'timestamp': (0.08, 0.1)}, {'text': 'com', 'timestamp': (0.2, 0.28)}, {'text': 'aquela', 'timestamp': (0.34, 0.7)}];0,0;0,0;0,0;0,0
./audios/SP_D2_333_2065.73167_2067.23098.wav;2065,73167;2067,23098;aquela transposição;aquela transposição;1,4993099999996957;aquela transposição;;[{'text': 'aquela', 'timestamp': (0.08, 0.3)}, {'text': 'transposição', 'timestamp': (0.42, 1.3)}];0,0;0,0;0,0;0,0
./audios/SP_D2_333_2068.00006_2069.325.wav;2068,00006;2069,325;da lenda do Orfeu;da lenda do orfeu;1,3249399999999696;da lenda do mar seu;;[{'text': 'da', 'timestamp': (0.06, 0.12)}, {'text': 'lenda', 'timestamp': (0.34, 0.62)}, {'text': 'do', 'timestamp': (0.68, 0.74)}, {'text': 'mar', 'timestamp': (0.76, 0.88)}, {'text': 'seu', 'timestamp': (1.04, 1.22)}];0,5;0,4;0,55;0,23529411764705882
./audios/SP_D2_333_2069.325_2070.46835.wav;2069,325;2070,46835;que desce aos infernos;que desce aos infernos;1,1433500000002823;que desce ao inferno;;[{'text': 'que', 'timestamp': (0.08, 0.14)}, {'text': 'desce', 'timestamp': (0.2, 0.4)}, {'text': 'ao', 'timestamp': (0.44, 0.5)}, {'text': 'inferno', 'timestamp': (0.62, 1.02)}];0,5;0,5;0,75;0,09090909090909091
./audios/SP_D2_333_2070.46835_2070.60465.wav;2070,46835;2070,60465;não é?;não é;0,13630000000011933;no;;[{'text': 'no', 'timestamp': (1.0, 1.1)}];1,0;1,0;1,0;0,6
./audios/SP_D2_333_2070.92_2072.15331.wav;2070,92;2072,15331;para salvar Eurídice;para salvar eurídice;1,233310000000074;são vários list;;[{'text': 'são', 'timestamp': (0.02, 0.1)}, {'text': 'vários', 'timestamp': (0.2, 0.5)}, {'text': 'list', 'timestamp': (0.58, 1.0)}];1,0;1,0;1,0;0,8
./audios/SP_D2_333_2072.82269_2073.44535.wav;2072,82269;2073,44535;éh::;eh;0,6226599999999962;e;;[{'text': 'e', 'timestamp': (1.08, 1.1)}];1,0;1,0;1,0;0,5
./audios/SP_D2_333_2073.44535_2075.49473.wav;2073,44535;2075,49473;aquela transposição para o Rio de Janeiro;aquela transposição para o rio de janeiro;2,0493799999999283;aquela transposição para o vídeo de janeiro;;[{'text': 'aquela', 'timestamp': (0.06, 0.24)}, {'text': 'transposição', 'timestamp': (0.26, 0.74)}, {'text': 'para', 'timestamp': (0.8, 0.9)}, {'text': 'o', 'timestamp': (0.92, 0.94)}, {'text': 'vídeo', 'timestamp': (1.0, 1.2)}, {'text': 'de', 'timestamp': (1.24, 1.28)}, {'text': 'janeiro', 'timestamp': (1.34, 1.78)}];0,14285714285714285;0,14285714285714285;0,26530612244897966;0,0975609756097561
./audios/SP_D2_333_2075.79931_2077.08587.wav;2075,79931;2077,08587;aproveitando o Carnaval::;aproveitando o carnaval;1,2865600000000086;aproveitando o carnaval;;[{'text': 'aproveitando', 'timestamp': (0.06, 0.52)}, {'text': 'o', 'timestamp': (0.56, 0.58)}, {'text': 'carnaval', 'timestamp': (0.62, 1.16)}];0,0;0,0;0,0;0,0
./audios/SP_D2_333_2077.08587_2078.04264.wav;2077,08587;2078,04264;os sambas;os sambas;0,9567700000002333;rosalba e;;[{'text': 'rosalba', 'timestamp': (1.04, 1.72)}, {'text': 'e', 'timestamp': (1.82, 1.84)}];1,0;1,0;1,0;0,6666666666666666
./audios/SP_D2_333_2078.25526_2078.92511.wav;2078,25526;2078,92511;foi muito bonito;foi muito bonito;0,6698500000002241;por muito bonito;;[{'text': 'por', 'timestamp': (1.02, 1.1)}, {'text': 'muito', 'timestamp': (1.16, 1.26)}, {'text': 'bonito', 'timestamp': (1.36, 1.62)}];0,3333333333333333;0,3333333333333333;0,5555555555555556;0,125
./audios/SP_D2_333_2078.92511_2079.78729.wav;2078,92511;2079,78729;me lembro (que);me lembro que;0,8621800000000803;me lembro que eu disse;;[{'text': 'me', 'timestamp': (1.12, 1.18)}, {'text': 'lembro', 'timestamp': (1.22, 1.38)}, {'text': 'que', 'timestamp': (1.4, 1.46)}, {'text': 'eu', 'timestamp': (1.48, 1.52)}, {'text': 'disse', 'timestamp': (1.58, 1.76)}];0,6666666666666666;0,4;0,4;0,6923076923076923
./audios/SP_D2_333_2079.78729_2080.13523.wav;2079,78729;2080,13523;é um;é um;0,3479399999996531;é um;;[{'text': 'é', 'timestamp': (1.08, 1.1)}, {'text': 'um', 'timestamp': (1.16, 1.22)}];0,0;0,0;0,0;0,0
./audios/SP_D2_333_2080.13523_2080.39498.wav;2080,13523;2080,39498;éh;eh;0,25975000000016735;é;;[{'text': 'é', 'timestamp': (1.04, 1.06)}];1,0;1,0;1,0;1,0
./audios/SP_D2_333_2080.39498_2082.87996.wav;2080,39498;2082,87996;está aí um filme que se for passado novamente;está aí um filme que se for passado novamente;2,484980000000178;está aí um filme que se for passado novamente;;[{'text': 'está', 'timestamp': (0.02, 0.16)}, {'text': 'aí', 'timestamp': (0.18, 0.22)}, {'text': 'um', 'timestamp': (0.3, 0.34)}, {'text': 'filme', 'timestamp': (0.4, 0.54)}, {'text': 'que', 'timestamp': (0.6, 0.66)}, {'text': 'se', 'timestamp': (0.88, 0.94)}, {'text': 'for', 'timestamp': (1.04, 1.16)}, {'text': 'passado', 'timestamp': (1.34, 1.7)}, {'text': 'novamente', 'timestamp': (1.82, 2.34)}];0,0;0,0;0,0;0,0
./audios/SP_D2_333_2082.87996_2084.54849.wav;2082,87996;2084,54849;eu acho que encherá as plateias;eu acho que encherá as plateias;1,6685299999999188;eu acho que esse rás plates;;[{'text': 'eu', 'timestamp': (0.08, 0.12)}, {'text': 'acho', 'timestamp': (0.16, 0.28)}, {'text': 'que', 'timestamp': (0.34, 0.4)}, {'text': 'esse', 'timestamp': (0.56, 0.78)}, {'text': 'rás', 'timestamp': (0.88, 1.1)}, {'text': 'plates', 'timestamp': (1.16, 1.58)}];0,5;0,5;0,75;0,25806451612903225
./audios/SP_D2_333_2084.54849_2085.56.wav;2084,54849;2085,56;porque foi muito lindo;porque foi muito lindo;1,0115099999998165;que sai muito muito;;[{'text': 'que', 'timestamp': (0.08, 0.14)}, {'text': 'sai', 'timestamp': (0.18, 0.34)}, {'text': 'muito', 'timestamp': (0.44, 0.58)}, {'text': 'muito', 'timestamp': (0.68, 0.86)}];0,75;0,75;0,9375;0,4090909090909091
./audios/SP_D2_333_2097.54775_2098.32.wav;2097,54775;2098,32;ah mas [é;ah mas é;0,7722499999999854;ah mas é ao;;[{'text': 'ah', 'timestamp': (1.06, 1.18)}, {'text': 'mas', 'timestamp': (1.26, 1.36)}, {'text': 'é', 'timestamp': (1.44, 1.46)}, {'text': 'ao', 'timestamp': (1.64, 1.74)}];0,3333333333333333;0,25;0,25;0,375
./audios/SP_D2_333_2100.2575_2100.54876.wav;2100,2575;2100,54876;[hã;ah;0,29125999999996566;era;;[{'text': 'era', 'timestamp': (0.84, 1.26)}];1,0;1,0;1,0;1,5
./audios/SP_D2_333_2103.60165_2105.01104.wav;2103,60165;2105,01104;[( ) bem feito;bem feito;1,409389999999803;e é bem feito não é;;[{'text': 'e', 'timestamp': (0.3, 0.32)}, {'text': 'é', 'timestamp': (0.38, 0.4)}, {'text': 'bem', 'timestamp': (0.44, 0.54)}, {'text': 'feito', 'timestamp': (0.7, 1.2)}, {'text': 'não', 'timestamp': (1.22, 1.3)}, {'text': 'é', 'timestamp': (1.34, 1.36)}];2,0;0,6666666666666666;0,6666666666666667;1,1111111111111112
./audios/SP_D2_333_2105.10242_2107.40983.wav;2105,10242;2107,40983;[( ) paisagens maravilhosas;paisagens maravilhosas;2,3074099999998907;paisagem mariage;;[{'text': 'paisagem', 'timestamp': (0.68, 1.22)}, {'text': 'mariage', 'timestamp': (1.24, 1.68)}];1,0;1,0;1,0;0,45454545454545453
./audios/SP_D2_333_2109.6005_2109.78232.wav;2109,6005;2109,78232;e;e;0,1818199999997887;e;;[{'text': 'e', 'timestamp': (0.84, 0.86)}];0,0;0,0;0,0;0,0
./audios/SP_D2_333_2109.78232_2112.70878.wav;2109,78232;2112,70878;A Moreninha ficou justamente naquele musiCAL;a moreninha ficou justamente naquele musical;2,9264600000001337;a marinha ficou justamente naquele musical;;[{'text': 'a', 'timestamp': (0.02, 0.04)}, {'text': 'marinha', 'timestamp': (0.18, 0.58)}, {'text': 'ficou', 'timestamp': (0.68, 1.0)}, {'text': 'justamente', 'timestamp': (1.14, 1.62)}, {'text': 'naquele', 'timestamp': (1.7, 2.0)}, {'text': 'musical', 'timestamp': (2.12, 2.74)}];0,16666666666666666;0,16666666666666666;0,30555555555555547;0,06818181818181818
./audios/SP_D2_333_2113.04111_2114.51995.wav;2113,04111;2114,51995;naquela era dos musicais;naquela era dos musicais;1,4788399999997637;aquela era dos musicais;;[{'text': 'aquela', 'timestamp': (0.04, 0.28)}, {'text': 'era', 'timestamp': (0.42, 0.56)}, {'text': 'dos', 'timestamp': (0.64, 0.72)}, {'text': 'musicais', 'timestamp': (0.8, 1.34)}];0,25;0,25;0,4375;0,041666666666666664
./audios/SP_D2_333_2114.51995_2115.38301.wav;2114,51995;2115,38301;que eram tão gos/;que eram tão gos;0,8630600000001323;que tem você;;[{'text': 'que', 'timestamp': (1.0, 1.08)}, {'text': 'tem', 'timestamp': (1.3, 1.4)}, {'text': 'você', 'timestamp': (1.5, 1.74)}];0,75;0,75;0,9166666666666666;0,5625
./audios/SP_D2_333_2115.38301_2115.67219.wav;2115,38301;2115,67219;éh;eh;0,2891799999997602;e;;[{'text': 'e', 'timestamp': (1.08, 1.1)}];1,0;1,0;1,0;0,5
./audios/SP_D2_333_2115.67219_2117.13392.wav;2115,67219;2117,13392;produziam coisas tão gostosas;produziam coisas tão gostosas;1,4617300000004434;produziam coisas tão gostosas;;[{'text': 'produziam', 'timestamp': (0.1, 0.42)}, {'text': 'coisas', 'timestamp': (0.5, 0.68)}, {'text': 'tão', 'timestamp': (0.76, 0.86)}, {'text': 'gostosas', 'timestamp': (0.92, 1.4)}];0,0;0,0;0,0;0,0
./audios/SP_D2_333_2117.13392_2117.99565.wav;2117,13392;2117,99565;aquela era produziu;aquela era produziu;0,8617299999996249;aquela era produziu;;[{'text': 'aquela', 'timestamp': (1.02, 1.2)}, {'text': 'era', 'timestamp': (1.22, 1.34)}, {'text': 'produziu', 'timestamp': (1.4, 1.72)}];0,0;0,0;0,0;0,0
./audios/SP_D2_333_2118.27808_2118.8846.wav;2118,27808;2118,8846;realmente;realmente;0,6065199999998185;realmente;;[{'text': 'realmente', 'timestamp': (1.08, 1.46)}];0,0;0,0;0,0;0,0
./audios/SP_D2_333_2119.23042_2119.68179.wav;2119,23042;2119,68179;hã hã;ah ah;0,45137000000022454;e eu;;[{'text': 'e', 'timestamp': (1.04, 1.06)}, {'text': 'eu', 'timestamp': (1.24, 1.38)}];1,0;1,0;1,0;0,8
./audios/SP_D2_333_2119.68179_2122.75009.wav;2119,68179;2122,75009;você se lembra daqueles filmes de Janet McDo::nald aquelas;você se lembra daqueles filmes de janet mcdonald aquelas;3,0682999999999083;você se lembra daqueles filmes da janet mark dona a ela;;[{'text': 'você', 'timestamp': (0.02, 0.12)}, {'text': 'se', 'timestamp': (0.2, 0.24)}, {'text': 'lembra', 'timestamp': (0.3, 0.5)}, {'text': 'daqueles', 'timestamp': (0.6, 0.86)}, {'text': 'filmes', 'timestamp': (1.0, 1.24)}, {'text': 'da', 'timestamp': (1.44, 1.48)}, {'text': 'janet', 'timestamp': (1.54, 1.7)}, {'text': 'mark', 'timestamp': (1.82, 1.94)}, {'text': 'dona', 'timestamp': (2.04, 2.44)}, {'text': 'a', 'timestamp': (2.58, 2.6)}, {'text': 'ela', 'timestamp': (2.68, 2.76)}];0,5555555555555556;0,45454545454545453;0,6363636363636365;0,17857142857142858
./audios/SP_D2_333_2123.06035_2123.67592.wav;2123,06035;2123,67592;LINdos;lindos;0,6155699999999342;iodos;;[{'text': 'iodos', 'timestamp': (1.08, 1.44)}];1,0;1,0;1,0;0,3333333333333333
./audios/SP_D2_333_2124.00183_2126.07202.wav;2124,00183;2126,07202;e depois cessou essa época;e depois cessou essa época;2,0701899999999114;e depois se só essa época;;[{'text': 'e', 'timestamp': (0.06, 0.08)}, {'text': 'depois', 'timestamp': (0.16, 0.44)}, {'text': 'se', 'timestamp': (0.58, 0.64)}, {'text': 'só', 'timestamp': (0.92, 0.98)}, {'text': 'essa', 'timestamp': (1.14, 1.36)}, {'text': 'época', 'timestamp': (1.56, 1.88)}];0,4;0,3333333333333333;0,4666666666666667;0,15384615384615385
./audios/SP_D2_333_2126.30828_2127.54998.wav;2126,30828;2127,54998;agora tão voltando;agora tão voltando;1,2416999999995824;agora estão voltando;;[{'text': 'agora', 'timestamp': (0.1, 0.42)}, {'text': 'estão', 'timestamp': (0.52, 0.68)}, {'text': 'voltando', 'timestamp': (0.78, 1.14)}];0,3333333333333333;0,3333333333333333;0,5555555555555556;0,1111111111111111
./audios/SP_D2_333_2127.54998_2129.83038.wav;2127,54998;2129,83038;parece com a ópera rock também [(que ela vem aí);parece com a ópera rock também que ela vem aí;2,2804000000000997;parece com a ópera rock também te pede;;[{'text': 'parece', 'timestamp': (0.08, 0.26)}, {'text': 'com', 'timestamp': (0.34, 0.4)}, {'text': 'a', 'timestamp': (0.46, 0.5)}, {'text': 'ópera', 'timestamp': (0.58, 0.88)}, {'text': 'rock', 'timestamp': (1.0, 1.2)}, {'text': 'também', 'timestamp': (1.34, 1.5)}, {'text': 'te', 'timestamp': (1.56, 1.6)}, {'text': 'pede', 'timestamp': (1.76, 2.14)}];0,4;0,4;0,55;0,24444444444444444
./audios/SP_D2_333_2130.5305_2130.82827.wav;2130,5305;2130,82827;[é;é;0,29777000000012777;a;;[{'text': 'a', 'timestamp': (2.24, 2.26)}];1,0;1,0;1,0;1,0
./audios/SP_D2_333_2131.99914_2132.30323.wav;2131,99914;2132,30323;(Tomy);tomy;0,30409000000008746;tome;;[{'text': 'tome', 'timestamp': (1.02, 1.22)}];1,0;1,0;1,0;0,25
./audios/SP_D2_333_2132.77323_2133.97267.wav;2132,77323;2133,97267;mas:: a::;mas a;1,1994400000003225;mas a;;[{'text': 'mas', 'timestamp': (0.2, 0.56)}, {'text': 'a', 'timestamp': (0.8, 0.82)}];0,0;0,0;0,0;0,0
./audios/SP_D2_333_2133.97267_2135.02979.wav;2133,97267;2135,02979;A Moreninha;a moreninha;1,0571199999999408;a moreninha;;[{'text': 'a', 'timestamp': (0.1, 0.12)}, {'text': 'moreninha', 'timestamp': (0.22, 0.76)}];0,0;0,0;0,0;0,0
./audios/SP_D2_333_2135.85944_2138.0.wav;2135,85944;2138,0;mais ou menos se encaixa naquela;mais ou menos se encaixa naquela;2,140559999999823;mais ou menos se encaixam naquela;;[{'text': 'mais', 'timestamp': (0.12, 0.3)}, {'text': 'ou', 'timestamp': (0.36, 0.4)}, {'text': 'menos', 'timestamp': (0.44, 0.62)}, {'text': 'se', 'timestamp': (0.72, 0.78)}, {'text': 'encaixam', 'timestamp': (0.84, 1.34)}, {'text': 'naquela', 'timestamp': (1.44, 1.86)}];0,16666666666666666;0,16666666666666666;0,30555555555555547;0,03125
./audios/SP_D2_333_2138.86853_2139.63758.wav;2138,86853;2139,63758;naquele filão;naquele filão;0,7690499999998792;naquele sil deu;;[{'text': 'naquele', 'timestamp': (1.04, 1.26)}, {'text': 'sil', 'timestamp': (1.36, 1.54)}, {'text': 'deu', 'timestamp': (1.56, 1.68)}];1,0;0,6666666666666666;0,8333333333333334;0,38461538461538464
./audios/SP_D2_333_2140.06329_2142.6834.wav;2140,06329;2142,6834;do musical norte-americano com olhar lírico;do musical norteamericano com olhar lírico;2,6201099999998405;o do musical norte americano como ele era lírico;;[{'text': 'o', 'timestamp': (0.08, 0.1)}, {'text': 'do', 'timestamp': (0.14, 0.2)}, {'text': 'musical', 'timestamp': (0.28, 0.66)}, {'text': 'norte', 'timestamp': (0.74, 0.96)}, {'text': 'americano', 'timestamp': (1.02, 1.5)}, {'text': 'como', 'timestamp': (1.58, 1.7)}, {'text': 'ele', 'timestamp': (1.74, 1.84)}, {'text': 'era', 'timestamp': (1.9, 1.98)}, {'text': 'lírico', 'timestamp': (2.1, 2.54)}];1,0;0,6666666666666666;0,8333333333333334;0,21428571428571427
./audios/SP_D2_333_2142.6834_2142.8959.wav;2142,6834;2142,8959;né?;né;0,21250000000009095;não;;[{'text': 'não', 'timestamp': (1.04, 1.14)}];1,0;1,0;1,0;1,0
./audios/SP_D2_333_2143.22982_2143.94419.wav;2143,22982;2143,94419;tão bonito;tão bonito;0,7143700000001445;tão bonito;;[{'text': 'tão', 'timestamp': (1.0, 1.1)}, {'text': 'bonito', 'timestamp': (1.18, 1.46)}];0,0;0,0;0,0;0,0
./audios/SP_D2_333_2154.98749_2155.40206.wav;2154,98749;2155,40206;olha;olha;0,4145699999999124;olha;;[{'text': 'olha', 'timestamp': (1.18, 1.36)}];0,0;0,0;0,0;0,0
./audios/SP_D2_333_2155.40206_2156.78206.wav;2155,40206;2156,78206;eu costumo dizer::;eu costumo dizer;1,3800000000001091;eu costumo dizer;;[{'text': 'eu', 'timestamp': (0.06, 0.14)}, {'text': 'costumo', 'timestamp': (0.24, 0.5)}, {'text': 'dizer', 'timestamp': (0.6, 0.9)}];0,0;0,0;0,0;0,0
./audios/SP_D2_333_2157.09531_2158.50105.wav;2157,09531;2158,50105;ao meu primo-irmão;ao meu primoirmão;1,405739999999696;ao meu pênis não;;[{'text': 'ao', 'timestamp': (0.06, 0.14)}, {'text': 'meu', 'timestamp': (0.28, 0.42)}, {'text': 'pênis', 'timestamp': (0.66, 1.04)}, {'text': 'não', 'timestamp': (1.16, 1.28)}];0,6666666666666666;0,5;0,6666666666666667;0,4117647058823529
./audios/SP_D2_333_2158.50105_2159.73124.wav;2158,50105;2159,73124;e mais irmão do que primo;e mais irmão do que primo;1,2301900000002206;e mais irmão do que primo;;[{'text': 'e', 'timestamp': (0.0, 0.06)}, {'text': 'mais', 'timestamp': (0.2, 0.36)}, {'text': 'irmão', 'timestamp': (0.42, 0.64)}, {'text': 'do', 'timestamp': (0.7, 0.74)}, {'text': 'que', 'timestamp': (0.76, 0.84)}, {'text': 'primo', 'timestamp': (1.0, 1.18)}];0,0;0,0;0,0;0,0
./audios/SP_D2_333_2159.73124_2160.49933.wav;2159,73124;2160,49933;e ao seu irmão;e ao seu irmão;0,7680900000000292;viajo servido no;;[{'text': 'viajo', 'timestamp': (1.0, 1.2)}, {'text': 'servido', 'timestamp': (1.28, 1.54)}, {'text': 'no', 'timestamp': (1.6, 1.7)}];1,0;1,0;1,0;0,6428571428571429
./audios/SP_D2_333_2161.33856_2161.955.wav;2161,33856;2161,955;(Miro Leal);miro leal;0,616439999999784;miroel;;[{'text': 'miroel', 'timestamp': (1.06, 1.46)}];1,0;1,0;1,0;0,3333333333333333
./audios/SP_D2_333_2162.42431_2162.69093.wav;2162,42431;2162,69093;éh;eh;0,26662000000033004;e;;[{'text': 'e', 'timestamp': (1.18, 1.2)}];1,0;1,0;1,0;0,5
./audios/SP_D2_333_2162.69093_2164.23048.wav;2162,69093;2164,23048;que eu gosto tanto de teatro;que eu gosto tanto de teatro;1,539549999999963;que eu gosto de dentro de teatro;;[{'text': 'que', 'timestamp': (0.02, 0.12)}, {'text': 'eu', 'timestamp': (0.14, 0.18)}, {'text': 'gosto', 'timestamp': (0.24, 0.4)}, {'text': 'de', 'timestamp': (0.48, 0.54)}, {'text': 'dentro', 'timestamp': (0.62, 0.82)}, {'text': 'de', 'timestamp': (0.92, 0.96)}, {'text': 'teatro', 'timestamp': (1.08, 1.46)}];0,3333333333333333;0,2857142857142857;0,40476190476190477;0,21428571428571427
./audios/SP_D2_333_2164.23048_2165.39687.wav;2164,23048;2165,39687;que não vou ao teatro;que não vou ao teatro;1,1663899999998648;que não vou ao teatro;;[{'text': 'que', 'timestamp': (0.02, 0.1)}, {'text': 'não', 'timestamp': (0.16, 0.26)}, {'text': 'vou', 'timestamp': (0.32, 0.42)}, {'text': 'ao', 'timestamp': (0.46, 0.5)}, {'text': 'teatro', 'timestamp': (0.6, 1.02)}];0,0;0,0;0,0;0,0
./audios/SP_D2_333_2165.67584_2167.03762.wav;2165,67584;2167,03762;(por) o teatro nacional;por o teatro nacional;1,3617800000001807;porque o teatro nacional;;[{'text': 'porque', 'timestamp': (0.0, 0.12)}, {'text': 'o', 'timestamp': (0.18, 0.2)}, {'text': 'teatro', 'timestamp': (0.26, 0.58)}, {'text': 'nacional', 'timestamp': (0.74, 1.16)}];0,25;0,25;0,4375;0,14285714285714285
./audios/SP_D2_333_2167.5407_2168.59246.wav;2167,5407;2168,59246;estar me desgostando;estar me desgostando;1,051759999999831;estava me desgostando;;[{'text': 'estava', 'timestamp': (0.06, 0.32)}, {'text': 'me', 'timestamp': (0.38, 0.42)}, {'text': 'desgostando', 'timestamp': (0.48, 1.0)}];0,3333333333333333;0,3333333333333333;0,5555555555555556;0,1
./audios/SP_D2_333_2168.59246_2170.55969.wav;2168,59246;2170,55969;de uns tempos para cá está me desgostando;de uns tempos para cá está me desgostando;1,9672300000001997;nós tempos para cá estava muito desgostando;;[{'text': 'nós', 'timestamp': (0.12, 0.2)}, {'text': 'tempos', 'timestamp': (0.24, 0.46)}, {'text': 'para', 'timestamp': (0.52, 0.66)}, {'text': 'cá', 'timestamp': (0.78, 0.84)}, {'text': 'estava', 'timestamp': (0.9, 1.14)}, {'text': 'muito', 'timestamp': (1.16, 1.28)}, {'text': 'desgostando', 'timestamp': (1.32, 1.78)}];0,5;0,5;0,7142857142857143;0,2926829268292683
./audios/SP_D2_333_2171.05701_2173.09016.wav;2171,05701;2173,09016;ao par de muitas coisas positivas;ao par de muitas coisas positivas;2,033150000000205;ao par de muitas coisas positivas;;[{'text': 'ao', 'timestamp': (0.1, 0.14)}, {'text': 'par', 'timestamp': (0.24, 0.38)}, {'text': 'de', 'timestamp': (0.46, 0.5)}, {'text': 'muitas', 'timestamp': (0.56, 0.78)}, {'text': 'coisas', 'timestamp': (0.9, 1.14)}, {'text': 'positivas', 'timestamp': (1.24, 1.82)}];0,0;0,0;0,0;0,0
./audios/SP_D2_333_2173.09016_2174.6369.wav;2173,09016;2174,6369;havia tanta coisa negativa;havia tanta coisa negativa;1,5467399999997724;havia tanta coisa negativa;;[{'text': 'havia', 'timestamp': (0.04, 0.24)}, {'text': 'tanta', 'timestamp': (0.32, 0.48)}, {'text': 'coisa', 'timestamp': (0.58, 0.76)}, {'text': 'negativa', 'timestamp': (0.82, 1.38)}];0,0;0,0;0,0;0,0
./audios/SP_D2_333_2175.66312_2176.37894.wav;2175,66312;2176,37894;hã::;ah;0,7158199999998942;e;;[{'text': 'e', 'timestamp': (1.16, 1.18)}];1,0;1,0;1,0;1,0
./audios/SP_D2_333_2176.37894_2181.77052.wav;2176,37894;2181,77052;que eu me sentia:: roubada de meus momentos de lazer e de descanso na minha casa;que eu me sentia roubada de meus momentos de lazer e de descanso na minha casa;5,391579999999976;que eu me sentia roubada dos meus momentos de lazer e de descanso na minha casa;;[{'text': 'que', 'timestamp': (0.1, 0.18)}, {'text': 'eu', 'timestamp': (0.2, 0.26)}, {'text': 'me', 'timestamp': (0.34, 0.38)}, {'text': 'sentia', 'timestamp': (0.48, 0.88)}, {'text': 'roubada', 'timestamp': (1.42, 1.94)}, {'text': 'dos', 'timestamp': (2.06, 2.18)}, {'text': 'meus', 'timestamp': (2.3, 2.44)}, {'text': 'momentos', 'timestamp': (2.52, 2.86)}, {'text': 'de', 'timestamp': (2.94, 3.02)}, {'text': 'lazer', 'timestamp': (3.1, 3.64)}, {'text': 'e', 'timestamp': (3.74, 3.76)}, {'text': 'de', 'timestamp': (3.8, 3.86)}, {'text': 'descanso', 'timestamp': (3.94, 4.42)}, {'text': 'na', 'timestamp': (4.5, 4.54)}, {'text': 'minha', 'timestamp': (4.62, 4.76)}, {'text': 'casa', 'timestamp': (4.9, 5.18)}];0,0625;0,0625;0,12109375;0,02564102564102564
./audios/SP_D2_333_2182.2638_2183.03129.wav;2182,2638;2183,03129;podendo ver na;podendo ver na;0,7674899999997251;podendo ver nada;;[{'text': 'podendo', 'timestamp': (1.04, 1.3)}, {'text': 'ver', 'timestamp': (1.4, 1.52)}, {'text': 'nada', 'timestamp': (1.58, 1.76)}];0,3333333333333333;0,3333333333333333;0,5555555555555556;0,14285714285714285
./audios/SP_D2_333_2183.20752_2184.30064.wav;2183,20752;2184,30064;na minha televisão;na minha televisão;1,093119999999999;na minha televisão;;[{'text': 'na', 'timestamp': (0.04, 0.1)}, {'text': 'minha', 'timestamp': (0.2, 0.36)}, {'text': 'televisão', 'timestamp': (0.42, 0.98)}];0,0;0,0;0,0;0,0
./audios/SP_D2_333_2184.90479_2185.53955.wav;2184,90479;2185,53955;enfim::;enfim;0,6347599999999147;ingira;;[{'text': 'ingira', 'timestamp': (1.08, 1.54)}];1,0;1,0;1,0;0,8
./audios/SP_D2_333_2185.53955_2187.50244.wav;2185,53955;2187,50244;opções para diversos canais;opções para diversos canais;1,9628900000002432;opções para diversos canais;;[{'text': 'opções', 'timestamp': (0.16, 0.6)}, {'text': 'para', 'timestamp': (0.76, 0.86)}, {'text': 'diversos', 'timestamp': (0.94, 1.3)}, {'text': 'canais', 'timestamp': (1.38, 1.74)}];0,0;0,0;0,0;0,0
./audios/SP_D2_333_2188.15377_2190.48868.wav;2188,15377;2190,48868;podendo PES::car alguma coisa boa;podendo pescar alguma coisa boa;2,3349100000000362;podendo pescar alguma coisa boa;;[{'text': 'podendo', 'timestamp': (0.06, 0.34)}, {'text': 'pescar', 'timestamp': (0.54, 1.14)}, {'text': 'alguma', 'timestamp': (1.22, 1.42)}, {'text': 'coisa', 'timestamp': (1.52, 1.74)}, {'text': 'boa', 'timestamp': (1.9, 2.16)}];0,0;0,0;0,0;0,0
./audios/SP_D2_333_2190.48868_2192.36729.wav;2190,48868;2192,36729;ficar duas horas sentadas;ficar duas horas sentadas;1,878610000000208;ficar duas horas sentadas;;[{'text': 'ficar', 'timestamp': (0.06, 0.28)}, {'text': 'duas', 'timestamp': (0.4, 0.6)}, {'text': 'horas', 'timestamp': (0.66, 0.88)}, {'text': 'sentadas', 'timestamp': (0.98, 1.72)}];0,0;0,0;0,0;0,0
./audios/SP_D2_333_2192.82565_2196.37075.wav;2192,82565;2196,37075;às vezes em teatros com plateias bastantes incômodas e (coisa);às vezes em teatros com plateias bastantes incômodas e coisa;3,5450999999998203;às vezes em teatros que em plates bastante incômoda as escolas;;[{'text': 'às', 'timestamp': (0.06, 0.14)}, {'text': 'vezes', 'timestamp': (0.24, 0.56)}, {'text': 'em', 'timestamp': (0.66, 0.72)}, {'text': 'teatros', 'timestamp': (0.84, 1.28)}, {'text': 'que', 'timestamp': (1.34, 1.4)}, {'text': 'em', 'timestamp': (1.42, 1.48)}, {'text': 'plates', 'timestamp': (1.5, 1.92)}, {'text': 'bastante', 'timestamp': (2.0, 2.3)}, {'text': 'incômoda', 'timestamp': (2.42, 2.94)}, {'text': 'as', 'timestamp': (2.98, 3.04)}, {'text': 'escolas', 'timestamp': (3.1, 3.4)}];0,7;0,6363636363636364;0,8545454545454545;0,23333333333333334
./audios/SP_D2_333_2196.73471_2197.429.wav;2196,73471;2197,429;vendo;vendo;0,6942899999999099;vendo;;[{'text': 'vendo', 'timestamp': (1.08, 1.4)}];0,0;0,0;0,0;0,0
./audios/SP_D2_333_2197.62715_2198.07861.wav;2197,62715;2198,07861;ah::;ah;0,4514600000002247;é;;[{'text': 'é', 'timestamp': (1.06, 1.08)}];1,0;1,0;1,0;1,0
./audios/SP_D2_333_2198.07861_2199.67449.wav;2198,07861;2199,67449;textos discutíveis;textos discutíveis;1,5958799999998519;textos discutíveis;;[{'text': 'textos', 'timestamp': (0.04, 0.4)}, {'text': 'discutíveis', 'timestamp': (0.48, 1.28)}];0,0;0,0;0,0;0,0
./audios/SP_D2_333_2199.96846_2201.45246.wav;2199,96846;2201,45246;interpretações sempre boas;interpretações sempre boas;1,4839999999999236;interpretações sempre boas;;[{'text': 'interpretações', 'timestamp': (0.08, 0.72)}, {'text': 'sempre', 'timestamp': (0.8, 1.0)}, {'text': 'boas', 'timestamp': (1.14, 1.36)}];0,0;0,0;0,0;0,0
./audios/SP_D2_333_2201.45246_2203.70198.wav;2201,45246;2203,70198;porque eu acho que nós temos grandes atores;porque eu acho que nós temos grandes atores;2,2495199999998476;porque eu acho que nós temos grandes atores;;[{'text': 'porque', 'timestamp': (0.02, 0.16)}, {'text': 'eu', 'timestamp': (0.18, 0.24)}, {'text': 'acho', 'timestamp': (0.26, 0.36)}, {'text': 'que', 'timestamp': (0.38, 0.46)}, {'text': 'nós', 'timestamp': (0.5, 0.58)}, {'text': 'temos', 'timestamp': (0.64, 0.82)}, {'text': 'grandes', 'timestamp': (0.9, 1.22)}, {'text': 'atores', 'timestamp': (1.3, 1.74)}];0,0;0,0;0,0;0,0
./audios/SP_D2_333_2203.70198_2205.42329.wav;2203,70198;2205,42329;eu acho que nós somos muito ricos;eu acho que nós somos muito ricos;1,7213100000003578;eu acho que nós somos muito ricos;;[{'text': 'eu', 'timestamp': (0.2, 0.32)}, {'text': 'acho', 'timestamp': (0.42, 0.52)}, {'text': 'que', 'timestamp': (0.54, 0.62)}, {'text': 'nós', 'timestamp': (0.64, 0.72)}, {'text': 'somos', 'timestamp': (0.8, 0.96)}, {'text': 'muito', 'timestamp': (1.04, 1.22)}, {'text': 'ricos', 'timestamp': (1.36, 1.64)}];0,0;0,0;0,0;0,0
./audios/SP_D2_333_2205.42329_2207.19094.wav;2205,42329;2207,19094;nesse material do a/ do ator;nesse material do a do ator;1,767649999999776;com esse material do do ator;;[{'text': 'com', 'timestamp': (0.02, 0.08)}, {'text': 'esse', 'timestamp': (0.1, 0.24)}, {'text': 'material', 'timestamp': (0.32, 0.7)}, {'text': 'do', 'timestamp': (0.8, 0.86)}, {'text': 'do', 'timestamp': (1.18, 1.24)}, {'text': 'ator', 'timestamp': (1.3, 1.6)}];0,5;0,42857142857142855;0,5555555555555556;0,2222222222222222
./audios/SP_D2_333_2207.49301_2209.13759.wav;2207,49301;2209,13759;direções ótimas;direções ótimas;1,644579999999678;direções ótimas;;[{'text': 'direções', 'timestamp': (0.16, 0.84)}, {'text': 'ótimas', 'timestamp': (1.0, 1.48)}];0,0;0,0;0,0;0,0
./audios/SP_D2_333_2209.13759_2210.63627.wav;2209,13759;2210,63627;mas às vezes textos;mas às vezes textos;1,4986800000001494;mas às vezes textos;;[{'text': 'mas', 'timestamp': (0.1, 0.24)}, {'text': 'às', 'timestamp': (0.32, 0.4)}, {'text': 'vezes', 'timestamp': (0.48, 0.76)}, {'text': 'textos', 'timestamp': (0.98, 1.42)}];0,0;0,0;0,0;0,0
./audios/SP_D2_333_2210.78122_2211.92702.wav;2210,78122;2211,92702;indigentes;indigentes;1,1458000000002357;um de gentes;;[{'text': 'um', 'timestamp': (0.04, 0.14)}, {'text': 'de', 'timestamp': (0.22, 0.28)}, {'text': 'gentes', 'timestamp': (0.42, 0.86)}];3,0;1,0;1,0;0,5
./audios/SP_D2_333_2212.32607_2213.68485.wav;2212,32607;2213,68485;Apelativos;apelativos;1,3587800000000243;apelativos;;[{'text': 'apelativos', 'timestamp': (0.1, 1.22)}];0,0;0,0;0,0;0,0
./audios/SP_D2_333_2214.69133_2216.99798.wav;2214,69133;2216,99798;então eu fiquei muito tempo sem ir ao teatro;então eu fiquei muito tempo sem ir ao teatro;2,3066499999999905;então eu fiquei muito tempo sem ir ao teatro;;[{'text': 'então', 'timestamp': (0.1, 0.4)}, {'text': 'eu', 'timestamp': (0.46, 0.5)}, {'text': 'fiquei', 'timestamp': (0.54, 0.72)}, {'text': 'muito', 'timestamp': (0.78, 0.9)}, {'text': 'tempo', 'timestamp': (1.0, 1.16)}, {'text': 'sem', 'timestamp': (1.28, 1.4)}, {'text': 'ir', 'timestamp': (1.5, 1.56)}, {'text': 'ao', 'timestamp': (1.6, 1.68)}, {'text': 'teatro', 'timestamp': (1.78, 2.22)}];0,0;0,0;0,0;0,0
./audios/SP_D2_333_2218.23894_2218.7653.wav;2218,23894;2218,7653;éh::;eh;0,5263599999998405;é;;[{'text': 'é', 'timestamp': (1.1, 1.12)}];1,0;1,0;1,0;1,0
./audios/SP_D2_333_2218.7653_2220.15989.wav;2218,7653;2220,15989;ultimamente;ultimamente;1,39458999999988;ultimamente;;[{'text': 'ultimamente', 'timestamp': (0.12, 0.94)}];0,0;0,0;0,0;0,0
./audios/SP_D2_333_2220.15989_2222.40902.wav;2220,15989;2222,40902;de coisas boas que eu tenho visto;de coisas boas que eu tenho visto;2,24913000000015;de coisas boas que eu tenha visto;;[{'text': 'de', 'timestamp': (0.04, 0.08)}, {'text': 'coisas', 'timestamp': (0.2, 0.5)}, {'text': 'boas', 'timestamp': (0.62, 0.84)}, {'text': 'que', 'timestamp': (0.94, 1.02)}, {'text': 'eu', 'timestamp': (1.04, 1.08)}, {'text': 'tenha', 'timestamp': (1.18, 1.34)}, {'text': 'visto', 'timestamp': (1.52, 2.0)}];0,14285714285714285;0,14285714285714285;0,26530612244897966;0,030303030303030304
./audios/SP_D2_333_2225.03406_2225.91777.wav;2225,03406;2225,91777;ah::;ah;0,8837100000000646;alma;;[{'text': 'alma', 'timestamp': (1.14, 1.52)}];1,0;1,0;1,0;1,5
./audios/SP_D2_333_2228.16845_2229.01073.wav;2228,16845;2229,01073;deixa eu ver;deixa eu ver;0,842279999999846;deixa ver;;[{'text': 'deixa', 'timestamp': (1.08, 1.28)}, {'text': 'ver', 'timestamp': (1.42, 1.56)}];0,3333333333333333;0,3333333333333333;0,33333333333333337;0,25
./audios/SP_D2_333_2229.45075_2229.92205.wav;2229,45075;2229,92205;(eu não);eu não;0,4713000000001557;eu não;;[{'text': 'eu', 'timestamp': (1.04, 1.14)}, {'text': 'não', 'timestamp': (1.22, 1.34)}];0,0;0,0;0,0;0,0
./audios/SP_D2_333_2230.3499_2232.41486.wav;2230,3499;2232,41486;quer dizer eu não poderia dizer assim a rigor;quer dizer eu não poderia dizer assim a rigor;2,064959999999701;quer dizer eu não poderia dizer assim a vigor;;[{'text': 'quer', 'timestamp': (0.04, 0.14)}, {'text': 'dizer', 'timestamp': (0.18, 0.34)}, {'text': 'eu', 'timestamp': (0.5, 0.58)}, {'text': 'não', 'timestamp': (0.6, 0.68)}, {'text': 'poderia', 'timestamp': (0.76, 1.04)}, {'text': 'dizer', 'timestamp': (1.12, 1.36)}, {'text': 'assim', 'timestamp': (1.42, 1.64)}, {'text': 'a', 'timestamp': (1.66, 1.68)}, {'text': 'vigor', 'timestamp': (1.76, 1.96)}];0,1111111111111111;0,1111111111111111;0,2098765432098766;0,022222222222222223
./audios/SP_D2_333_2232.41486_2234.19033.wav;2232,41486;2234,19033;porque muitos espetáculos me escaparam;porque muitos espetáculos me escaparam;1,7754700000000412;porque muitos espetáculos e escaparam;;[{'text': 'porque', 'timestamp': (0.0, 0.14)}, {'text': 'muitos', 'timestamp': (0.2, 0.38)}, {'text': 'espetáculos', 'timestamp': (0.5, 0.94)}, {'text': 'e', 'timestamp': (1.0, 1.02)}, {'text': 'escaparam', 'timestamp': (1.18, 1.68)}];0,2;0,2;0,3599999999999999;0,02631578947368421
./audios/SP_D2_333_2234.78188_2236.07767.wav;2234,78188;2236,07767;um deles que eu gostei;um deles que eu gostei;1,2957900000001246;um deles se eu gostei;;[{'text': 'um', 'timestamp': (0.1, 0.18)}, {'text': 'deles', 'timestamp': (0.26, 0.46)}, {'text': 'se', 'timestamp': (0.54, 0.6)}, {'text': 'eu', 'timestamp': (0.66, 0.72)}, {'text': 'gostei', 'timestamp': (0.78, 1.14)}];0,2;0,2;0,3599999999999999;0,09090909090909091
./audios/SP_D2_333_2236.33044_2238.32909.wav;2236,33044;2238,32909;mas que não é um espetáculo brasileiro;mas que não é um espetáculo brasileiro;1,9986499999999978;mas que não é um espetáculo brasileiro;;[{'text': 'mas', 'timestamp': (0.08, 0.2)}, {'text': 'que', 'timestamp': (0.28, 0.36)}, {'text': 'não', 'timestamp': (0.4, 0.48)}, {'text': 'é', 'timestamp': (0.54, 0.56)}, {'text': 'um', 'timestamp': (0.62, 0.66)}, {'text': 'espetáculo', 'timestamp': (0.7, 1.26)}, {'text': 'brasileiro', 'timestamp': (1.36, 1.9)}];0,0;0,0;0,0;0,0
./audios/SP_D2_333_2239.33969_2240.71112.wav;2239,33969;2240,71112;porque::;porque;1,3714300000001458;porque;;[{'text': 'porque', 'timestamp': (0.06, 0.46)}];0,0;0,0;0,0;0,0
./audios/SP_D2_333_2240.71112_2242.86669.wav;2240,71112;2242,86669;foi todo adapTAdo do::;foi todo adaptado do;2,155569999999898;foi todo adaptado do;;[{'text': 'foi', 'timestamp': (0.1, 0.22)}, {'text': 'todo', 'timestamp': (0.32, 0.46)}, {'text': 'adaptado', 'timestamp': (0.54, 1.26)}, {'text': 'do', 'timestamp': (1.4, 2.12)}];0,0;0,0;0,0;0,0
./audios/SP_D2_333_2242.86669_2243.68.wav;2242,86669;2243,68;do musical;do musical;0,8133100000000013;do musical;;[{'text': 'do', 'timestamp': (1.04, 1.1)}, {'text': 'musical', 'timestamp': (1.2, 1.72)}];0,0;0,0;0,0;0,0
./audios/SP_D2_333_2243.68_2244.66413.wav;2243,68;2244,66413;americano;americano;0,9841300000002775;americano;;[{'text': 'americano', 'timestamp': (1.26, 1.8)}];0,0;0,0;0,0;0,0
./audios/SP_D2_333_2244.76519_2246.34967.wav;2244,76519;2246,34967;foi o Dom Quixote;foi o dom quixote;1,584479999999985;foi o don t short;;[{'text': 'foi', 'timestamp': (0.16, 0.36)}, {'text': 'o', 'timestamp': (0.46, 0.48)}, {'text': 'don', 'timestamp': (0.56, 0.68)}, {'text': 't', 'timestamp': (0.72, 0.74)}, {'text': 'short', 'timestamp': (0.96, 1.36)}];0,75;0,6;0,8;0,4117647058823529
./audios/SP_D2_333_2246.94594_2247.88795.wav;2246,94594;2247,88795;com a Bibi [Ferreira;com a bibi ferreira;0,9420099999997547;qua bibi ferraça;;[{'text': 'qua', 'timestamp': (1.06, 1.14)}, {'text': 'bibi', 'timestamp': (1.18, 1.34)}, {'text': 'ferraça', 'timestamp': (1.46, 1.92)}];0,75;0,75;0,9166666666666666;0,3684210526315789
./audios/SP_D2_333_2248.73213_2249.0616.wav;2248,73213;2249,0616;[e;e;0,3294700000001285;não deixe;;[{'text': 'não', 'timestamp': (0.96, 1.06)}, {'text': 'deixe', 'timestamp': (1.1, 1.26)}];2,0;1,0;1,0;8,0
./audios/SP_D2_333_2250.99169_2251.35892.wav;2250,99169;2251,35892;sobre;sobre;0,3672300000002906;se li;;[{'text': 'se', 'timestamp': (1.1, 1.16)}, {'text': 'li', 'timestamp': (1.24, 1.32)}];2,0;1,0;1,0;0,8
./audios/SP_D2_333_2251.58488_2251.72972.wav;2251,58488;2251,72972;sob/;sob;0,14483999999993102;se;;[{'text': 'se', 'timestamp': (1.04, 1.1)}];1,0;1,0;1,0;0,6666666666666666
./audios/SP_D2_333_2251.72972_2252.20558.wav;2251,72972;2252,20558;eu não vi;eu não vi;0,4758600000000115;eu não vi;;[{'text': 'eu', 'timestamp': (1.06, 1.14)}, {'text': 'não', 'timestamp': (1.2, 1.28)}, {'text': 'vi', 'timestamp': (1.36, 1.4)}];0,0;0,0;0,0;0,0
./audios/SP_D2_333_2252.20558_2252.978.wav;2252,20558;2252,978;esse eu [não vi;esse eu não vi;0,7724200000002384;e se na gotosa;;[{'text': 'e', 'timestamp': (0.98, 1.0)}, {'text': 'se', 'timestamp': (1.14, 1.2)}, {'text': 'na', 'timestamp': (1.28, 1.32)}, {'text': 'gotosa', 'timestamp': (1.4, 1.74)}];1,0;1,0;1,0;0,6428571428571429
./audios/SP_D2_333_2252.978_2254.65722.wav;2252,978;2254,65722;( ) me [disseram que foi muito [bom;me disseram que foi muito bom;1,6792199999999866;foi interessante se era foi muito;;[{'text': 'foi', 'timestamp': (0.3, 0.36)}, {'text': 'interessante', 'timestamp': (0.4, 0.88)}, {'text': 'se', 'timestamp': (0.96, 1.1)}, {'text': 'era', 'timestamp': (1.12, 1.2)}, {'text': 'foi', 'timestamp': (1.28, 1.34)}, {'text': 'muito', 'timestamp': (1.42, 1.52)}];0,8333333333333334;0,7142857142857143;0,8888888888888888;0,7241379310344828
./audios/SP_D2_333_2255.52049_2256.43273.wav;2255,52049;2256,43273;sobre o Augusto dos Anjos;sobre o augusto dos anjos;0,9122400000001107;sobre alguns dos ecos;;[{'text': 'sobre', 'timestamp': (1.04, 1.18)}, {'text': 'alguns', 'timestamp': (1.22, 1.38)}, {'text': 'dos', 'timestamp': (1.42, 1.5)}, {'text': 'ecos', 'timestamp': (1.58, 1.78)}];0,6;0,6;0,8;0,36
./audios/SP_D2_333_2256.9957_2257.59733.wav;2256,9957;2257,59733;e vi;e vi;0,6016300000001138;ivi;;[{'text': 'ivi', 'timestamp': (1.06, 1.34)}];1,0;1,0;1,0;0,5
./audios/SP_D2_333_2257.59733_2258.56581.wav;2257,59733;2258,56581;um espetáculo;um espetáculo;0,9684799999999996;tem um espetáculo;;[{'text': 'tem', 'timestamp': (0.94, 1.06)}, {'text': 'um', 'timestamp': (1.12, 1.16)}, {'text': 'espetáculo', 'timestamp': (1.22, 1.94)}];0,5;0,3333333333333333;0,33333333333333337;0,3076923076923077
./audios/SP_D2_333_2259.24679_2259.43222.wav;2259,24679;2259,43222;éh;eh;0,18542999999999665;e;;[{'text': 'e', 'timestamp': (1.04, 1.06)}];1,0;1,0;1,0;0,5
./audios/SP_D2_333_2259.43222_2261.40934.wav;2259,43222;2261,40934;bastante contestável;bastante contestável;1,9771200000000135;bastante contestável;;[{'text': 'bastante', 'timestamp': (0.06, 0.74)}, {'text': 'contestável', 'timestamp': (0.98, 1.92)}];0,0;0,0;0,0;0,0
./audios/SP_D2_333_2261.40934_2262.56.wav;2261,40934;2262,56;porque bem::;porque bem;1,1506599999997889;porque bem;;[{'text': 'porque', 'timestamp': (0.16, 0.38)}, {'text': 'bem', 'timestamp': (0.6, 0.88)}];0,0;0,0;0,0;0,0
./audios/SP_D2_333_2263.97236_2265.59388.wav;2263,97236;2265,59388;dentro daquele esquema do;dentro daquele esquema do;1,6215199999996912;dentro daquele esquema do;;[{'text': 'dentro', 'timestamp': (0.1, 0.3)}, {'text': 'daquele', 'timestamp': (0.4, 0.72)}, {'text': 'esquema', 'timestamp': (0.78, 1.28)}, {'text': 'do', 'timestamp': (1.4, 1.48)}];0,0;0,0;0,0;0,0
./audios/SP_D2_333_2266.41176_2267.76.wav;2266,41176;2267,76;do teatro do palavrão;do teatro do palavrão;1,34824000000026;do teatro do palavrão;;[{'text': 'do', 'timestamp': (0.04, 0.1)}, {'text': 'teatro', 'timestamp': (0.2, 0.54)}, {'text': 'do', 'timestamp': (0.62, 0.66)}, {'text': 'palavrão', 'timestamp': (0.74, 1.3)}];0,0;0,0;0,0;0,0
./audios/SP_D2_333_2268.10373_2268.94354.wav;2268,10373;2268,94354;pelo palavrão;pelo palavrão;0,8398100000003978;pelo palavrão;;[{'text': 'pelo', 'timestamp': (1.04, 1.2)}, {'text': 'palavrão', 'timestamp': (1.26, 1.68)}];0,0;0,0;0,0;0,0
./audios/SP_D2_333_2269.69681_2271.81617.wav;2269,69681;2271,81617;mas MUIto bem interpretado;mas muito bem interpretado;2,1193600000001425;mas muito bem interpretado;;[{'text': 'mas', 'timestamp': (0.04, 0.16)}, {'text': 'muito', 'timestamp': (0.4, 0.76)}, {'text': 'bem', 'timestamp': (0.94, 1.1)}, {'text': 'interpretado', 'timestamp': (1.2, 1.98)}];0,0;0,0;0,0;0,0
./audios/SP_D2_333_2271.97974_2273.42773.wav;2271,97974;2273,42773;que é Roda Cor de Roda;que é roda cor de roda;1,4479899999996633;que a fada cor de volta;;[{'text': 'que', 'timestamp': (0.04, 0.12)}, {'text': 'a', 'timestamp': (0.16, 0.18)}, {'text': 'fada', 'timestamp': (0.26, 0.48)}, {'text': 'cor', 'timestamp': (0.58, 0.7)}, {'text': 'de', 'timestamp': (0.76, 0.8)}, {'text': 'volta', 'timestamp': (0.9, 1.24)}];0,5;0,5;0,75;0,2727272727272727
./audios/SP_D2_333_2275.57926_2275.74822.wav;2275,57926;2275,74822;éh;eh;0,16895999999997002;na;;[{'text': 'na', 'timestamp': (1.02, 1.1)}];1,0;1,0;1,0;1,0
./audios/SP_D2_333_2275.74822_2277.77682.wav;2275,74822;2277,77682;com a interpretação maior de uma atriz;com a interpretação maior de uma atriz;2,0286000000000968;com a interpretação maior de uma atriz;;[{'text': 'com', 'timestamp': (0.04, 0.12)}, {'text': 'a', 'timestamp': (0.18, 0.2)}, {'text': 'interpretação', 'timestamp': (0.22, 0.84)}, {'text': 'maior', 'timestamp': (0.94, 1.26)}, {'text': 'de', 'timestamp': (1.38, 1.44)}, {'text': 'uma', 'timestamp': (1.48, 1.56)}, {'text': 'atriz', 'timestamp': (1.58, 1.94)}];0,0;0,0;0,0;0,0
./audios/SP_D2_333_2277.77682_2278.79092.wav;2277,77682;2278,79092;Irene Ravache;irene ravache;1,0140999999998712;perene e rasas;;[{'text': 'perene', 'timestamp': (0.02, 0.28)}, {'text': 'e', 'timestamp': (0.34, 0.36)}, {'text': 'rasas', 'timestamp': (0.44, 0.84)}];1,5;1,0;1,0;0,6153846153846154
./audios/SP_D2_333_2278.79092_2279.49873.wav;2278,79092;2279,49873;que este ano;que este ano;0,7078099999998813;questi ano;;[{'text': 'questi', 'timestamp': (1.04, 1.36)}, {'text': 'ano', 'timestamp': (1.46, 1.62)}];0,6666666666666666;0,6666666666666666;0,8333333333333334;0,25
./audios/SP_D2_333_2280.10153_2280.46692.wav;2280,10153;2280,46692;tirou;tirou;0,36538999999993393;tiro;;[{'text': 'tiro', 'timestamp': (1.02, 1.26)}];1,0;1,0;1,0;0,2
./audios/SP_D2_333_2280.72446_2281.46024.wav;2280,72446;2281,46024;o prêmio;o prêmio;0,735779999999977;o prêmio;;[{'text': 'o', 'timestamp': (1.08, 1.1)}, {'text': 'prêmio', 'timestamp': (1.22, 1.6)}];0,0;0,0;0,0;0,0
./audios/SP_D2_333_2281.9501_2282.85506.wav;2281,9501;2282,85506;da pê cê á;da pê cê á;0,9049599999998463;dapeciá;;[{'text': 'dapeciá', 'timestamp': (1.0, 1.58)}];1,0;1,0;1,0;0,5
./audios/SP_D2_333_2283.34671_2284.54739.wav;2283,34671;2284,54739;de melhor atriz;de melhor atriz;1,200680000000375;de melhor atriz;;[{'text': 'de', 'timestamp': (0.1, 0.14)}, {'text': 'melhor', 'timestamp': (0.24, 0.54)}, {'text': 'atriz', 'timestamp': (0.6, 1.0)}];0,0;0,0;0,0;0,0
./audios/SP_D2_333_2284.9642_2286.64071.wav;2284,9642;2286,64071;tirou o prêmio da pê cê á;tirou o prêmio da pê cê á;1,6765100000002349;tirou o prêmio da pesca;;[{'text': 'tirou', 'timestamp': (0.04, 0.26)}, {'text': 'o', 'timestamp': (0.32, 0.34)}, {'text': 'prêmio', 'timestamp': (0.46, 0.74)}, {'text': 'da', 'timestamp': (0.82, 0.88)}, {'text': 'pesca', 'timestamp': (1.04, 1.46)}];0,42857142857142855;0,42857142857142855;0,5428571428571429;0,2
./audios/SP_D2_333_2286.64071_2288.27111.wav;2286,64071;2288,27111;de melhor atriz de televisão;de melhor atriz de televisão;1,6304000000000087;que melhor a atriz de televisão;;[{'text': 'que', 'timestamp': (0.04, 0.1)}, {'text': 'melhor', 'timestamp': (0.16, 0.42)}, {'text': 'a', 'timestamp': (0.46, 0.48)}, {'text': 'atriz', 'timestamp': (0.52, 0.8)}, {'text': 'de', 'timestamp': (0.86, 0.9)}, {'text': 'televisão', 'timestamp': (0.96, 1.42)}];0,4;0,3333333333333333;0,4666666666666667;0,14285714285714285
./audios/SP_D2_333_2288.61058_2289.92185.wav;2288,61058;2289,92185;e tirou o Molière agora;e tirou o molire agora;1,3112700000001496;e tirou o mulher agora;;[{'text': 'e', 'timestamp': (0.0, 0.02)}, {'text': 'tirou', 'timestamp': (0.12, 0.34)}, {'text': 'o', 'timestamp': (0.4, 0.42)}, {'text': 'mulher', 'timestamp': (0.5, 0.84)}, {'text': 'agora', 'timestamp': (0.94, 1.22)}];0,2;0,2;0,3599999999999999;0,18181818181818182
./audios/SP_D2_333_2291.07652_2291.94886.wav;2291,07652;2291,94886;essa::;essa;0,8723399999998946;essa;;[{'text': 'essa', 'timestamp': (1.04, 1.44)}];0,0;0,0;0,0;0,0
./audios/SP_D2_333_2291.94886_2292.81049.wav;2291,94886;2292,81049;atriz;atriz;0,8616299999998773;a triste;;[{'text': 'a', 'timestamp': (1.12, 1.14)}, {'text': 'triste', 'timestamp': (1.38, 1.76)}];2,0;1,0;1,0;0,8
./audios/SP_D2_333_2292.81049_2294.6988.wav;2292,81049;2294,6988;revelou-se realmente neste ano;revelouse realmente neste ano;1,8883100000002742;revelou-se realmente neste ano;;[{'text': 'revelou-se', 'timestamp': (0.24, 0.82)}, {'text': 'realmente', 'timestamp': (0.92, 1.3)}, {'text': 'neste', 'timestamp': (1.4, 1.6)}, {'text': 'ano', 'timestamp': (1.68, 1.76)}];0,25;0,25;0,4375;0,034482758620689655
./audios/SP_D2_333_2295.84635_2297.78775.wav;2295,84635;2297,78775;fazendo um papel duma::;fazendo um papel duma;1,9414000000001579;fazendo um papel de uma;;[{'text': 'fazendo', 'timestamp': (0.16, 0.48)}, {'text': 'um', 'timestamp': (0.56, 0.62)}, {'text': 'papel', 'timestamp': (0.7, 1.12)}, {'text': 'de', 'timestamp': (1.26, 1.32)}, {'text': 'uma', 'timestamp': (1.36, 1.48)}];0,5;0,4;0,55;0,09523809523809523
./audios/SP_D2_333_2298.4427_2300.52.wav;2298,4427;2300,52;parece que (era) Amélia Batalha;parece que era amélia batalha;2,077299999999923;parece que isto era amélia batalha;;[{'text': 'parece', 'timestamp': (0.06, 0.22)}, {'text': 'que', 'timestamp': (0.24, 0.3)}, {'text': 'isto', 'timestamp': (0.32, 0.44)}, {'text': 'era', 'timestamp': (0.46, 0.56)}, {'text': 'amélia', 'timestamp': (0.68, 1.26)}, {'text': 'batalha', 'timestamp': (1.34, 1.98)}];0,2;0,16666666666666666;0,16666666666666663;0,1724137931034483
./audios/SP_D2_333_2301.63973_2303.65599.wav;2301,63973;2303,65599;é um texto de Leilah Assunção;é um texto de leilah assunção;2,0162600000003295;é um texto de lei da assunção;;[{'text': 'é', 'timestamp': (0.08, 0.1)}, {'text': 'um', 'timestamp': (0.22, 0.28)}, {'text': 'texto', 'timestamp': (0.46, 0.7)}, {'text': 'de', 'timestamp': (0.78, 0.84)}, {'text': 'lei', 'timestamp': (0.9, 1.0)}, {'text': 'da', 'timestamp': (1.06, 1.12)}, {'text': 'assunção', 'timestamp': (1.2, 1.82)}];0,3333333333333333;0,2857142857142857;0,40476190476190477;0,10344827586206896
./audios/SP_D2_333_2304.2144_2305.67542.wav;2304,2144;2305,67542;bastante discutível;bastante discutível;1,4610200000001896;bastante discutível;;[{'text': 'bastante', 'timestamp': (0.06, 0.42)}, {'text': 'discutível', 'timestamp': (0.54, 1.14)}];0,0;0,0;0,0;0,0
./audios/SP_D2_333_2307.31591_2310.19529.wav;2307,31591;2310,19529;em que ela faz a análise do:::;em que ela faz a análise do;2,8793800000003102;em que ela faz a análise do;;[{'text': 'em', 'timestamp': (0.12, 0.22)}, {'text': 'que', 'timestamp': (0.34, 0.4)}, {'text': 'ela', 'timestamp': (0.5, 0.6)}, {'text': 'faz', 'timestamp': (0.78, 1.02)}, {'text': 'a', 'timestamp': (1.1, 1.12)}, {'text': 'análise', 'timestamp': (1.22, 1.78)}, {'text': 'do', 'timestamp': (1.96, 2.04)}];0,0;0,0;0,0;0,0
./audios/SP_D2_333_2310.19529_2312.09558.wav;2310,19529;2312,09558;da guerra entre os sexos;da guerra entre os sexos;1,900290000000041;da guerra entre os sexos;;[{'text': 'da', 'timestamp': (0.12, 0.2)}, {'text': 'guerra', 'timestamp': (0.32, 0.64)}, {'text': 'entre', 'timestamp': (0.78, 0.98)}, {'text': 'os', 'timestamp': (1.04, 1.08)}, {'text': 'sexos', 'timestamp': (1.2, 1.74)}];0,0;0,0;0,0;0,0
./audios/SP_D2_333_2312.56002_2313.20361.wav;2312,56002;2313,20361;hã:::;ah;0,6435900000001311;ah;;[{'text': 'ah', 'timestamp': (1.12, 1.18)}];0,0;0,0;0,0;0,0
./audios/SP_D2_333_2313.20361_2313.94808.wav;2313,20361;2313,94808;do papel;do papel;0,7444700000000921;do papel;;[{'text': 'do', 'timestamp': (1.08, 1.14)}, {'text': 'papel', 'timestamp': (1.24, 1.62)}];0,0;0,0;0,0;0,0
./audios/SP_D2_333_2314.40987_2315.04178.wav;2314,40987;2315,04178;que a mulher;que a mulher;0,6319100000000617;que a mulher;;[{'text': 'que', 'timestamp': (0.96, 1.06)}, {'text': 'a', 'timestamp': (1.1, 1.14)}, {'text': 'mulher', 'timestamp': (1.18, 1.48)}];0,0;0,0;0,0;0,0
./audios/SP_D2_333_2315.44388_2315.77727.wav;2315,44388;2315,77727;éh;eh;0,3333900000002359;bem;;[{'text': 'bem', 'timestamp': (1.1, 1.24)}];1,0;1,0;1,0;1,0
./audios/SP_D2_333_2315.77727_2316.99483.wav;2315,77727;2316,99483;poderia ter::;poderia ter;1,2175600000000486;poderia ter;;[{'text': 'poderia', 'timestamp': (0.06, 0.42)}, {'text': 'ter', 'timestamp': (0.6, 0.84)}];0,0;0,0;0,0;0,0
./audios/SP_D2_333_2316.99483_2318.14368.wav;2316,99483;2318,14368;deveria ter::;deveria ter;1,1488500000000386;que viria ter;;[{'text': 'que', 'timestamp': (0.0, 0.14)}, {'text': 'viria', 'timestamp': (0.18, 0.5)}, {'text': 'ter', 'timestamp': (0.74, 0.98)}];1,0;0,6666666666666666;0,8333333333333334;0,36363636363636365
./audios/SP_D2_333_2318.14368_2319.33229.wav;2318,14368;2319,33229;que lhe é rouBAdo;que lhe é roubado;1,1886099999996986;que ele é roubado;;[{'text': 'que', 'timestamp': (0.02, 0.08)}, {'text': 'ele', 'timestamp': (0.1, 0.22)}, {'text': 'é', 'timestamp': (0.28, 0.3)}, {'text': 'roubado', 'timestamp': (0.42, 0.92)}];0,25;0,25;0,4375;0,11764705882352941
./audios/SP_D2_333_2320.35062_2322.26139.wav;2320,35062;2322,26139;então ela coloca a mulher::;então ela coloca a mulher;1,9107699999999568;então ela coloca a mulher;;[{'text': 'então', 'timestamp': (0.22, 0.58)}, {'text': 'ela', 'timestamp': (0.66, 0.74)}, {'text': 'coloca', 'timestamp': (0.86, 1.26)}, {'text': 'a', 'timestamp': (1.32, 1.34)}, {'text': 'mulher', 'timestamp': (1.42, 1.7)}];0,0;0,0;0,0;0,0
./audios/SP_D2_333_2322.65238_2324.75775.wav;2322,65238;2324,75775;primeiro a a a éh a mulher obJEto;primeiro a a a eh a mulher objeto;2,105370000000221;primeiro amor era objeto;;[{'text': 'primeiro', 'timestamp': (0.04, 0.32)}, {'text': 'amor', 'timestamp': (1.22, 1.36)}, {'text': 'era', 'timestamp': (1.44, 1.52)}, {'text': 'objeto', 'timestamp': (1.56, 2.0)}];0,75;0,75;0,875;0,3939393939393939
./audios/SP_D2_333_2325.051_2326.70522.wav;2325,051;2326,70522;--mas sempre num sentido caricatural;mas sempre num sentido caricatural;1,6542199999998957;mas sempre de um sentido caricatural;;[{'text': 'mas', 'timestamp': (0.04, 0.14)}, {'text': 'sempre', 'timestamp': (0.2, 0.38)}, {'text': 'de', 'timestamp': (0.46, 0.5)}, {'text': 'um', 'timestamp': (0.54, 0.58)}, {'text': 'sentido', 'timestamp': (0.66, 0.92)}, {'text': 'caricatural', 'timestamp': (1.02, 1.54)}];0,4;0,3333333333333333;0,4666666666666667;0,08823529411764706
./audios/SP_D2_333_2326.70522_2328.02859.wav;2326,70522;2328,02859;uma visão caricatural da coisa--;uma visão caricatural da coisa;1,323370000000068;uma visão caricatural da coisa;;[{'text': 'uma', 'timestamp': (0.02, 0.08)}, {'text': 'visão', 'timestamp': (0.14, 0.34)}, {'text': 'caricatural', 'timestamp': (0.42, 0.94)}, {'text': 'da', 'timestamp': (1.0, 1.06)}, {'text': 'coisa', 'timestamp': (1.16, 1.28)}];0,0;0,0;0,0;0,0
./audios/SP_D2_333_2328.02859_2329.03706.wav;2328,02859;2329,03706;a mulher objeto;a mulher objeto;1,0084700000002158;a mulher objeto;;[{'text': 'a', 'timestamp': (0.02, 0.04)}, {'text': 'mulher', 'timestamp': (0.14, 0.3)}, {'text': 'objeto', 'timestamp': (0.4, 0.86)}];0,0;0,0;0,0;0,0
./audios/SP_D2_333_2329.50821_2332.04565.wav;2329,50821;2332,04565;depois a mulher que percebe que o marido tem amante;depois a mulher que percebe que o marido tem amante;2,5374400000000605;depois a mulher que percebe que o marido tenha amante;;[{'text': 'depois', 'timestamp': (0.18, 0.42)}, {'text': 'a', 'timestamp': (0.48, 0.5)}, {'text': 'mulher', 'timestamp': (0.56, 0.74)}, {'text': 'que', 'timestamp': (0.8, 0.88)}, {'text': 'percebe', 'timestamp': (0.96, 1.3)}, {'text': 'que', 'timestamp': (1.36, 1.42)}, {'text': 'o', 'timestamp': (1.46, 1.48)}, {'text': 'marido', 'timestamp': (1.54, 1.74)}, {'text': 'tenha', 'timestamp': (1.9, 2.04)}, {'text': 'amante', 'timestamp': (2.12, 2.4)}];0,1;0,1;0,18999999999999995;0,058823529411764705
./audios/SP_D2_333_2332.34641_2334.1059.wav;2332,34641;2334,1059;aí resolve se vingar;aí resolve se vingar;1,7594899999999143;aí resolve se vingar;;[{'text': 'aí', 'timestamp': (0.08, 0.14)}, {'text': 'resolve', 'timestamp': (0.3, 0.76)}, {'text': 'se', 'timestamp': (0.94, 0.98)}, {'text': 'vingar', 'timestamp': (1.1, 1.5)}];0,0;0,0;0,0;0,0
./audios/SP_D2_333_2334.82774_2337.1826.wav;2334,82774;2337,1826;e aí ela passa para o lugar da amante;e aí ela passa para o lugar da amante;2,354859999999917;e aí ela passa para o lugar da mente;;[{'text': 'e', 'timestamp': (0.08, 0.1)}, {'text': 'aí', 'timestamp': (0.2, 0.28)}, {'text': 'ela', 'timestamp': (0.4, 0.5)}, {'text': 'passa', 'timestamp': (0.68, 0.92)}, {'text': 'para', 'timestamp': (1.02, 1.14)}, {'text': 'o', 'timestamp': (1.16, 1.18)}, {'text': 'lugar', 'timestamp': (1.24, 1.44)}, {'text': 'da', 'timestamp': (1.52, 1.58)}, {'text': 'mente', 'timestamp': (1.68, 1.98)}];0,1111111111111111;0,1111111111111111;0,2098765432098766;0,05405405405405406
./audios/SP_D2_333_2338.67598_2340.17211.wav;2338,67598;2340,17211;depois a mulher;depois a mulher;1,4961299999999937;depois a mulher;;[{'text': 'depois', 'timestamp': (0.14, 0.7)}, {'text': 'a', 'timestamp': (0.88, 0.9)}, {'text': 'mulher', 'timestamp': (1.0, 1.34)}];0,0;0,0;0,0;0,0
./audios/SP_D2_333_2340.64708_2342.93819.wav;2340,64708;2342,93819;tão acima dos preconceitos;tão acima dos preconceitos;2,2911099999996623;estão lá acima dos preconceitos;;[{'text': 'estão', 'timestamp': (0.0, 0.2)}, {'text': 'lá', 'timestamp': (0.24, 0.28)}, {'text': 'acima', 'timestamp': (0.34, 0.74)}, {'text': 'dos', 'timestamp': (0.84, 0.94)}, {'text': 'preconceitos', 'timestamp': (1.04, 1.9)}];0,5;0,4;0,55;0,19230769230769232
./audios/SP_D2_333_2343.68985_2346.56848.wav;2343,68985;2346,56848;que passa a viver em comum com a amante do marido;que passa a viver em comum com a amante do marido;2,8786299999997027;que passa a viver em como o comante do marido;;[{'text': 'que', 'timestamp': (0.04, 0.12)}, {'text': 'passa', 'timestamp': (0.28, 0.66)}, {'text': 'a', 'timestamp': (0.92, 0.94)}, {'text': 'viver', 'timestamp': (1.08, 1.32)}, {'text': 'em', 'timestamp': (1.34, 1.44)}, {'text': 'como', 'timestamp': (1.54, 1.7)}, {'text': 'o', 'timestamp': (1.82, 1.84)}, {'text': 'comante', 'timestamp': (1.88, 2.26)}, {'text': 'do', 'timestamp': (2.36, 2.4)}, {'text': 'marido', 'timestamp': (2.46, 2.74)}];0,36363636363636365;0,36363636363636365;0,5545454545454546;0,14285714285714285
./audios/SP_D2_333_2347.07264_2349.48211.wav;2347,07264;2349,48211;aí então é a forma da:::;aí então é a forma da;2,4094700000000557;aí então é a forma da;;[{'text': 'aí', 'timestamp': (0.16, 0.26)}, {'text': 'então', 'timestamp': (0.4, 0.7)}, {'text': 'é', 'timestamp': (0.8, 0.82)}, {'text': 'a', 'timestamp': (0.9, 0.92)}, {'text': 'forma', 'timestamp': (1.04, 1.32)}, {'text': 'da', 'timestamp': (1.42, 1.48)}];0,0;0,0;0,0;0,0
./audios/SP_D2_333_2349.48211_2350.97731.wav;2349,48211;2350,97731;do homossexualismo feminino;do homossexualismo feminino;1,4952000000002954;do homossexualismo feminino;;[{'text': 'do', 'timestamp': (0.02, 0.06)}, {'text': 'homossexualismo', 'timestamp': (0.08, 0.74)}, {'text': 'feminino', 'timestamp': (0.86, 1.22)}];0,0;0,0;0,0;0,0
./audios/SP_D2_333_2352.14183_2352.76522.wav;2352,14183;2352,76522;que ela;que ela;0,6233900000001995;que ela era;;[{'text': 'que', 'timestamp': (1.08, 1.14)}, {'text': 'ela', 'timestamp': (1.16, 1.28)}, {'text': 'era', 'timestamp': (1.36, 1.5)}];0,5;0,3333333333333333;0,33333333333333337;0,5714285714285714
./audios/SP_D2_333_2353.18082_2353.7968.wav;2353,18082;2353,7968;que ela cari/;que ela cari;0,6159800000000359;que era carina;;[{'text': 'que', 'timestamp': (1.02, 1.08)}, {'text': 'era', 'timestamp': (1.1, 1.18)}, {'text': 'carina', 'timestamp': (1.24, 1.5)}];0,6666666666666666;0,6666666666666666;0,8888888888888888;0,25
./audios/SP_D2_333_2353.7968_2354.03777.wav;2353,7968;2354,03777;ah;ah;0,24096999999983382;e;;[{'text': 'e', 'timestamp': (1.04, 1.06)}];1,0;1,0;1,0;1,0
./audios/SP_D2_333_2354.03777_2355.23435.wav;2354,03777;2355,23435;faz uma caricatura;faz uma caricatura;1,1965800000002673;faz uma caricatura;;[{'text': 'faz', 'timestamp': (0.06, 0.14)}, {'text': 'uma', 'timestamp': (0.2, 0.26)}, {'text': 'caricatura', 'timestamp': (0.3, 0.84)}];0,0;0,0;0,0;0,0
./audios/SP_D2_333_2356.39969_2358.54467.wav;2356,39969;2358,54467;e depois de todos esses jogos;e depois de todos esses jogos;2,1449800000000323;e depois de todos esses jogos;;[{'text': 'e', 'timestamp': (0.16, 0.18)}, {'text': 'depois', 'timestamp': (0.28, 0.6)}, {'text': 'de', 'timestamp': (0.64, 0.68)}, {'text': 'todos', 'timestamp': (0.82, 1.0)}, {'text': 'esses', 'timestamp': (1.06, 1.3)}, {'text': 'jogos', 'timestamp': (1.42, 1.78)}];0,0;0,0;0,0;0,0
./audios/SP_D2_333_2359.00249_2359.68104.wav;2359,00249;2359,68104;--hã::;ah;0,6785500000000866;ah;;[{'text': 'ah', 'timestamp': (1.18, 1.4)}];0,0;0,0;0,0;0,0
./audios/SP_D2_333_2359.68104_2361.29974.wav;2359,68104;2361,29974;da mulher:: objeto;da mulher objeto;1,6186999999999898;da mulher objerto;;[{'text': 'da', 'timestamp': (0.08, 0.14)}, {'text': 'mulher', 'timestamp': (0.22, 0.58)}, {'text': 'objerto', 'timestamp': (0.96, 1.56)}];0,3333333333333333;0,3333333333333333;0,5555555555555556;0,0625
./audios/SP_D2_333_2361.29974_2362.16633.wav;2361,29974;2362,16633;a mulher;a mulher;0,8665900000000875;sua mulher;;[{'text': 'sua', 'timestamp': (0.88, 1.08)}, {'text': 'mulher', 'timestamp': (1.16, 1.54)}];0,5;0,5;0,75;0,25
./audios/SP_D2_333_2362.16633_2362.70589.wav;2362,16633;2362,70589;hã;ah;0,539560000000165;amo;;[{'text': 'amo', 'timestamp': (1.04, 1.38)}];1,0;1,0;1,0;1,0
./audios/SP_D2_333_2362.70589_2364.74154.wav;2362,70589;2364,74154;libertando-se sexualmente;libertandose sexualmente;2,035649999999805;libertando-se sexualmente;;[{'text': 'libertando-se', 'timestamp': (0.12, 0.84)}, {'text': 'sexualmente', 'timestamp': (0.98, 1.8)}];0,5;0,5;0,75;0,041666666666666664
./audios/SP_D2_333_2365.28929_2365.9877.wav;2365,28929;2365,9877;e e e;e e e;0,6984099999999671;e;;[{'text': 'e', 'timestamp': (1.1, 1.12)}];0,6666666666666666;0,6666666666666666;0,6666666666666667;0,8
./audios/SP_D2_333_2365.9877_2366.87063.wav;2365,9877;2366,87063;tendo amantes;tendo amantes;0,8829299999997602;cabamentos;;[{'text': 'cabamentos', 'timestamp': (1.0, 1.76)}];1,0;1,0;1,0;0,6153846153846154
./audios/SP_D2_333_2366.87063_2368.0397.wav;2366,87063;2368,0397;e depois a mulher::;e depois a mulher;1,1690699999999197;e depois a mulher;;[{'text': 'e', 'timestamp': (0.06, 0.08)}, {'text': 'depois', 'timestamp': (0.16, 0.46)}, {'text': 'a', 'timestamp': (0.52, 0.54)}, {'text': 'mulher', 'timestamp': (0.62, 0.9)}];0,0;0,0;0,0;0,0
./audios/SP_D2_333_2368.40759_2369.69111.wav;2368,40759;2369,69111;também seguindo;também seguindo;1,283520000000408;também se tudo;;[{'text': 'também', 'timestamp': (0.12, 0.42)}, {'text': 'se', 'timestamp': (0.8, 0.86)}, {'text': 'tudo', 'timestamp': (0.98, 1.18)}];1,0;0,6666666666666666;0,8333333333333334;0,26666666666666666
./audios/SP_D2_333_2370.11233_2371.5894.wav;2370,11233;2371,5894;uma tendência anômala;uma tendência anômala;1,4770699999999124;uma tendência anúmula;;[{'text': 'uma', 'timestamp': (0.06, 0.16)}, {'text': 'tendência', 'timestamp': (0.28, 0.9)}, {'text': 'anúmula', 'timestamp': (0.96, 1.4)}];0,3333333333333333;0,3333333333333333;0,5555555555555556;0,09523809523809523
./audios/SP_D2_333_2371.86886_2372.60464.wav;2371,86886;2372,60464;do sexo;do sexo;0,735779999999977;do sexo;;[{'text': 'do', 'timestamp': (1.08, 1.16)}, {'text': 'sexo', 'timestamp': (1.32, 1.66)}];0,0;0,0;0,0;0,0
./audios/SP_D2_333_2372.60464_2373.95069.wav;2372,60464;2373,95069;que seria o mesmo sexo--;que seria o mesmo sexo;1,3460500000001048;seria o mesmo sexo;;[{'text': 'seria', 'timestamp': (0.18, 0.4)}, {'text': 'o', 'timestamp': (0.42, 0.44)}, {'text': 'mesmo', 'timestamp': (0.5, 0.66)}, {'text': 'sexo', 'timestamp': (0.78, 1.12)}];0,2;0,2;0,19999999999999996;0,18181818181818182
./audios/SP_D2_333_2374.47678_2375.65909.wav;2374,47678;2375,65909;depois disso tudo;depois disso tudo;1,1823100000001432;depois deixa tudo;;[{'text': 'depois', 'timestamp': (0.14, 0.34)}, {'text': 'deixa', 'timestamp': (0.4, 0.58)}, {'text': 'tudo', 'timestamp': (0.72, 0.92)}];0,3333333333333333;0,3333333333333333;0,5555555555555556;0,23529411764705882
./audios/SP_D2_333_2375.65909_2378.11648.wav;2375,65909;2378,11648;os três:: protagonistas se encontram;os três protagonistas se encontram;2,457390000000032;os três protagonistas se encontram;;[{'text': 'os', 'timestamp': (0.16, 0.24)}, {'text': 'três', 'timestamp': (0.4, 0.64)}, {'text': 'protagonistas', 'timestamp': (1.1, 1.76)}, {'text': 'se', 'timestamp': (1.82, 1.86)}, {'text': 'encontram', 'timestamp': (1.94, 2.36)}];0,0;0,0;0,0;0,0
./audios/SP_D2_333_2379.09242_2380.30646.wav;2379,09242;2380,30646;para chegar à conclusão;para chegar à conclusão;1,2140399999998408;para chegar à conclusão;;[{'text': 'para', 'timestamp': (0.04, 0.16)}, {'text': 'chegar', 'timestamp': (0.28, 0.52)}, {'text': 'à', 'timestamp': (0.56, 0.58)}, {'text': 'conclusão', 'timestamp': (0.66, 1.08)}];0,0;0,0;0,0;0,0
./audios/SP_D2_333_2380.60428_2382.41206.wav;2380,60428;2382,41206;de que a vida é uma::;de que a vida é uma;1,8077800000000934;acho que a vida é uma;;[{'text': 'acho', 'timestamp': (0.06, 0.16)}, {'text': 'que', 'timestamp': (0.2, 0.3)}, {'text': 'a', 'timestamp': (0.34, 0.38)}, {'text': 'vida', 'timestamp': (0.44, 0.66)}, {'text': 'é', 'timestamp': (0.76, 0.78)}, {'text': 'uma', 'timestamp': (0.88, 1.02)}];0,16666666666666666;0,16666666666666666;0,30555555555555547;0,21052631578947367
./audios/SP_D2_333_2383.03633_2384.04189.wav;2383,03633;2384,04189;é uma inutilidade;é uma inutilidade;1,0055600000000595;é a mesma utilidade;;[{'text': 'é', 'timestamp': (0.06, 0.08)}, {'text': 'a', 'timestamp': (0.12, 0.14)}, {'text': 'mesma', 'timestamp': (0.18, 0.32)}, {'text': 'utilidade', 'timestamp': (0.36, 0.92)}];1,0;0,75;0,9166666666666666;0,4117647058823529
./audios/SP_D2_333_2384.04189_2385.4636.wav;2384,04189;2385,4636;de que a vida está toda errada;de que a vida está toda errada;1,4217100000000755;e ficar de data toda errada;;[{'text': 'e', 'timestamp': (0.0, 0.02)}, {'text': 'ficar', 'timestamp': (0.18, 0.32)}, {'text': 'de', 'timestamp': (0.38, 0.5)}, {'text': 'data', 'timestamp': (0.54, 0.7)}, {'text': 'toda', 'timestamp': (0.76, 0.94)}, {'text': 'errada', 'timestamp': (0.96, 1.32)}];0,7142857142857143;0,7142857142857143;0,9047619047619048;0,4
./audios/SP_D2_333_2386.02848_2389.14211.wav;2386,02848;2389,14211;que há que recomeçar em algum lugar alguma coisa nova;que há que recomeçar em algum lugar alguma coisa nova;3,11362999999983;que há que recomeçar em algum lugar alguma coisa nova;;[{'text': 'que', 'timestamp': (0.02, 0.1)}, {'text': 'há', 'timestamp': (0.18, 0.22)}, {'text': 'que', 'timestamp': (0.48, 0.56)}, {'text': 'recomeçar', 'timestamp': (0.64, 1.26)}, {'text': 'em', 'timestamp': (1.38, 1.42)}, {'text': 'algum', 'timestamp': (1.48, 1.7)}, {'text': 'lugar', 'timestamp': (1.78, 2.04)}, {'text': 'alguma', 'timestamp': (2.14, 2.34)}, {'text': 'coisa', 'timestamp': (2.44, 2.64)}, {'text': 'nova', 'timestamp': (2.74, 2.98)}];0,0;0,0;0,0;0,0
./audios/SP_D2_333_2389.62446_2391.70899.wav;2389,62446;2391,70899;porque o jogo está completamente errado;porque o jogo está completamente errado;2,084530000000086;e que o jogo está completamente errado;;[{'text': 'e', 'timestamp': (0.02, 0.04)}, {'text': 'que', 'timestamp': (0.28, 0.34)}, {'text': 'o', 'timestamp': (0.4, 0.44)}, {'text': 'jogo', 'timestamp': (0.54, 0.7)}, {'text': 'está', 'timestamp': (0.78, 0.9)}, {'text': 'completamente', 'timestamp': (0.98, 1.5)}, {'text': 'errado', 'timestamp': (1.58, 1.96)}];0,3333333333333333;0,2857142857142857;0,40476190476190477;0,07692307692307693
./audios/SP_D2_333_2392.20136_2393.49316.wav;2392,20136;2393,49316;é uma comédia engraçada;é uma comédia engraçada;1,2917999999999665;é uma comédia engraçada;;[{'text': 'é', 'timestamp': (0.12, 0.14)}, {'text': 'uma', 'timestamp': (0.18, 0.26)}, {'text': 'comédia', 'timestamp': (0.32, 0.58)}, {'text': 'engraçada', 'timestamp': (0.64, 1.2)}];0,0;0,0;0,0;0,0
./audios/SP_D2_333_2393.49316_2395.13371.wav;2393,49316;2395,13371;e ao mesmo tempo muito amar::ga;e ao mesmo tempo muito amarga;1,6405500000000757;e ao mesmo tempo mofa marca;;[{'text': 'e', 'timestamp': (0.06, 0.08)}, {'text': 'ao', 'timestamp': (0.14, 0.2)}, {'text': 'mesmo', 'timestamp': (0.22, 0.36)}, {'text': 'tempo', 'timestamp': (0.42, 0.56)}, {'text': 'mofa', 'timestamp': (0.62, 0.86)}, {'text': 'marca', 'timestamp': (1.02, 1.42)}];0,3333333333333333;0,3333333333333333;0,5555555555555556;0,20689655172413793
./audios/SP_D2_333_2395.13371_2396.16931.wav;2395,13371;2396,16931;na sua solução;na sua solução;1,0356000000001586;na sua solução;;[{'text': 'na', 'timestamp': (0.06, 0.1)}, {'text': 'sua', 'timestamp': (0.22, 0.32)}, {'text': 'solução', 'timestamp': (0.42, 0.8)}];0,0;0,0;0,0;0,0
./audios/SP_D2_333_2396.6775_2399.24936.wav;2396,6775;2399,24936;mas com essa interpretação maior da Irene Ravache;mas com essa interpretação maior da irene ravache;2,571860000000015;mas com essa interpretação maior da ideia em rabat;;[{'text': 'mas', 'timestamp': (0.16, 0.22)}, {'text': 'com', 'timestamp': (0.32, 0.38)}, {'text': 'essa', 'timestamp': (0.42, 0.58)}, {'text': 'interpretação', 'timestamp': (0.62, 1.26)}, {'text': 'maior', 'timestamp': (1.38, 1.68)}, {'text': 'da', 'timestamp': (1.78, 1.84)}, {'text': 'ideia', 'timestamp': (1.9, 2.1)}, {'text': 'em', 'timestamp': (2.14, 2.18)}, {'text': 'rabat', 'timestamp': (2.2, 2.48)}];0,375;0,3333333333333333;0,5;0,1836734693877551
./audios/SP_D2_333_2399.6926_2401.6391.wav;2399,6926;2401,6391;eu acho que é a única coisa que eu devo de assinalar;eu acho que é a única coisa que eu devo de assinalar;1,9465000000000146;eu acho que é a única coisa que eu devo de assinalar;;[{'text': 'eu', 'timestamp': (0.02, 0.1)}, {'text': 'acho', 'timestamp': (0.14, 0.26)}, {'text': 'que', 'timestamp': (0.28, 0.34)}, {'text': 'é', 'timestamp': (0.36, 0.38)}, {'text': 'a', 'timestamp': (0.4, 0.42)}, {'text': 'única', 'timestamp': (0.46, 0.64)}, {'text': 'coisa', 'timestamp': (0.74, 0.88)}, {'text': 'que', 'timestamp': (0.96, 1.02)}, {'text': 'eu', 'timestamp': (1.04, 1.1)}, {'text': 'devo', 'timestamp': (1.14, 1.26)}, {'text': 'de', 'timestamp': (1.32, 1.36)}, {'text': 'assinalar', 'timestamp': (1.42, 1.84)}];0,0;0,0;0,0;0,0
./audios/SP_D2_333_2402.33853_2402.92937.wav;2402,33853;2402,92937;agora;agora;0,5908399999998437;agora;;[{'text': 'agora', 'timestamp': (1.12, 1.48)}];0,0;0,0;0,0;0,0
./audios/SP_D2_333_2402.92937_2405.40231.wav;2402,92937;2405,40231;outro dia esteve aqui na minha casa me visitando;outro dia esteve aqui na minha casa me visitando;2,472940000000108;outro dia esteve aqui na minha casa me visitando;;[{'text': 'outro', 'timestamp': (0.1, 0.3)}, {'text': 'dia', 'timestamp': (0.42, 0.56)}, {'text': 'esteve', 'timestamp': (0.66, 0.9)}, {'text': 'aqui', 'timestamp': (0.98, 1.1)}, {'text': 'na', 'timestamp': (1.16, 1.2)}, {'text': 'minha', 'timestamp': (1.26, 1.38)}, {'text': 'casa', 'timestamp': (1.48, 1.68)}, {'text': 'me', 'timestamp': (1.76, 1.8)}, {'text': 'visitando', 'timestamp': (1.9, 2.3)}];0,0;0,0;0,0;0,0
./audios/SP_D2_333_2405.40231_2406.91098.wav;2405,40231;2406,91098;uma autora teatral jovem;uma autora teatral jovem;1,5086700000001656;uma autora teatral jovem;;[{'text': 'uma', 'timestamp': (0.08, 0.18)}, {'text': 'autora', 'timestamp': (0.22, 0.64)}, {'text': 'teatral', 'timestamp': (0.74, 1.08)}, {'text': 'jovem', 'timestamp': (1.22, 1.44)}];0,0;0,0;0,0;0,0
./audios/SP_D2_333_2406.91098_2407.56965.wav;2406,91098;2407,56965;que eu não conheço;que eu não conheço;0,6586699999998018;eu não conheço;;[{'text': 'eu', 'timestamp': (1.06, 1.1)}, {'text': 'não', 'timestamp': (1.16, 1.22)}, {'text': 'conheço', 'timestamp': (1.3, 1.64)}];0,25;0,25;0,25;0,2222222222222222
./audios/SP_D2_333_2407.56965_2409.51436.wav;2407,56965;2409,51436;não conhecia e fiquei conhecendo pessoalmente;não conhecia e fiquei conhecendo pessoalmente;1,9447100000002138;não conhecia fiquei conhecendo pessoalmente;;[{'text': 'não', 'timestamp': (0.1, 0.18)}, {'text': 'conhecia', 'timestamp': (0.26, 0.62)}, {'text': 'fiquei', 'timestamp': (0.68, 0.8)}, {'text': 'conhecendo', 'timestamp': (0.86, 1.12)}, {'text': 'pessoalmente', 'timestamp': (1.22, 1.72)}];0,16666666666666666;0,16666666666666666;0,16666666666666663;0,044444444444444446
./audios/SP_D2_333_2409.83212_2411.17056.wav;2409,83212;2411,17056;Consuelo de Castro;consuelo de castro;1,3384399999999914;consuelo de castro;;[{'text': 'consuelo', 'timestamp': (0.08, 0.52)}, {'text': 'de', 'timestamp': (0.58, 0.64)}, {'text': 'castro', 'timestamp': (0.78, 1.24)}];0,0;0,0;0,0;0,0
./audios/SP_D2_333_2411.87271_2413.41366.wav;2411,87271;2413,41366;ela veio me trazer um;ela veio me trazer um;1,5409500000000662;ela vem me trazer um;;[{'text': 'ela', 'timestamp': (0.1, 0.22)}, {'text': 'vem', 'timestamp': (0.32, 0.46)}, {'text': 'me', 'timestamp': (0.54, 0.58)}, {'text': 'trazer', 'timestamp': (0.68, 1.08)}, {'text': 'um', 'timestamp': (1.18, 1.24)}];0,2;0,2;0,3599999999999999;0,09523809523809523
./audios/SP_D2_333_2413.84438_2414.73663.wav;2413,84438;2414,73663;um caso especial;um caso especial;0,8922499999998763;o caso especial;;[{'text': 'o', 'timestamp': (1.02, 1.04)}, {'text': 'caso', 'timestamp': (1.14, 1.34)}, {'text': 'especial', 'timestamp': (1.42, 1.82)}];0,3333333333333333;0,3333333333333333;0,5555555555555556;0,125
./audios/SP_D2_333_2414.73663_2415.75001.wav;2414,73663;2415,75001;que ela escreveu para a Globo;que ela escreveu para a globo;1,0133800000003248;que a escrever o pra globo;;[{'text': 'que', 'timestamp': (0.0, 0.12)}, {'text': 'a', 'timestamp': (0.14, 0.16)}, {'text': 'escrever', 'timestamp': (0.2, 0.42)}, {'text': 'o', 'timestamp': (0.44, 0.46)}, {'text': 'pra', 'timestamp': (0.5, 0.58)}, {'text': 'globo', 'timestamp': (0.66, 0.9)}];0,6666666666666666;0,6666666666666666;0,8888888888888888;0,27586206896551724
./audios/SP_D2_333_2416.18727_2418.32131.wav;2416,18727;2418,32131;inclusive me pediu que colocasse na Globo;inclusive me pediu que colocasse na globo;2,1340399999999136;inclusive me pediu que colocasse no globo;;[{'text': 'inclusive', 'timestamp': (0.08, 0.36)}, {'text': 'me', 'timestamp': (0.42, 0.48)}, {'text': 'pediu', 'timestamp': (0.52, 0.68)}, {'text': 'que', 'timestamp': (0.74, 0.8)}, {'text': 'colocasse', 'timestamp': (0.9, 1.5)}, {'text': 'no', 'timestamp': (1.58, 1.66)}, {'text': 'globo', 'timestamp': (1.72, 2.0)}];0,14285714285714285;0,14285714285714285;0,26530612244897966;0,024390243902439025
./audios/SP_D2_333_2418.32131_2419.00655.wav;2418,32131;2419,00655;o que eu fiz;o que eu fiz;0,685240000000249;o que eu fiz;;[{'text': 'o', 'timestamp': (1.1, 1.12)}, {'text': 'que', 'timestamp': (1.18, 1.26)}, {'text': 'eu', 'timestamp': (1.3, 1.34)}, {'text': 'fiz', 'timestamp': (1.44, 1.62)}];0,0;0,0;0,0;0,0
./audios/SP_D2_333_2419.00655_2419.41196.wav;2419,00655;2419,41196;já;já;0,40540999999984706;já;;[{'text': 'já', 'timestamp': (1.08, 1.14)}];0,0;0,0;0,0;0,0
./audios/SP_D2_333_2419.85839_2420.38187.wav;2419,85839;2420,38187;e eu li;e eu li;0,5234800000002906;eu li;;[{'text': 'eu', 'timestamp': (1.14, 1.2)}, {'text': 'li', 'timestamp': (1.28, 1.34)}];0,3333333333333333;0,3333333333333333;0,33333333333333337;0,2857142857142857
./audios/SP_D2_333_2420.38187_2421.82425.wav;2420,38187;2421,82425;o texto da Consuelo;o texto da consuelo;1,4423799999999574;o texto da coseira;;[{'text': 'o', 'timestamp': (0.08, 0.1)}, {'text': 'texto', 'timestamp': (0.26, 0.6)}, {'text': 'da', 'timestamp': (0.72, 0.78)}, {'text': 'coseira', 'timestamp': (0.88, 1.3)}];0,25;0,25;0,4375;0,2631578947368421
./audios/SP_D2_333_2422.43379_2423.45546.wav;2422,43379;2423,45546;e gostei muito;e gostei muito;1,0216700000000856;e gostei muito;;[{'text': 'e', 'timestamp': (0.04, 0.06)}, {'text': 'gostei', 'timestamp': (0.16, 0.46)}, {'text': 'muito', 'timestamp': (0.54, 0.8)}];0,0;0,0;0,0;0,0
./audios/SP_D2_333_2424.40867_2425.92242.wav;2424,40867;2425,92242;é uma autora teatral;é uma autora teatral;1,5137500000000728;é uma autora teatral;;[{'text': 'é', 'timestamp': (0.06, 0.08)}, {'text': 'uma', 'timestamp': (0.14, 0.22)}, {'text': 'autora', 'timestamp': (0.38, 0.76)}, {'text': 'teatral', 'timestamp': (0.92, 1.36)}];0,0;0,0;0,0;0,0
./audios/SP_D2_333_2425.92242_2427.87528.wav;2425,92242;2427,87528;que já também obteve prêmio Molière;que já também obteve prêmio molire;1,952860000000328;que já também obteve o prémio no olhar;;[{'text': 'que', 'timestamp': (0.04, 0.12)}, {'text': 'já', 'timestamp': (0.16, 0.22)}, {'text': 'também', 'timestamp': (0.3, 0.52)}, {'text': 'obteve', 'timestamp': (0.6, 0.96)}, {'text': 'o', 'timestamp': (0.98, 1.0)}, {'text': 'prémio', 'timestamp': (1.08, 1.28)}, {'text': 'no', 'timestamp': (1.36, 1.4)}, {'text': 'olhar', 'timestamp': (1.48, 1.86)}];0,6666666666666666;0,5;0,6666666666666667;0,2647058823529412
./audios/SP_D2_333_2427.87528_2429.29181.wav;2427,87528;2429,29181;obteve diversos prêmios;obteve diversos prêmios;1,416529999999966;e teve diversas frentes;;[{'text': 'e', 'timestamp': (0.08, 0.1)}, {'text': 'teve', 'timestamp': (0.16, 0.3)}, {'text': 'diversas', 'timestamp': (0.38, 0.78)}, {'text': 'frentes', 'timestamp': (0.94, 1.24)}];1,3333333333333333;1,0;1,0;0,34782608695652173
./audios/SP_D2_333_2429.80028_2432.17575.wav;2429,80028;2432,17575;engraçado a gente notar que no nosso teatro;engraçado a gente notar que no nosso teatro;2,3754699999999502;engraçado a gente nota que no nosso teatro;;[{'text': 'engraçado', 'timestamp': (0.06, 0.56)}, {'text': 'a', 'timestamp': (0.62, 0.64)}, {'text': 'gente', 'timestamp': (0.7, 0.84)}, {'text': 'nota', 'timestamp': (0.88, 1.22)}, {'text': 'que', 'timestamp': (1.24, 1.32)}, {'text': 'no', 'timestamp': (1.38, 1.44)}, {'text': 'nosso', 'timestamp': (1.5, 1.72)}, {'text': 'teatro', 'timestamp': (1.86, 2.26)}];0,125;0,125;0,234375;0,023255813953488372
./audios/SP_D2_333_2433.38288_2437.13954.wav;2433,38288;2437,13954;a mulher parece que está tomando [um lugar bem positivo;a mulher parece que está tomando um lugar bem positivo;3,7566600000000108;a mulher parece que está tomando um lugar bem positivo;;[{'text': 'a', 'timestamp': (0.1, 0.12)}, {'text': 'mulher', 'timestamp': (0.22, 0.52)}, {'text': 'parece', 'timestamp': (0.68, 1.04)}, {'text': 'que', 'timestamp': (1.14, 1.24)}, {'text': 'está', 'timestamp': (1.28, 1.52)}, {'text': 'tomando', 'timestamp': (1.9, 2.2)}, {'text': 'um', 'timestamp': (2.26, 2.34)}, {'text': 'lugar', 'timestamp': (2.38, 2.66)}, {'text': 'bem', 'timestamp': (2.8, 2.92)}, {'text': 'positivo', 'timestamp': (3.04, 3.66)}];0,0;0,0;0,0;0,0
./audios/SP_D2_333_2437.13954_2437.42062.wav;2437,13954;2437,42062;não?;não;0,2810799999997471;o;;[{'text': 'o', 'timestamp': (1.04, 1.06)}];1,0;1,0;1,0;0,6666666666666666
./audios/SP_D2_333_2438.52672_2439.59475.wav;2438,52672;2439,59475;ela está::;ela está;1,0680300000003626;elas estão;;[{'text': 'elas', 'timestamp': (0.1, 0.22)}, {'text': 'estão', 'timestamp': (0.3, 0.58)}];1,0;1,0;1,0;0,375
./audios/SP_D2_333_2439.59475_2440.92016.wav;2439,59475;2440,92016;aparecendo assim;aparecendo assim;1,3254099999999198;aparecendo assim;;[{'text': 'aparecendo', 'timestamp': (0.08, 0.68)}, {'text': 'assim', 'timestamp': (0.76, 1.0)}];0,0;0,0;0,0;0,0
./audios/SP_D2_333_2441.21087_2442.62229.wav;2441,21087;2442,62229;com tudo bem positivo;com tudo bem positivo;1,4114199999999073;tudo bem positivo;;[{'text': 'tudo', 'timestamp': (0.22, 0.42)}, {'text': 'bem', 'timestamp': (0.5, 0.6)}, {'text': 'positivo', 'timestamp': (0.68, 1.2)}];0,25;0,25;0,25;0,19047619047619047
./audios/SP_D2_333_2443.57156_2444.24685.wav;2443,57156;2444,24685;no mais Isa;no mais isa;0,6752900000001318;o mais isso até;;[{'text': 'o', 'timestamp': (1.04, 1.08)}, {'text': 'mais', 'timestamp': (1.14, 1.36)}, {'text': 'isso', 'timestamp': (1.46, 1.62)}, {'text': 'até', 'timestamp': (1.68, 1.78)}];1,0;0,75;0,9166666666666666;0,5454545454545454
./audios/SP_D2_333_2444.24685_2447.48931.wav;2444,24685;2447,48931;você viu alguma coisa além dessa espetáculo de Augusto dos Anjos?;você viu alguma coisa além dessa espetáculo de augusto dos anjos;3,2424599999999373;você viu alguma coisa além dessa espetáculo de agosto dos anos;;[{'text': 'você', 'timestamp': (0.08, 0.22)}, {'text': 'viu', 'timestamp': (0.48, 0.62)}, {'text': 'alguma', 'timestamp': (0.72, 0.92)}, {'text': 'coisa', 'timestamp': (1.02, 1.18)}, {'text': 'além', 'timestamp': (1.28, 1.46)}, {'text': 'dessa', 'timestamp': (1.54, 1.74)}, {'text': 'espetáculo', 'timestamp': (1.84, 2.34)}, {'text': 'de', 'timestamp': (2.36, 2.4)}, {'text': 'agosto', 'timestamp': (2.5, 2.68)}, {'text': 'dos', 'timestamp': (2.76, 2.82)}, {'text': 'anos', 'timestamp': (2.88, 3.1)}];0,18181818181818182;0,18181818181818182;0,3305785123966941;0,046875
./audios/SP_D2_333_2448.55435_2450.31844.wav;2448,55435;2450,31844;não tenho [( );não tenho;1,7640900000001238;tem a teresa teatro também;;[{'text': 'tem', 'timestamp': (0.38, 0.46)}, {'text': 'a', 'timestamp': (0.6, 0.62)}, {'text': 'teresa', 'timestamp': (0.8, 1.12)}, {'text': 'teatro', 'timestamp': (1.22, 1.48)}, {'text': 'também', 'timestamp': (1.56, 1.72)}];2,5;1,0;1,0;2,4444444444444446
./audios/SP_D2_333_2454.13935_2454.70658.wav;2454,13935;2454,70658;[é::;é;0,5672300000001087;e se possível;;[{'text': 'e', 'timestamp': (1.04, 1.06)}, {'text': 'se', 'timestamp': (1.16, 1.22)}, {'text': 'possível', 'timestamp': (1.28, 1.62)}];3,0;1,0;1,0;13,0
./audios/SP_D2_333_2456.97513_2457.54546.wav;2456,97513;2457,54546;[(ai credo);ai credo;0,5703300000000127;tive;;[{'text': 'tive', 'timestamp': (1.2, 1.46)}];1,0;1,0;1,0;0,75
./audios/SP_D2_333_2461.40333_2463.43836.wav;2461,40333;2463,43836;eu já disse para Isa que ela tem cara de milionária;eu já disse para isa que ela tem cara de milionária;2,035030000000006;eu já disse pra isso é que ela tem cara de milionária;;[{'text': 'eu', 'timestamp': (0.04, 0.1)}, {'text': 'já', 'timestamp': (0.14, 0.2)}, {'text': 'disse', 'timestamp': (0.24, 0.36)}, {'text': 'pra', 'timestamp': (0.4, 0.5)}, {'text': 'isso', 'timestamp': (0.56, 0.66)}, {'text': 'é', 'timestamp': (0.68, 0.7)}, {'text': 'que', 'timestamp': (0.72, 0.78)}, {'text': 'ela', 'timestamp': (0.8, 0.86)}, {'text': 'tem', 'timestamp': (0.92, 1.0)}, {'text': 'cara', 'timestamp': (1.12, 1.28)}, {'text': 'de', 'timestamp': (1.34, 1.38)}, {'text': 'milionária', 'timestamp': (1.48, 1.88)}];0,2727272727272727;0,25;0,38636363636363635;0,09803921568627451
./audios/SP_D2_333_2463.43836_2464.2483.wav;2463,43836;2464,2483;porque eu graças a Deus;porque eu graças a deus;0,8099400000000969;que graça do sul;;[{'text': 'que', 'timestamp': (1.06, 1.18)}, {'text': 'graça', 'timestamp': (1.26, 1.56)}, {'text': 'do', 'timestamp': (1.66, 1.7)}, {'text': 'sul', 'timestamp': (1.74, 2.0)}];1,0;1,0;1,0;0,5217391304347826
./audios/SP_D2_333_2464.2483_2465.18263.wav;2464,2483;2465,18263;--deixa eu bater no na--;deixa eu bater no na;0,9343299999995907;justa batelada;;[{'text': 'justa', 'timestamp': (1.0, 1.18)}, {'text': 'batelada', 'timestamp': (1.3, 1.76)}];1,0;1,0;1,0;0,65
./audios/SP_D2_333_2465.18263_2466.72046.wav;2465,18263;2466,72046;eu não fui assaltada;eu não fui assaltada;1,5378300000002127;eu não fui a sala;;[{'text': 'eu', 'timestamp': (0.06, 0.1)}, {'text': 'não', 'timestamp': (0.16, 0.22)}, {'text': 'fui', 'timestamp': (0.3, 0.36)}, {'text': 'a', 'timestamp': (0.42, 0.44)}, {'text': 'sala', 'timestamp': (0.5, 0.86)}];0,5;0,4;0,55;0,2
./audios/SP_D2_333_2472.90281_2473.78933.wav;2472,90281;2473,78933;pior é que ela mora;pior é que ela mora;0,8865200000000186;e olha que ela mora;;[{'text': 'e', 'timestamp': (1.04, 1.06)}, {'text': 'olha', 'timestamp': (1.12, 1.22)}, {'text': 'que', 'timestamp': (1.26, 1.34)}, {'text': 'ela', 'timestamp': (1.36, 1.44)}, {'text': 'mora', 'timestamp': (1.56, 1.74)}];0,4;0,4;0,64;0,2631578947368421
./audios/SP_D2_333_2473.96315_2475.05759.wav;2473,96315;2475,05759;pertinho da rua Augusta;pertinho da rua augusta;1,0944399999998495;percinta como eu gosto;;[{'text': 'percinta', 'timestamp': (0.2, 0.54)}, {'text': 'como', 'timestamp': (0.6, 0.7)}, {'text': 'eu', 'timestamp': (0.72, 0.78)}, {'text': 'gosto', 'timestamp': (0.86, 1.02)}];1,0;1,0;1,0;0,5652173913043478
./audios/SP_D2_333_2475.05759_2477.29798.wav;2475,05759;2477,29798;não mora nenhum:: lugar assim ermo;não mora nenhum lugar assim ermo;2,240389999999934;não mora em nenhum lugar cimeiro;;[{'text': 'não', 'timestamp': (0.02, 0.1)}, {'text': 'mora', 'timestamp': (0.14, 0.24)}, {'text': 'em', 'timestamp': (0.28, 0.32)}, {'text': 'nenhum', 'timestamp': (0.36, 0.56)}, {'text': 'lugar', 'timestamp': (1.14, 1.4)}, {'text': 'cimeiro', 'timestamp': (1.62, 2.14)}];0,5;0,42857142857142855;0,5555555555555556;0,28125
./audios/SP_D2_333_2477.29798_2477.56837.wav;2477,29798;2477,56837;né?;né;0,270390000000134;na;;[{'text': 'na', 'timestamp': (0.98, 1.08)}];1,0;1,0;1,0;0,5
./audios/SP_D2_333_2477.73331_2478.27409.wav;2477,73331;2478,27409;[pelo contrário;pelo contrário;0,5407799999998133;quero contar;;[{'text': 'quero', 'timestamp': (0.96, 1.12)}, {'text': 'contar', 'timestamp': (1.16, 1.46)}];1,0;1,0;1,0;0,5
./audios/SP_D2_333_2478.27409_2479.86779.wav;2478,27409;2479,86779;você mora em lugar movimentadíssimo;você mora em lugar movimentadíssimo;1,5936999999998989;você mora em lugar movimentado disse;;[{'text': 'você', 'timestamp': (0.0, 0.1)}, {'text': 'mora', 'timestamp': (0.16, 0.26)}, {'text': 'em', 'timestamp': (0.3, 0.36)}, {'text': 'lugar', 'timestamp': (0.4, 0.54)}, {'text': 'movimentado', 'timestamp': (0.64, 1.18)}, {'text': 'disse', 'timestamp': (1.28, 1.5)}];0,4;0,3333333333333333;0,4666666666666667;0,17142857142857143
./audios/SP_D2_333_2493.70575_2493.85165.wav;2493,70575;2493,85165;olha;olha;0,14589999999998327;paleta;;[{'text': 'paleta', 'timestamp': (0.04, 1.52)}];1,0;1,0;1,0;1,0
./audios/SP_D2_333_2493.85165_2497.39635.wav;2493,85165;2497,39635;eu acho que a televisão nossa está se fazendo na medida;eu acho que a televisão nossa está se fazendo na medida;3,5446999999999207;eu acho que a televisão nossa está se fazendo na medida;;[{'text': 'eu', 'timestamp': (0.08, 0.14)}, {'text': 'acho', 'timestamp': (0.26, 0.38)}, {'text': 'que', 'timestamp': (0.42, 0.5)}, {'text': 'a', 'timestamp': (0.54, 0.56)}, {'text': 'televisão', 'timestamp': (0.58, 1.06)}, {'text': 'nossa', 'timestamp': (1.18, 1.54)}, {'text': 'está', 'timestamp': (1.62, 1.82)}, {'text': 'se', 'timestamp': (1.96, 2.02)}, {'text': 'fazendo', 'timestamp': (2.12, 2.5)}, {'text': 'na', 'timestamp': (2.66, 2.8)}, {'text': 'medida', 'timestamp': (2.82, 3.34)}];0,0;0,0;0,0;0,0
./audios/SP_D2_333_2497.80768_2498.09803.wav;2497,80768;2498,09803;ah::;ah;0,2903500000002168;é;;[{'text': 'é', 'timestamp': (1.04, 1.06)}];1,0;1,0;1,0;1,0
./audios/SP_D2_333_2498.09803_2500.69377.wav;2498,09803;2500,69377;justamente do que é a nossa sociedade;justamente do que é a nossa sociedade;2,5957399999997506;justamente do que é a nossa sociedade;;[{'text': 'justamente', 'timestamp': (0.14, 0.64)}, {'text': 'do', 'timestamp': (0.8, 0.86)}, {'text': 'que', 'timestamp': (0.98, 1.06)}, {'text': 'é', 'timestamp': (1.22, 1.24)}, {'text': 'a', 'timestamp': (1.52, 1.54)}, {'text': 'nossa', 'timestamp': (1.7, 1.98)}, {'text': 'sociedade', 'timestamp': (2.06, 2.5)}];0,0;0,0;0,0;0,0
./audios/SP_D2_333_2500.88541_2502.40054.wav;2500,88541;2502,40054;ela é fluxo e refluxo;ela é fluxo e refluxo;1,5151300000002266;ela é fluxo e refluxo;;[{'text': 'ela', 'timestamp': (0.06, 0.18)}, {'text': 'é', 'timestamp': (0.24, 0.26)}, {'text': 'fluxo', 'timestamp': (0.4, 0.72)}, {'text': 'e', 'timestamp': (0.76, 0.8)}, {'text': 'refluxo', 'timestamp': (0.88, 1.36)}];0,0;0,0;0,0;0,0
./audios/SP_D2_333_2503.0065_2505.01723.wav;2503,0065;2505,01723;ela está se construindo todos os dias;ela está se construindo todos os dias;2,010729999999967;ela está se construindo todos os dias;;[{'text': 'ela', 'timestamp': (0.04, 0.14)}, {'text': 'está', 'timestamp': (0.22, 0.36)}, {'text': 'se', 'timestamp': (0.48, 0.52)}, {'text': 'construindo', 'timestamp': (0.66, 1.1)}, {'text': 'todos', 'timestamp': (1.24, 1.42)}, {'text': 'os', 'timestamp': (1.54, 1.6)}, {'text': 'dias', 'timestamp': (1.68, 1.88)}];0,0;0,0;0,0;0,0
./audios/SP_D2_333_2505.21577_2507.7849.wav;2505,21577;2507,7849;na medida que o país está se construindo todos os dias;na medida que o país está se construindo todos os dias;2,569130000000314;na medida que o país está se construindo todos os dias;;[{'text': 'na', 'timestamp': (0.1, 0.16)}, {'text': 'medida', 'timestamp': (0.24, 0.52)}, {'text': 'que', 'timestamp': (0.62, 0.7)}, {'text': 'o', 'timestamp': (0.72, 0.74)}, {'text': 'país', 'timestamp': (0.82, 1.02)}, {'text': 'está', 'timestamp': (1.04, 1.18)}, {'text': 'se', 'timestamp': (1.26, 1.32)}, {'text': 'construindo', 'timestamp': (1.38, 1.74)}, {'text': 'todos', 'timestamp': (1.84, 2.0)}, {'text': 'os', 'timestamp': (2.08, 2.14)}, {'text': 'dias', 'timestamp': (2.22, 2.4)}];0,0;0,0;0,0;0,0
./audios/SP_D2_333_2508.20989_2510.76899.wav;2508,20989;2510,76899;eu vejo a nossa televisão como um verdadeiro happening;eu vejo a nossa televisão como um verdadeiro happening;2,559099999999944;eu vivo a nossa televisão como um verdadeiro retmen;;[{'text': 'eu', 'timestamp': (0.16, 0.26)}, {'text': 'vivo', 'timestamp': (0.36, 0.52)}, {'text': 'a', 'timestamp': (0.56, 0.58)}, {'text': 'nossa', 'timestamp': (0.64, 0.8)}, {'text': 'televisão', 'timestamp': (0.88, 1.26)}, {'text': 'como', 'timestamp': (1.36, 1.46)}, {'text': 'um', 'timestamp': (1.5, 1.54)}, {'text': 'verdadeiro', 'timestamp': (1.6, 1.98)}, {'text': 'retmen', 'timestamp': (2.12, 2.44)}];0,2222222222222222;0,2222222222222222;0,3950617283950617;0,16666666666666666
./audios/SP_D2_333_2511.20896_2511.55375.wav;2511,20896;2511,55375;sabe?;sabe;0,34479000000010274;fo;;[{'text': 'fo', 'timestamp': (1.06, 1.1)}];1,0;1,0;1,0;1,0
./audios/SP_D2_333_2512.10614_2512.74729.wav;2512,10614;2512,74729;ela não::;ela não;0,6411499999999251;era louco;;[{'text': 'era', 'timestamp': (1.02, 1.16)}, {'text': 'louco', 'timestamp': (1.22, 1.7)}];1,0;1,0;1,0;0,7142857142857143
./audios/SP_D2_333_2512.74729_2514.41864.wav;2512,74729;2514,41864;não se pode ainda estruturar regras;não se pode ainda estruturar regras;1,671350000000075;não se pode a investidura regras;;[{'text': 'não', 'timestamp': (0.06, 0.12)}, {'text': 'se', 'timestamp': (0.18, 0.22)}, {'text': 'pode', 'timestamp': (0.32, 0.48)}, {'text': 'a', 'timestamp': (0.52, 0.54)}, {'text': 'investidura', 'timestamp': (0.6, 1.14)}, {'text': 'regras', 'timestamp': (1.32, 1.62)}];0,3333333333333333;0,3333333333333333;0,5555555555555556;0,22857142857142856
./audios/SP_D2_333_2514.41864_2515.25539.wav;2514,41864;2515,25539;--a televisão é isso;a televisão é isso;0,8367499999999382;a televisão é isso;;[{'text': 'a', 'timestamp': (1.06, 1.08)}, {'text': 'televisão', 'timestamp': (1.12, 1.46)}, {'text': 'é', 'timestamp': (1.52, 1.54)}, {'text': 'isso', 'timestamp': (1.66, 1.82)}];0,0;0,0;0,0;0,0
./audios/SP_D2_333_2515.25539_2515.90033.wav;2515,25539;2515,90033;a televisão é aquilo--;a televisão é aquilo;0,6449400000001333;a atrevia aquilo;;[{'text': 'a', 'timestamp': (0.9, 0.92)}, {'text': 'atrevia', 'timestamp': (1.06, 1.36)}, {'text': 'aquilo', 'timestamp': (1.44, 1.66)}];0,5;0,5;0,6666666666666667;0,4
./audios/SP_D2_333_2515.90033_2516.53731.wav;2515,90033;2516,53731;a televisão;a televisão;0,6369800000002215;de televisão;;[{'text': 'de', 'timestamp': (0.96, 1.02)}, {'text': 'televisão', 'timestamp': (1.1, 1.5)}];0,5;0,5;0,75;0,18181818181818182
./audios/SP_D2_333_2517.02301_2519.05317.wav;2517,02301;2519,05317;está encontrando a sua linguagem;está encontrando a sua linguagem;2,030160000000251;está encontrando a sua linguagem;;[{'text': 'está', 'timestamp': (0.08, 0.38)}, {'text': 'encontrando', 'timestamp': (0.5, 0.98)}, {'text': 'a', 'timestamp': (1.08, 1.1)}, {'text': 'sua', 'timestamp': (1.2, 1.34)}, {'text': 'linguagem', 'timestamp': (1.4, 1.88)}];0,0;0,0;0,0;0,0
./audios/SP_D2_333_2519.55709_2520.00107.wav;2519,55709;2520,00107;como eu disse;como eu disse;0,4439800000000105;como eu disse;;[{'text': 'como', 'timestamp': (1.04, 1.14)}, {'text': 'eu', 'timestamp': (1.18, 1.24)}, {'text': 'disse', 'timestamp': (1.28, 1.5)}];0,0;0,0;0,0;0,0
./audios/SP_D2_333_2520.00107_2521.36.wav;2520,00107;2521,36;do ponto de vista ficcional;do ponto de vista ficcional;1,3589300000003277;do ponto de vista ficcional;;[{'text': 'do', 'timestamp': (0.06, 0.1)}, {'text': 'ponto', 'timestamp': (0.16, 0.3)}, {'text': 'de', 'timestamp': (0.36, 0.4)}, {'text': 'vista', 'timestamp': (0.46, 0.62)}, {'text': 'ficcional', 'timestamp': (0.72, 1.28)}];0,0;0,0;0,0;0,0
./audios/SP_D2_333_2521.93399_2523.55529.wav;2521,93399;2523,55529;o que tem ajudado muito;o que tem ajudado muito;1,621299999999792;ou que tenha ajudado muito;;[{'text': 'ou', 'timestamp': (0.08, 0.12)}, {'text': 'que', 'timestamp': (0.18, 0.24)}, {'text': 'tenha', 'timestamp': (0.32, 0.48)}, {'text': 'ajudado', 'timestamp': (0.52, 0.94)}, {'text': 'muito', 'timestamp': (1.1, 1.46)}];0,4;0,4;0,64;0,17391304347826086
./audios/SP_D2_333_2524.04128_2524.35015.wav;2524,04128;2524,35015;é;é;0,3088700000002973;é;;[{'text': 'é', 'timestamp': (1.04, 1.06)}];0,0;0,0;0,0;0,0
./audios/SP_D2_333_2524.61231_2525.31223.wav;2524,61231;2525,31223;a novela;a novela;0,6999200000000201;a novela;;[{'text': 'a', 'timestamp': (1.06, 1.08)}, {'text': 'novela', 'timestamp': (1.24, 1.62)}];0,0;0,0;0,0;0,0
./audios/SP_D2_333_2525.92688_2527.09879.wav;2525,92688;2527,09879;embora isso pó/;embora isso pó;1,1719100000000253;embora isso pode;;[{'text': 'embora', 'timestamp': (0.06, 0.34)}, {'text': 'isso', 'timestamp': (0.46, 0.7)}, {'text': 'pode', 'timestamp': (0.86, 1.06)}];0,3333333333333333;0,3333333333333333;0,5555555555555556;0,21428571428571427
./audios/SP_D2_333_2527.09879_2527.77631.wav;2527,09879;2527,77631;possa ser;possa ser;0,677520000000186;possa ser;;[{'text': 'possa', 'timestamp': (1.1, 1.3)}, {'text': 'ser', 'timestamp': (1.42, 1.54)}];0,0;0,0;0,0;0,0
./audios/SP_D2_333_2528.38408_2529.08153.wav;2528,38408;2529,08153;e eu::;e eu;0,6974500000001171;e eu;;[{'text': 'e', 'timestamp': (1.08, 1.1)}, {'text': 'eu', 'timestamp': (1.2, 1.28)}];0,0;0,0;0,0;0,0
./audios/SP_D2_333_2529.64945_2532.10656.wav;2529,64945;2532,10656;concedo que seja largamente contestado;concedo que seja largamente contestado;2,4571100000002843;concedo que seja largamente contestado;;[{'text': 'concedo', 'timestamp': (0.08, 0.58)}, {'text': 'que', 'timestamp': (0.66, 0.74)}, {'text': 'seja', 'timestamp': (0.84, 1.04)}, {'text': 'largamente', 'timestamp': (1.16, 1.7)}, {'text': 'contestado', 'timestamp': (1.8, 2.34)}];0,0;0,0;0,0;0,0
./audios/SP_D2_333_2532.5868_2533.62869.wav;2532,5868;2533,62869;por outro lado também;por outro lado também;1,0418899999999667;por outro fato também;;[{'text': 'por', 'timestamp': (0.04, 0.12)}, {'text': 'outro', 'timestamp': (0.16, 0.36)}, {'text': 'fato', 'timestamp': (0.4, 0.6)}, {'text': 'também', 'timestamp': (0.68, 0.94)}];0,25;0,25;0,4375;0,09523809523809523
./audios/SP_D2_333_2533.62869_2535.60658.wav;2533,62869;2535,60658;--uma coisa que eu não disse eu acho muito importante--;uma coisa que eu não disse eu acho muito importante;1,9778900000001158;uma coisa que eu me disse que eu acho muito importante;;[{'text': 'uma', 'timestamp': (0.04, 0.12)}, {'text': 'coisa', 'timestamp': (0.18, 0.34)}, {'text': 'que', 'timestamp': (0.36, 0.42)}, {'text': 'eu', 'timestamp': (0.44, 0.5)}, {'text': 'me', 'timestamp': (0.52, 0.58)}, {'text': 'disse', 'timestamp': (0.62, 0.76)}, {'text': 'que', 'timestamp': (0.78, 0.84)}, {'text': 'eu', 'timestamp': (0.86, 0.9)}, {'text': 'acho', 'timestamp': (0.92, 1.02)}, {'text': 'muito', 'timestamp': (1.04, 1.16)}, {'text': 'importante', 'timestamp': (1.22, 1.74)}];0,2;0,18181818181818182;0,26363636363636356;0,13725490196078433
./audios/SP_D2_333_2535.93375_2536.93757.wav;2535,93375;2536,93757;a televisão;a televisão;1,0038199999999051;a televisão;;[{'text': 'a', 'timestamp': (0.06, 0.08)}, {'text': 'televisão', 'timestamp': (0.2, 0.84)}];0,0;0,0;0,0;0,0
./audios/SP_D2_333_2537.3165_2541.17681.wav;2537,3165;2541,17681;está servindo PAra o aprimoramento do cinema;está servindo para o aprimoramento do cinema;3,8603100000000268;está servindo para o aprimoramento do cinema;;[{'text': 'está', 'timestamp': (0.1, 0.48)}, {'text': 'servindo', 'timestamp': (0.72, 1.18)}, {'text': 'para', 'timestamp': (1.52, 1.8)}, {'text': 'o', 'timestamp': (1.86, 1.88)}, {'text': 'aprimoramento', 'timestamp': (1.96, 2.8)}, {'text': 'do', 'timestamp': (2.96, 3.02)}, {'text': 'cinema', 'timestamp': (3.22, 3.64)}];0,0;0,0;0,0;0,0
./audios/SP_D2_333_2541.36677_2542.15273.wav;2541,36677;2542,15273;a telenovela;a telenovela;0,7859599999997045;a tele novela;;[{'text': 'a', 'timestamp': (1.04, 1.06)}, {'text': 'tele', 'timestamp': (1.22, 1.4)}, {'text': 'novela', 'timestamp': (1.46, 1.78)}];1,0;0,6666666666666666;0,8333333333333334;0,08333333333333333
./audios/SP_D2_333_2542.15273_2543.03421.wav;2542,15273;2543,03421;nesse caso;nesse caso;0,8814800000000105;não se caso;;[{'text': 'não', 'timestamp': (1.08, 1.14)}, {'text': 'se', 'timestamp': (1.22, 1.28)}, {'text': 'caso', 'timestamp': (1.38, 1.66)}];1,0;0,6666666666666666;0,8333333333333334;0,3
./audios/SP_D2_333_2543.40421_2544.45675.wav;2543,40421;2544,45675;do nosso cinema;do nosso cinema;1,0525399999996807;do nosso cinema;;[{'text': 'do', 'timestamp': (0.06, 0.12)}, {'text': 'nosso', 'timestamp': (0.24, 0.54)}, {'text': 'cinema', 'timestamp': (0.64, 0.94)}];0,0;0,0;0,0;0,0
./audios/SP_D2_333_2544.45675_2545.85544.wav;2544,45675;2545,85544;e já tem mostrado isso;e já tem mostrado isso;1,3986899999999878;e já tem mostrado isso;;[{'text': 'e', 'timestamp': (0.08, 0.1)}, {'text': 'já', 'timestamp': (0.22, 0.28)}, {'text': 'tem', 'timestamp': (0.42, 0.52)}, {'text': 'mostrado', 'timestamp': (0.6, 1.04)}, {'text': 'isso', 'timestamp': (1.16, 1.36)}];0,0;0,0;0,0;0,0
./audios/SP_D2_333_2546.12308_2547.65519.wav;2546,12308;2547,65519;em mais de um desses filmes;em mais de um desses filmes;1,5321100000001024;em mais de um desses filmes;;[{'text': 'em', 'timestamp': (0.08, 0.12)}, {'text': 'mais', 'timestamp': (0.18, 0.36)}, {'text': 'de', 'timestamp': (0.42, 0.46)}, {'text': 'um', 'timestamp': (0.5, 0.54)}, {'text': 'desses', 'timestamp': (0.62, 0.86)}, {'text': 'filmes', 'timestamp': (0.98, 1.26)}];0,0;0,0;0,0;0,0
./audios/SP_D2_333_2548.38625_2548.94504.wav;2548,38625;2548,94504;ah ah::;ah ah;0,5587900000000445;e;;[{'text': 'e', 'timestamp': (1.06, 1.08)}];1,0;1,0;1,0;1,0
./audios/SP_D2_333_2549.32321_2550.39027.wav;2549,32321;2550,39027;de mais sucesso;de mais sucesso;1,0670599999998558;de mais sucesso;;[{'text': 'de', 'timestamp': (0.04, 0.08)}, {'text': 'mais', 'timestamp': (0.14, 0.3)}, {'text': 'sucesso', 'timestamp': (0.38, 0.92)}];0,0;0,0;0,0;0,0
./audios/SP_D2_333_2551.08781_2551.80193.wav;2551,08781;2551,80193;é o caso;é o caso;0,7141200000000936;é o caso;;[{'text': 'é', 'timestamp': (1.04, 1.06)}, {'text': 'o', 'timestamp': (1.12, 1.14)}, {'text': 'caso', 'timestamp': (1.28, 1.6)}];0,0;0,0;0,0;0,0
./audios/SP_D2_333_2552.01715_2552.82062.wav;2552,01715;2552,82062;do::;do;0,8034699999998338;tomo;;[{'text': 'tomo', 'timestamp': (1.04, 1.26)}];1,0;1,0;1,0;1,5
./audios/SP_D2_333_2552.82062_2554.11909.wav;2552,82062;2554,11909;do filme que eu indiquei da::;do filme que eu indiquei da;1,2984700000001794;o chama que o de que da;;[{'text': 'o', 'timestamp': (0.16, 0.18)}, {'text': 'chama', 'timestamp': (0.22, 0.36)}, {'text': 'que', 'timestamp': (0.42, 0.52)}, {'text': 'o', 'timestamp': (0.54, 0.56)}, {'text': 'de', 'timestamp': (0.62, 0.66)}, {'text': 'que', 'timestamp': (0.76, 0.84)}, {'text': 'da', 'timestamp': (1.04, 1.1)}];0,8333333333333334;0,7142857142857143;0,9047619047619048;0,4444444444444444
./audios/SP_D2_333_2554.89386_2556.627.wav;2554,89386;2556,627;tirado do romance de Marques Rabelo;tirado do romance de marques rabelo;1,7331399999998212;tirado de um tamanco de marc faber;;[{'text': 'tirado', 'timestamp': (0.08, 0.36)}, {'text': 'de', 'timestamp': (0.44, 0.48)}, {'text': 'um', 'timestamp': (0.5, 0.56)}, {'text': 'tamanco', 'timestamp': (0.58, 0.84)}, {'text': 'de', 'timestamp': (0.9, 1.02)}, {'text': 'marc', 'timestamp': (1.04, 1.2)}, {'text': 'faber', 'timestamp': (1.3, 1.58)}];0,8333333333333334;0,7142857142857143;0,9047619047619048;0,4
./audios/SP_D2_333_2558.17506_2559.39461.wav;2558,17506;2559,39461;A Estrela Sobe;a estrela sobe;1,2195499999997992;a estrela sobe;;[{'text': 'a', 'timestamp': (0.1, 0.14)}, {'text': 'estrela', 'timestamp': (0.18, 0.52)}, {'text': 'sobe', 'timestamp': (0.7, 0.98)}];0,0;0,0;0,0;0,0
./audios/SP_D2_333_2559.99722_2561.05652.wav;2559,99722;2561,05652;com artistas;com artistas;1,0592999999998938;com artistas;;[{'text': 'com', 'timestamp': (0.04, 0.12)}, {'text': 'artistas', 'timestamp': (0.2, 0.92)}];0,0;0,0;0,0;0,0
./audios/SP_D2_333_2561.05652_2561.97759.wav;2561,05652;2561,97759;da televisão;da televisão;0,9210699999998724;da televisão;;[{'text': 'da', 'timestamp': (1.1, 1.16)}, {'text': 'televisão', 'timestamp': (1.28, 1.78)}];0,0;0,0;0,0;0,0
./audios/SP_D2_333_2562.46426_2563.54941.wav;2562,46426;2563,54941;quase todos eles;quase todos eles;1,085149999999885;quase todos eles;;[{'text': 'quase', 'timestamp': (0.0, 0.26)}, {'text': 'todos', 'timestamp': (0.3, 0.54)}, {'text': 'eles', 'timestamp': (0.64, 0.84)}];0,0;0,0;0,0;0,0
./audios/SP_D2_333_2564.32165_2565.17411.wav;2564,32165;2565,17411;Beth Faria;beth faria;0,8524600000000646;beth faria;;[{'text': 'beth', 'timestamp': (1.06, 1.28)}, {'text': 'faria', 'timestamp': (1.36, 1.7)}];0,0;0,0;0,0;0,0
./audios/SP_D2_333_2565.17411_2566.52174.wav;2565,17411;2566,52174;e qua/ e a maior parte deles;e qua e a maior parte deles;1,3476300000002084;corria a maior parte desse;;[{'text': 'corria', 'timestamp': (0.1, 0.3)}, {'text': 'a', 'timestamp': (0.32, 0.34)}, {'text': 'maior', 'timestamp': (0.38, 0.56)}, {'text': 'parte', 'timestamp': (0.68, 0.88)}, {'text': 'desse', 'timestamp': (1.0, 1.28)}];0,5714285714285714;0,5714285714285714;0,7428571428571429;0,37037037037037035
./audios/SP_D2_333_2566.52174_2567.59485.wav;2566,52174;2567,59485;caso da Rainha Diaba;caso da rainha diaba;1,073109999999815;o caso da raia diabo;;[{'text': 'o', 'timestamp': (0.02, 0.04)}, {'text': 'caso', 'timestamp': (0.1, 0.26)}, {'text': 'da', 'timestamp': (0.3, 0.34)}, {'text': 'raia', 'timestamp': (0.4, 0.7)}, {'text': 'diabo', 'timestamp': (0.72, 1.02)}];0,75;0,6;0,8;0,25
./audios/SP_D2_333_2568.07081_2568.64017.wav;2568,07081;2568,64017;enfim;enfim;0,5693599999999606;enfim;;[{'text': 'enfim', 'timestamp': (1.1, 1.38)}];0,0;0,0;0,0;0,0
./audios/SP_D2_333_2569.00313_2569.723.wav;2569,00313;2569,723;éh:: éh;eh eh;0,7198699999999008;ara;;[{'text': 'ara', 'timestamp': (1.08, 1.54)}];1,0;1,0;1,0;1,0
./audios/SP_D2_333_2570.2009_2571.91286.wav;2570,2009;2571,91286;eu vejo a TElenovela;eu vejo a telenovela;1,71196000000009;eu vejo até de novela;;[{'text': 'eu', 'timestamp': (0.08, 0.14)}, {'text': 'vejo', 'timestamp': (0.28, 0.6)}, {'text': 'até', 'timestamp': (0.7, 0.92)}, {'text': 'de', 'timestamp': (1.02, 1.06)}, {'text': 'novela', 'timestamp': (1.12, 1.58)}];0,75;0,6;0,8;0,25
./audios/SP_D2_333_2572.39075_2575.05923.wav;2572,39075;2575,05923;como um verdadeiro laboratório posto no ar;como um verdadeiro laboratório posto no ar;2,6684799999998177;como um verdadeiro laboratório posto no lar;;[{'text': 'como', 'timestamp': (0.06, 0.2)}, {'text': 'um', 'timestamp': (0.44, 0.48)}, {'text': 'verdadeiro', 'timestamp': (0.56, 1.02)}, {'text': 'laboratório', 'timestamp': (1.12, 1.84)}, {'text': 'posto', 'timestamp': (1.96, 2.18)}, {'text': 'no', 'timestamp': (2.28, 2.34)}, {'text': 'lar', 'timestamp': (2.38, 2.52)}];0,14285714285714285;0,14285714285714285;0,26530612244897966;0,023809523809523808
./audios/SP_D2_333_2575.05923_2578.44169.wav;2575,05923;2578,44169;fala-se tanto em teatro em laboratório fazer laboratório e tudo mais;falase tanto em teatro em laboratório fazer laboratório e tudo mais;3,3824600000002647;fala-se tanto em teatro em laboratório fazer laboratório e tudo mais;;[{'text': 'fala-se', 'timestamp': (0.1, 0.4)}, {'text': 'tanto', 'timestamp': (0.52, 0.7)}, {'text': 'em', 'timestamp': (0.78, 0.82)}, {'text': 'teatro', 'timestamp': (0.88, 1.2)}, {'text': 'em', 'timestamp': (1.24, 1.36)}, {'text': 'laboratório', 'timestamp': (1.42, 2.04)}, {'text': 'fazer', 'timestamp': (2.14, 2.28)}, {'text': 'laboratório', 'timestamp': (2.36, 2.9)}, {'text': 'e', 'timestamp': (2.94, 2.96)}, {'text': 'tudo', 'timestamp': (2.98, 3.1)}, {'text': 'mais', 'timestamp': (3.14, 3.28)}];0,09090909090909091;0,09090909090909091;0,17355371900826455;0,014925373134328358
./audios/SP_D2_333_2578.44169_2578.84599.wav;2578,44169;2578,84599;pois bem;pois bem;0,4042999999996937;pois bem;;[{'text': 'pois', 'timestamp': (1.04, 1.16)}, {'text': 'bem', 'timestamp': (1.22, 1.32)}];0,0;0,0;0,0;0,0
./audios/SP_D2_333_2579.32836_2580.1901.wav;2579,32836;2580,1901;o artista que;o artista que;0,861739999999827;o artista aqui;;[{'text': 'o', 'timestamp': (1.04, 1.06)}, {'text': 'artista', 'timestamp': (1.14, 1.56)}, {'text': 'aqui', 'timestamp': (1.62, 1.76)}];0,3333333333333333;0,3333333333333333;0,5555555555555556;0,15384615384615385
./audios/SP_D2_333_2581.09537_2581.68437.wav;2581,09537;2581,68437;que se;que se;0,5889999999999418;íssimo;;[{'text': 'íssimo', 'timestamp': (1.1, 1.46)}];1,0;1,0;1,0;1,0
./audios/SP_D2_333_2581.94333_2582.95885.wav;2581,94333;2582,95885;que pode se ver;que pode se ver;1,015519999999924;que pode se ver;;[{'text': 'que', 'timestamp': (0.08, 0.16)}, {'text': 'pode', 'timestamp': (0.28, 0.48)}, {'text': 'se', 'timestamp': (0.62, 0.68)}, {'text': 'ver', 'timestamp': (0.78, 0.92)}];0,0;0,0;0,0;0,0
./audios/SP_D2_333_2583.38537_2585.03156.wav;2583,38537;2585,03156;diariamente numa telenovela;diariamente numa telenovela;1,6461899999999332;diariamente numa tele novela;;[{'text': 'diariamente', 'timestamp': (0.06, 0.64)}, {'text': 'numa', 'timestamp': (0.74, 0.86)}, {'text': 'tele', 'timestamp': (0.98, 1.16)}, {'text': 'novela', 'timestamp': (1.2, 1.6)}];0,6666666666666666;0,5;0,6666666666666667;0,037037037037037035
./audios/SP_D2_333_2585.63572_2587.95039.wav;2585,63572;2587,95039;ele verá logo seus cacoetes;ele verá logo seus cacoetes;2,314669999999751;ele verá logo os seus cacoetes;;[{'text': 'ele', 'timestamp': (0.12, 0.28)}, {'text': 'verá', 'timestamp': (0.46, 0.64)}, {'text': 'logo', 'timestamp': (0.8, 1.02)}, {'text': 'os', 'timestamp': (1.08, 1.12)}, {'text': 'seus', 'timestamp': (1.18, 1.32)}, {'text': 'cacoetes', 'timestamp': (1.42, 1.98)}];0,2;0,16666666666666666;0,16666666666666663;0,1111111111111111
./audios/SP_D2_333_2587.95039_2588.98114.wav;2587,95039;2588,98114;seus sestros;seus sestros;1,0307499999998981;seus certs;;[{'text': 'seus', 'timestamp': (0.04, 0.2)}, {'text': 'certs', 'timestamp': (0.34, 0.8)}];0,5;0,5;0,75;0,3333333333333333
./audios/SP_D2_333_2589.2519_2591.14746.wav;2589,2519;2591,14746;os desvios da da::;os desvios da da;1,8955599999999322;os desvios da da;;[{'text': 'os', 'timestamp': (0.08, 0.14)}, {'text': 'desvios', 'timestamp': (0.22, 0.68)}, {'text': 'da', 'timestamp': (0.8, 0.86)}, {'text': 'da', 'timestamp': (1.08, 1.16)}];0,0;0,0;0,0;0,0
./audios/SP_D2_333_2591.78094_2592.74265.wav;2591,78094;2592,74265;apresentação;apresentação;0,9617100000000391;apresentação;;[{'text': 'apresentação', 'timestamp': (1.06, 1.78)}];0,0;0,0;0,0;0,0
./audios/SP_D2_333_2593.30575_2595.38287.wav;2593,30575;2595,38287;e poderá corrigi-los muito melhor::;e poderá corrigilos muito melhor;2,0771199999999226;e poderá corrigi-los muito melhor;;[{'text': 'e', 'timestamp': (0.06, 0.08)}, {'text': 'poderá', 'timestamp': (0.2, 0.48)}, {'text': 'corrigi-los', 'timestamp': (0.66, 1.22)}, {'text': 'muito', 'timestamp': (1.3, 1.46)}, {'text': 'melhor', 'timestamp': (1.56, 1.82)}];0,2;0,2;0,3599999999999999;0,03125
./audios/SP_D2_333_2597.0485_2598.95263.wav;2597,0485;2598,95263;então eu acho que a nossa televisão;então eu acho que a nossa televisão;1,9041300000003503;então eu acho que a nossa televisão;;[{'text': 'então', 'timestamp': (0.08, 0.26)}, {'text': 'eu', 'timestamp': (0.34, 0.4)}, {'text': 'acho', 'timestamp': (0.5, 0.74)}, {'text': 'que', 'timestamp': (0.82, 0.9)}, {'text': 'a', 'timestamp': (0.96, 0.98)}, {'text': 'nossa', 'timestamp': (1.02, 1.22)}, {'text': 'televisão', 'timestamp': (1.28, 1.72)}];0,0;0,0;0,0;0,0
./audios/SP_D2_333_2598.95263_2599.67773.wav;2598,95263;2599,67773;está::;está;0,7250999999996566;está;;[{'text': 'está', 'timestamp': (1.04, 1.3)}];0,0;0,0;0,0;0,0
./audios/SP_D2_333_2599.67773_2601.07549.wav;2599,67773;2601,07549;é muito difícil prever a;é muito difícil prever a;1,3977600000002894;é muito difícil prever a;;[{'text': 'é', 'timestamp': (0.14, 0.16)}, {'text': 'muito', 'timestamp': (0.26, 0.4)}, {'text': 'difícil', 'timestamp': (0.48, 0.78)}, {'text': 'prever', 'timestamp': (0.94, 1.22)}, {'text': 'a', 'timestamp': (1.32, 1.34)}];0,0;0,0;0,0;0,0
./audios/SP_D2_333_2601.24812_2602.43842.wav;2601,24812;2602,43842;o fuTUro dela;o futuro dela;1,190299999999752;o futuro de;;[{'text': 'o', 'timestamp': (0.06, 0.08)}, {'text': 'futuro', 'timestamp': (0.16, 0.7)}, {'text': 'de', 'timestamp': (0.82, 0.88)}];0,3333333333333333;0,3333333333333333;0,5555555555555556;0,15384615384615385
./audios/SP_D2_333_2602.98625_2604.28706.wav;2602,98625;2604,28706;ela está se construindo;ela está se construindo;1,3008100000001832;ela está se construir;;[{'text': 'ela', 'timestamp': (0.2, 0.3)}, {'text': 'está', 'timestamp': (0.32, 0.46)}, {'text': 'se', 'timestamp': (0.54, 0.6)}, {'text': 'construir', 'timestamp': (0.72, 1.1)}];0,25;0,25;0,4375;0,13043478260869565
./audios/SP_D2_333_2604.5871_2606.26299.wav;2604,5871;2606,26299;na medida que o país está se construindo;na medida que o país está se construindo;1,6758899999999812;na medida que o país está se construmento;;[{'text': 'na', 'timestamp': (0.04, 0.1)}, {'text': 'medida', 'timestamp': (0.16, 0.36)}, {'text': 'que', 'timestamp': (0.46, 0.52)}, {'text': 'o', 'timestamp': (0.56, 0.58)}, {'text': 'país', 'timestamp': (0.64, 0.82)}, {'text': 'está', 'timestamp': (0.86, 1.0)}, {'text': 'se', 'timestamp': (1.02, 1.14)}, {'text': 'construmento', 'timestamp': (1.18, 1.58)}];0,125;0,125;0,234375;0,075
./audios/SP_D2_333_2606.76801_2607.54303.wav;2606,76801;2607,54303;ela está;ela está;0,7750200000000405;ela está;;[{'text': 'ela', 'timestamp': (1.08, 1.2)}, {'text': 'está', 'timestamp': (1.42, 1.62)}];0,0;0,0;0,0;0,0
./audios/SP_D2_333_2607.54303_2609.25625.wav;2607,54303;2609,25625;--(como) assinalou bem a Isa--;como assinalou bem a isa;1,7132200000000921;como assinalou bem a ilse;;[{'text': 'como', 'timestamp': (0.04, 0.14)}, {'text': 'assinalou', 'timestamp': (0.3, 0.76)}, {'text': 'bem', 'timestamp': (0.88, 1.02)}, {'text': 'a', 'timestamp': (1.08, 1.1)}, {'text': 'ilse', 'timestamp': (1.2, 1.46)}];0,2;0,2;0,3599999999999999;0,08333333333333333
./audios/SP_D2_333_2609.67677_2609.97962.wav;2609,67677;2609,97962;ela;ela;0,3028500000000349;ela;;[{'text': 'ela', 'timestamp': (1.08, 1.24)}];0,0;0,0;0,0;0,0
./audios/SP_D2_333_2609.97962_2610.67239.wav;2609,97962;2610,67239;éh::;eh;0,6927700000001096;é;;[{'text': 'é', 'timestamp': (1.06, 1.08)}];1,0;1,0;1,0;1,0
./audios/SP_D2_333_2610.67239_2611.97027.wav;2610,67239;2611,97027;está sendo feita;está sendo feita;1,2978799999996227;está sendo feita;;[{'text': 'está', 'timestamp': (0.08, 0.28)}, {'text': 'sendo', 'timestamp': (0.42, 0.6)}, {'text': 'feita', 'timestamp': (0.78, 1.08)}];0,0;0,0;0,0;0,0
./audios/SP_D2_333_2612.33918_2612.78702.wav;2612,33918;2612,78702;para;para;0,44784000000026936;para;;[{'text': 'para', 'timestamp': (1.08, 1.32)}];0,0;0,0;0,0;0,0
./audios/SP_D2_333_2612.97548_2614.60708.wav;2612,97548;2614,60708;um país continente;um país continente;1,6316000000001623;um país continente;;[{'text': 'um', 'timestamp': (0.08, 0.16)}, {'text': 'país', 'timestamp': (0.3, 0.58)}, {'text': 'continente', 'timestamp': (0.66, 1.26)}];0,0;0,0;0,0;0,0
./audios/SP_D2_333_2614.98427_2616.81911.wav;2614,98427;2616,81911;então com faixas;então com faixas;1,8348399999999856;então com faixas;;[{'text': 'então', 'timestamp': (0.1, 0.34)}, {'text': 'com', 'timestamp': (0.44, 0.54)}, {'text': 'faixas', 'timestamp': (0.8, 1.36)}];0,0;0,0;0,0;0,0
./audios/SP_D2_333_2617.24207_2618.7319.wav;2617,24207;2618,7319;TÃO diversas;tão diversas;1,4898300000004383;tão diversa assim;;[{'text': 'tão', 'timestamp': (0.1, 0.26)}, {'text': 'diversa', 'timestamp': (0.52, 1.04)}, {'text': 'assim', 'timestamp': (1.1, 1.3)}];1,0;0,6666666666666666;0,8333333333333334;0,4166666666666667
./audios/SP_D2_333_2619.30637_2619.50169.wav;2619,30637;2619,50169;ah;ah;0,19532000000026528;é;;[{'text': 'é', 'timestamp': (1.02, 1.04)}];1,0;1,0;1,0;1,0
./audios/SP_D2_333_2620.07612_2621.96174.wav;2620,07612;2621,96174;de mentalidade;de mentalidade;1,8856200000000172;de mentalidade;;[{'text': 'de', 'timestamp': (0.12, 0.18)}, {'text': 'mentalidade', 'timestamp': (0.56, 1.5)}];0,0;0,0;0,0;0,0
./audios/SP_D2_333_2622.35945_2622.48571.wav;2622,35945;2622,48571;éh;eh;0,12626000000000204;e;;[{'text': 'e', 'timestamp': (0.8, 0.84)}];1,0;1,0;1,0;0,5
./audios/SP_D2_333_2622.48571_2623.27115.wav;2622,48571;2623,27115;de::;de;0,7854400000001078;de;;[{'text': 'de', 'timestamp': (1.04, 1.12)}];0,0;0,0;0,0;0,0
./audios/SP_D2_333_2623.27115_2625.54039.wav;2623,27115;2625,54039;com sistemas de vidas tão diferentes;com sistemas de vidas tão diferentes;2,2692400000000816;com sistemas de vida tão diferentes;;[{'text': 'com', 'timestamp': (0.1, 0.18)}, {'text': 'sistemas', 'timestamp': (0.28, 0.7)}, {'text': 'de', 'timestamp': (0.76, 0.8)}, {'text': 'vida', 'timestamp': (0.88, 1.08)}, {'text': 'tão', 'timestamp': (1.26, 1.36)}, {'text': 'diferentes', 'timestamp': (1.42, 2.1)}];0,16666666666666666;0,16666666666666666;0,30555555555555547;0,027777777777777776
./audios/SP_D2_333_2625.54039_2626.83306.wav;2625,54039;2626,83306;ela agraDANdo a;ela agradando a;1,2926699999998164;ela agradando a;;[{'text': 'ela', 'timestamp': (0.1, 0.2)}, {'text': 'agradando', 'timestamp': (0.24, 1.02)}, {'text': 'a', 'timestamp': (1.1, 1.12)}];0,0;0,0;0,0;0,0
./audios/SP_D2_333_2627.11544_2628.25345.wav;2627,11544;2628,25345;todas as faixas;todas as faixas;1,138010000000122;todas essas cascas;;[{'text': 'todas', 'timestamp': (0.06, 0.3)}, {'text': 'essas', 'timestamp': (0.38, 0.56)}, {'text': 'cascas', 'timestamp': (0.68, 1.08)}];0,6666666666666666;0,6666666666666666;0,8888888888888888;0,4
./audios/SP_D2_333_2628.25345_2628.56909.wav;2628,25345;2628,56909;né?;né;0,31563999999980297;tão;;[{'text': 'tão', 'timestamp': (1.0, 1.16)}];1,0;1,0;1,0;1,5
./audios/SP_D2_333_2629.67794_2632.05459.wav;2629,67794;2632,05459;acho que ela está cumprindo brilhantemente;acho que ela está cumprindo brilhantemente;2,3766500000001543;a escola está cumprindo brilhantemente;;[{'text': 'a', 'timestamp': (0.1, 0.12)}, {'text': 'escola', 'timestamp': (0.16, 0.38)}, {'text': 'está', 'timestamp': (0.42, 0.54)}, {'text': 'cumprindo', 'timestamp': (0.66, 1.04)}, {'text': 'brilhantemente', 'timestamp': (1.18, 2.06)}];0,5;0,5;0,7;0,19047619047619047
./audios/SP_D2_333_2632.69801_2633.61079.wav;2632,69801;2633,61079;o seu papel;o seu papel;0,9127800000001116;o seu papel;;[{'text': 'o', 'timestamp': (1.06, 1.08)}, {'text': 'seu', 'timestamp': (1.16, 1.28)}, {'text': 'papel', 'timestamp': (1.38, 1.68)}];0,0;0,0;0,0;0,0
./audios/SP_D2_333_2634.05037_2637.82224.wav;2634,05037;2637,82224;eu vejo mesmo a televisão como foi o rádio há tempos atrás;eu vejo mesmo a televisão como foi o rádio há tempos atrás;3,7718700000000354;eu vejo mesmo a televisão como foi o rádio há tempos atrás;;[{'text': 'eu', 'timestamp': (0.16, 0.22)}, {'text': 'vejo', 'timestamp': (0.34, 0.64)}, {'text': 'mesmo', 'timestamp': (0.9, 1.08)}, {'text': 'a', 'timestamp': (1.1, 1.12)}, {'text': 'televisão', 'timestamp': (1.16, 1.6)}, {'text': 'como', 'timestamp': (1.72, 1.86)}, {'text': 'foi', 'timestamp': (2.04, 2.18)}, {'text': 'o', 'timestamp': (2.24, 2.26)}, {'text': 'rádio', 'timestamp': (2.34, 2.62)}, {'text': 'há', 'timestamp': (2.66, 2.72)}, {'text': 'tempos', 'timestamp': (2.8, 3.08)}, {'text': 'atrás', 'timestamp': (3.16, 3.54)}];0,0;0,0;0,0;0,0
./audios/SP_D2_333_2638.38088_2638.58224.wav;2638,38088;2638,58224;ah;ah;0,2013600000000224;é;;[{'text': 'é', 'timestamp': (1.08, 1.1)}];1,0;1,0;1,0;1,0
./audios/SP_D2_333_2638.58224_2640.19647.wav;2638,58224;2640,19647;era um rapsodo o rádio;era um rapsodo o rádio;1,6142299999996794;era um piso do rádio;;[{'text': 'era', 'timestamp': (0.08, 0.2)}, {'text': 'um', 'timestamp': (0.26, 0.3)}, {'text': 'piso', 'timestamp': (0.56, 0.84)}, {'text': 'do', 'timestamp': (1.08, 1.14)}, {'text': 'rádio', 'timestamp': (1.26, 1.54)}];0,4;0,4;0,64;0,2727272727272727
./audios/SP_D2_333_2640.53689_2644.13418.wav;2640,53689;2644,13418;que levava a voz do contador de histórias para a mais longínqua região;que levava a voz do contador de histórias para a mais longínqua região;3,5972900000001573;que levava a bordo o contador de histórias pra mais longincuo a região;;[{'text': 'que', 'timestamp': (0.02, 0.12)}, {'text': 'levava', 'timestamp': (0.16, 0.64)}, {'text': 'a', 'timestamp': (0.7, 0.72)}, {'text': 'bordo', 'timestamp': (0.84, 1.14)}, {'text': 'o', 'timestamp': (1.16, 1.18)}, {'text': 'contador', 'timestamp': (1.26, 1.64)}, {'text': 'de', 'timestamp': (1.72, 1.76)}, {'text': 'histórias', 'timestamp': (1.82, 2.22)}, {'text': 'pra', 'timestamp': (2.3, 2.42)}, {'text': 'mais', 'timestamp': (2.5, 2.64)}, {'text': 'longincuo', 'timestamp': (2.72, 3.1)}, {'text': 'a', 'timestamp': (3.14, 3.16)}, {'text': 'região', 'timestamp': (3.22, 3.5)}];0,46153846153846156;0,46153846153846156;0,7100591715976332;0,17142857142857143
./audios/SP_D2_333_2644.43376_2645.54526.wav;2644,43376;2645,54526;hoje a televisão;hoje a televisão;1,1114999999999782;poxa a televisão;;[{'text': 'poxa', 'timestamp': (0.06, 0.26)}, {'text': 'a', 'timestamp': (0.32, 0.34)}, {'text': 'televisão', 'timestamp': (0.4, 0.88)}];0,3333333333333333;0,3333333333333333;0,5555555555555556;0,1875
./audios/SP_D2_333_2646.154_2648.15177.wav;2646,154;2648,15177;com aquela sua telinha mágica;com aquela sua telinha mágica;1,9977699999999459;com aquela sua telinha mágica;;[{'text': 'com', 'timestamp': (0.02, 0.1)}, {'text': 'aquela', 'timestamp': (0.12, 0.32)}, {'text': 'sua', 'timestamp': (0.44, 0.58)}, {'text': 'telinha', 'timestamp': (0.68, 1.12)}, {'text': 'mágica', 'timestamp': (1.26, 1.8)}];0,0;0,0;0,0;0,0
./audios/SP_D2_333_2648.57703_2649.84225.wav;2648,57703;2649,84225;que leva a figura;que leva a figura;1,2652200000002267;que lá aquela a segunda;;[{'text': 'que', 'timestamp': (0.0, 0.1)}, {'text': 'lá', 'timestamp': (0.12, 0.2)}, {'text': 'aquela', 'timestamp': (0.32, 0.48)}, {'text': 'a', 'timestamp': (0.62, 0.64)}, {'text': 'segunda', 'timestamp': (0.76, 1.16)}];0,75;0,6;0,8;0,5882352941176471
./audios/SP_D2_333_2649.84225_2650.52929.wav;2649,84225;2650,52929;que leva o::;que leva o;0,6870399999997971;que leva um;;[{'text': 'que', 'timestamp': (1.06, 1.12)}, {'text': 'leva', 'timestamp': (1.18, 1.4)}, {'text': 'um', 'timestamp': (1.54, 1.58)}];0,3333333333333333;0,3333333333333333;0,5555555555555556;0,2
./audios/SP_D2_333_2652.05043_2652.58756.wav;2652,05043;2652,58756;o a a;o a a;0,5371300000001611;polara;;[{'text': 'polara', 'timestamp': (1.04, 1.46)}];1,0;1,0;1,0;0,6
./audios/SP_D2_333_2652.58756_2653.57825.wav;2652,58756;2653,57825;a iMAgem;a imagem;0,990690000000086;a imagem;;[{'text': 'a', 'timestamp': (1.06, 1.08)}, {'text': 'imagem', 'timestamp': (1.18, 1.84)}];0,0;0,0;0,0;0,0
./audios/SP_D2_333_2653.99602_2654.16312.wav;2653,99602;2654,16312;ah;ah;0,1671000000001186;e;;[{'text': 'e', 'timestamp': (0.82, 0.86)}];1,0;1,0;1,0;1,0
./audios/SP_D2_333_2654.16312_2657.84127.wav;2654,16312;2657,84127;contando as histórias para as mais diversas regiões do país;contando as histórias para as mais diversas regiões do país;3,6781499999997322;contando as histórias para as mais de viagem das regiões do país;;[{'text': 'contando', 'timestamp': (0.1, 0.64)}, {'text': 'as', 'timestamp': (0.74, 0.8)}, {'text': 'histórias', 'timestamp': (0.86, 1.52)}, {'text': 'para', 'timestamp': (1.62, 1.72)}, {'text': 'as', 'timestamp': (1.76, 1.82)}, {'text': 'mais', 'timestamp': (1.94, 2.16)}, {'text': 'de', 'timestamp': (2.2, 2.3)}, {'text': 'viagem', 'timestamp': (2.32, 2.52)}, {'text': 'das', 'timestamp': (2.56, 2.64)}, {'text': 'regiões', 'timestamp': (2.7, 3.02)}, {'text': 'do', 'timestamp': (3.06, 3.12)}, {'text': 'país', 'timestamp': (3.2, 3.48)}];0,3;0,25;0,32499999999999996;0,13559322033898305
./audios/SP_D2_333_2657.84127_2658.22283.wav;2657,84127;2658,22283;né?;né;0,38156000000026324;;;[];1,0;1,0;1,0;1,0
./audios/SP_D2_333_2662.56818_2663.62167.wav;2662,56818;2663,62167;[a nossa nacionalidade;a nossa nacionalidade;1,0534899999997833;a nossa nacionalidade;;[{'text': 'a', 'timestamp': (0.06, 0.08)}, {'text': 'nossa', 'timestamp': (0.14, 0.32)}, {'text': 'nacionalidade', 'timestamp': (0.38, 0.98)}];0,0;0,0;0,0;0,0
./audios/SP_D2_333_2663.62167_2664.6.wav;2663,62167;2664,6;e é isso que se [espera;e é isso que se espera;0,9783299999999144;e é isso que se seu;;[{'text': 'e', 'timestamp': (1.06, 1.08)}, {'text': 'é', 'timestamp': (1.12, 1.14)}, {'text': 'isso', 'timestamp': (1.22, 1.36)}, {'text': 'que', 'timestamp': (1.44, 1.5)}, {'text': 'se', 'timestamp': (1.58, 1.66)}, {'text': 'seu', 'timestamp': (1.72, 1.96)}];0,16666666666666666;0,16666666666666666;0,30555555555555547;0,18181818181818182
./audios/SP_D2_333_2664.6_2665.00319.wav;2664,6;2665,00319;né?;né;0,40318999999999505;peronas;;[{'text': 'peronas', 'timestamp': (0.94, 1.28)}];1,0;1,0;1,0;3,0
./audios/SP_D2_333_2669.1373_2669.74604.wav;2669,1373;2669,74604;de falar;de falar;0,6087400000001253;falar;;[{'text': 'falar', 'timestamp': (1.0, 1.28)}];0,5;0,5;0,5;0,375
./audios/SP_D2_333_2670.12533_2671.1545.wav;2670,12533;2671,1545;[a nossa música;a nossa música;1,0291700000002493;a nossa música;;[{'text': 'a', 'timestamp': (0.12, 0.14)}, {'text': 'nossa', 'timestamp': (0.18, 0.38)}, {'text': 'música', 'timestamp': (0.5, 0.9)}];0,0;0,0;0,0;0,0
./audios/SP_D2_333_2672.93298_2673.44113.wav;2672,93298;2673,44113;éh::;eh;0,5081500000001142;é;;[{'text': 'é', 'timestamp': (1.04, 1.06)}];1,0;1,0;1,0;1,0
./audios/SP_D2_333_2673.44113_2674.39402.wav;2673,44113;2674,39402;e eu costumo dizer;e eu costumo dizer;0,9528900000000249;aí eu costumo dizer;;[{'text': 'aí', 'timestamp': (0.98, 1.06)}, {'text': 'eu', 'timestamp': (1.14, 1.18)}, {'text': 'costumo', 'timestamp': (1.26, 1.46)}, {'text': 'dizer', 'timestamp': (1.56, 1.8)}];0,25;0,25;0,4375;0,1111111111111111
./audios/SP_D2_333_2674.54542_2674.74134.wav;2674,54542;2674,74134;''ah ah;ah ah;0,19592000000011467;a;;[{'text': 'a', 'timestamp': (1.02, 1.04)}];1,0;1,0;1,0;0,8
./audios/SP_D2_333_2674.74134_2676.11725.wav;2674,74134;2676,11725;se no princípio era o verbo;se no princípio era o verbo;1,3759099999997488;se no princípio era o verbo;;[{'text': 'se', 'timestamp': (0.08, 0.14)}, {'text': 'no', 'timestamp': (0.16, 0.22)}, {'text': 'princípio', 'timestamp': (0.26, 0.58)}, {'text': 'era', 'timestamp': (0.64, 0.72)}, {'text': 'o', 'timestamp': (0.74, 0.76)}, {'text': 'verbo', 'timestamp': (0.86, 1.28)}];0,0;0,0;0,0;0,0
./audios/SP_D2_333_2676.33875_2678.077.wav;2676,33875;2678,077;agora é a ima::gem'';agora é a imagem;1,7382500000003347;agora é a imame;;[{'text': 'agora', 'timestamp': (0.08, 0.44)}, {'text': 'é', 'timestamp': (0.7, 0.72)}, {'text': 'a', 'timestamp': (0.8, 0.82)}, {'text': 'imame', 'timestamp': (0.9, 1.4)}];0,25;0,25;0,4375;0,125
./audios/SP_D2_333_2678.50324_2680.81806.wav;2678,50324;2680,81806;a imagem está realmente dominando;a imagem está realmente dominando;2,3148200000000543;a imagem está realmente dominando;;[{'text': 'a', 'timestamp': (0.1, 0.12)}, {'text': 'imagem', 'timestamp': (0.22, 0.58)}, {'text': 'está', 'timestamp': (0.64, 0.84)}, {'text': 'realmente', 'timestamp': (0.96, 1.28)}, {'text': 'dominando', 'timestamp': (1.38, 1.98)}];0,0;0,0;0,0;0,0
./audios/SP_D2_333_2681.22383_2682.33222.wav;2681,22383;2682,33222;e:::;e;1,108389999999872;em;;[{'text': 'em', 'timestamp': (0.1, 0.24)}];1,0;1,0;1,0;1,0
./audios/SP_D2_333_2683.1255_2684.37183.wav;2683,1255;2684,37183;o Beethoven dizia quando;o beethoven dizia quando;1,2463299999999435;o betoven dizia quando;;[{'text': 'o', 'timestamp': (0.06, 0.08)}, {'text': 'betoven', 'timestamp': (0.18, 0.62)}, {'text': 'dizia', 'timestamp': (0.68, 0.92)}, {'text': 'quando', 'timestamp': (0.96, 1.22)}];0,25;0,25;0,4375;0,08333333333333333
./audios/SP_D2_333_2684.56608_2685.33336.wav;2684,56608;2685,33336;lhe perguntavam;lhe perguntavam;0,7672800000000279;me perguntava;;[{'text': 'me', 'timestamp': (1.02, 1.06)}, {'text': 'perguntava', 'timestamp': (1.14, 1.68)}];1,0;1,0;1,0;0,2
./audios/SP_D2_333_2685.33336_2685.54152.wav;2685,33336;2685,54152;né?;né;0,20816000000013446;a;;[{'text': 'a', 'timestamp': (1.04, 1.06)}];1,0;1,0;1,0;1,0
./audios/SP_D2_333_2685.78014_2688.57732.wav;2685,78014;2688,57732;o que ele queria expressar com determinada sinfonia;o que ele queria expressar com determinada sinfonia;2,7971800000000258;o que ele queria expressar com determinada sinfonia;;[{'text': 'o', 'timestamp': (0.04, 0.06)}, {'text': 'que', 'timestamp': (0.12, 0.2)}, {'text': 'ele', 'timestamp': (0.22, 0.3)}, {'text': 'queria', 'timestamp': (0.38, 0.66)}, {'text': 'expressar', 'timestamp': (0.86, 1.38)}, {'text': 'com', 'timestamp': (1.48, 1.56)}, {'text': 'determinada', 'timestamp': (1.6, 2.04)}, {'text': 'sinfonia', 'timestamp': (2.14, 2.66)}];0,0;0,0;0,0;0,0
./audios/SP_D2_333_2688.91679_2692.44404.wav;2688,91679;2692,44404;''se eu pudesse fazer com palavras não faria com [música'';se eu pudesse fazer com palavras não faria com música;3,52724999999964;se eu pudesse fazer com palavras não faria com música;;[{'text': 'se', 'timestamp': (0.18, 0.24)}, {'text': 'eu', 'timestamp': (0.28, 0.36)}, {'text': 'pudesse', 'timestamp': (0.5, 0.96)}, {'text': 'fazer', 'timestamp': (1.14, 1.44)}, {'text': 'com', 'timestamp': (1.54, 1.64)}, {'text': 'palavras', 'timestamp': (1.74, 2.16)}, {'text': 'não', 'timestamp': (2.26, 2.32)}, {'text': 'faria', 'timestamp': (2.4, 2.62)}, {'text': 'com', 'timestamp': (2.7, 2.78)}, {'text': 'música', 'timestamp': (2.9, 3.34)}];0,0;0,0;0,0;0,0
./audios/SP_D2_333_2692.9741_2696.09534.wav;2692,9741;2696,09534;[eu acho que hoje o que se pode fazer com a imagem;eu acho que hoje o que se pode fazer com a imagem;3,1212399999999434;eu acho que hoje o que se pode fazer com a imagem;;[{'text': 'eu', 'timestamp': (0.08, 0.16)}, {'text': 'acho', 'timestamp': (0.34, 0.58)}, {'text': 'que', 'timestamp': (0.68, 0.76)}, {'text': 'hoje', 'timestamp': (0.86, 1.12)}, {'text': 'o', 'timestamp': (1.18, 1.2)}, {'text': 'que', 'timestamp': (1.22, 1.28)}, {'text': 'se', 'timestamp': (1.36, 1.42)}, {'text': 'pode', 'timestamp': (1.52, 1.7)}, {'text': 'fazer', 'timestamp': (1.82, 2.1)}, {'text': 'com', 'timestamp': (2.24, 2.36)}, {'text': 'a', 'timestamp': (2.46, 2.48)}, {'text': 'imagem', 'timestamp': (2.56, 3.06)}];0,0;0,0;0,0;0,0
./audios/SP_D2_333_2696.09534_2697.98129.wav;2696,09534;2697,98129;não se deve fazer com palavra;não se deve fazer com palavra;1,8859500000003209;não se deve fazer com palavra;;[{'text': 'não', 'timestamp': (0.08, 0.16)}, {'text': 'se', 'timestamp': (0.26, 0.32)}, {'text': 'deve', 'timestamp': (0.4, 0.58)}, {'text': 'fazer', 'timestamp': (0.68, 0.86)}, {'text': 'com', 'timestamp': (0.94, 1.04)}, {'text': 'palavra', 'timestamp': (1.12, 1.6)}];0,0;0,0;0,0;0,0
./audios/SP_D2_333_2697.98129_2699.49333.wav;2697,98129;2699,49333;porque ela é muito mais imediata;porque ela é muito mais imediata;1,5120399999996152;fiquei muito mais imediata;;[{'text': 'fiquei', 'timestamp': (0.06, 0.3)}, {'text': 'muito', 'timestamp': (0.34, 0.46)}, {'text': 'mais', 'timestamp': (0.54, 0.68)}, {'text': 'imediata', 'timestamp': (0.78, 1.3)}];0,5;0,5;0,625;0,28125
./audios/SP_D2_333_2699.8264_2700.51778.wav;2699,8264;2700,51778;se eu disser;se eu disser;0,6913800000002084;se eu disser;;[{'text': 'se', 'timestamp': (1.06, 1.1)}, {'text': 'eu', 'timestamp': (1.14, 1.18)}, {'text': 'disser', 'timestamp': (1.24, 1.56)}];0,0;0,0;0,0;0,0
./audios/SP_D2_333_2700.84267_2701.05386.wav;2700,84267;2701,05386;éh;eh;0,21118999999998778;é;;[{'text': 'é', 'timestamp': (1.06, 1.08)}];1,0;1,0;1,0;1,0
./audios/SP_D2_333_2701.05386_2703.53823.wav;2701,05386;2703,53823;''em tal região do Brasil uma criança tem fome'';em tal região do brasil uma criança tem fome;2,4843700000001263;em tal região do brasil uma criança tem fome;;[{'text': 'em', 'timestamp': (0.06, 0.1)}, {'text': 'tal', 'timestamp': (0.18, 0.28)}, {'text': 'região', 'timestamp': (0.34, 0.58)}, {'text': 'do', 'timestamp': (0.64, 0.68)}, {'text': 'brasil', 'timestamp': (0.74, 1.04)}, {'text': 'uma', 'timestamp': (1.14, 1.24)}, {'text': 'criança', 'timestamp': (1.32, 1.62)}, {'text': 'tem', 'timestamp': (1.72, 1.82)}, {'text': 'fome', 'timestamp': (2.02, 2.3)}];0,0;0,0;0,0;0,0
./audios/SP_D2_333_2704.03476_2704.30398.wav;2704,03476;2704,30398;ah;ah;0,26922000000013213;é a;;[{'text': 'é', 'timestamp': (1.06, 1.08)}, {'text': 'a', 'timestamp': (1.24, 1.26)}];2,0;1,0;1,0;1,5
./audios/SP_D2_333_2704.30398_2706.02474.wav;2704,30398;2706,02474;a pessoa lerá o jornal e dirá;a pessoa lerá o jornal e dirá;1,7207599999997;a pessoa lerá o jornal e dirá;;[{'text': 'a', 'timestamp': (0.04, 0.06)}, {'text': 'pessoa', 'timestamp': (0.1, 0.38)}, {'text': 'lerá', 'timestamp': (0.42, 0.62)}, {'text': 'o', 'timestamp': (0.7, 0.72)}, {'text': 'jornal', 'timestamp': (0.82, 1.16)}, {'text': 'e', 'timestamp': (1.26, 1.28)}, {'text': 'dirá', 'timestamp': (1.36, 1.54)}];0,0;0,0;0,0;0,0
./audios/SP_D2_333_2706.33339_2709.20969.wav;2706,33339;2709,20969;''bom ela é uma jornalista Exagerada'';bom ela é uma jornalista exagerada;2,876300000000356;bom ela é uma jornalista exagerada;;[{'text': 'bom', 'timestamp': (0.08, 0.24)}, {'text': 'ela', 'timestamp': (0.5, 0.62)}, {'text': 'é', 'timestamp': (0.66, 0.68)}, {'text': 'uma', 'timestamp': (0.74, 0.84)}, {'text': 'jornalista', 'timestamp': (1.18, 1.72)}, {'text': 'exagerada', 'timestamp': (1.9, 2.62)}];0,0;0,0;0,0;0,0
./audios/SP_D2_333_2709.55102_2709.9881.wav;2709,55102;2709,9881;pode;pode;0,4370800000001509;pode;;[{'text': 'pode', 'timestamp': (1.04, 1.24)}];0,0;0,0;0,0;0,0
./audios/SP_D2_333_2709.9881_2711.90608.wav;2709,9881;2711,90608;poderá até me chamar de subversiva;poderá até me chamar de subversiva;1,9179800000001705;poderá até me chamar de subversiva;;[{'text': 'poderá', 'timestamp': (0.06, 0.24)}, {'text': 'até', 'timestamp': (0.32, 0.42)}, {'text': 'me', 'timestamp': (0.52, 0.56)}, {'text': 'chamar', 'timestamp': (0.64, 0.84)}, {'text': 'de', 'timestamp': (0.9, 0.94)}, {'text': 'subversiva', 'timestamp': (1.02, 1.62)}];0,0;0,0;0,0;0,0
./audios/SP_D2_333_2712.24612_2712.73198.wav;2712,24612;2712,73198;agora;agora;0,4858600000002298;agora;;[{'text': 'agora', 'timestamp': (1.08, 1.4)}];0,0;0,0;0,0;0,0
./audios/SP_D2_333_2712.73198_2714.04442.wav;2712,73198;2714,04442;vai um cinegrafista;vai um cinegrafista;1,3124400000001515;vai um cinegrafista;;[{'text': 'vai', 'timestamp': (0.04, 0.16)}, {'text': 'um', 'timestamp': (0.22, 0.26)}, {'text': 'cinegrafista', 'timestamp': (0.34, 1.2)}];0,0;0,0;0,0;0,0
./audios/SP_D2_333_2714.04442_2714.98069.wav;2714,04442;2714,98069;filma uma criança;filma uma criança;0,9362699999996948;chama criaça;;[{'text': 'chama', 'timestamp': (1.18, 1.44)}, {'text': 'criaça', 'timestamp': (1.54, 1.94)}];1,0;1,0;1,0;0,4117647058823529
./audios/SP_D2_333_2714.98069_2716.30444.wav;2714,98069;2716,30444;a FOme da criança;a fome da criança;1,3237500000000182;a fome da criança;;[{'text': 'a', 'timestamp': (0.08, 0.1)}, {'text': 'fome', 'timestamp': (0.32, 0.54)}, {'text': 'da', 'timestamp': (0.64, 0.7)}, {'text': 'criança', 'timestamp': (0.74, 1.12)}];0,0;0,0;0,0;0,0
./audios/SP_D2_333_2716.88666_2718.06535.wav;2716,88666;2718,06535;e põe no vídeo;e põe no vídeo;1,1786899999997331;e põe no fitel;;[{'text': 'e', 'timestamp': (0.04, 0.06)}, {'text': 'põe', 'timestamp': (0.28, 0.46)}, {'text': 'no', 'timestamp': (0.54, 0.62)}, {'text': 'fitel', 'timestamp': (0.74, 1.06)}];0,25;0,25;0,4375;0,2857142857142857
./audios/SP_D2_333_2718.83248_2720.6986.wav;2718,83248;2720,6986;é uma fome Irretorquível;é uma fome irretorquível;1,8661200000001372;era uma fome irretorquivel;;[{'text': 'era', 'timestamp': (0.02, 0.12)}, {'text': 'uma', 'timestamp': (0.14, 0.26)}, {'text': 'fome', 'timestamp': (0.36, 0.54)}, {'text': 'irretorquivel', 'timestamp': (0.78, 1.74)}];0,5;0,5;0,75;0,16666666666666666
./audios/SP_D2_333_2720.6986_2721.90337.wav;2720,6986;2721,90337;e INsofismável;e insofismável;1,2047699999998258;e um sofismar;;[{'text': 'e', 'timestamp': (0.08, 0.1)}, {'text': 'um', 'timestamp': (0.16, 0.22)}, {'text': 'sofismar', 'timestamp': (0.36, 0.94)}];1,0;0,6666666666666666;0,8333333333333334;0,5
./audios/SP_D2_333_2729.21369_2729.52.wav;2729,21369;2729,52;é?;é;0,30630999999993946;é;;[{'text': 'é', 'timestamp': (1.04, 1.06)}];0,0;0,0;0,0;0,0
./audios/SP_D2_333_2731.0979_2732.09927.wav;2731,0979;2732,09927;os migrantes [( );os migrantes;1,0013699999999517;os baianos;;[{'text': 'os', 'timestamp': (0.46, 0.58)}, {'text': 'baianos', 'timestamp': (0.62, 0.96)}];0,5;0,5;0,75;0,5
./audios/SP_D2_333_2735.88613_2736.13954.wav;2735,88613;2736,13954;pois é;pois é;0,25341000000025815;pois é;;[{'text': 'pois', 'timestamp': (1.04, 1.14)}, {'text': 'é', 'timestamp': (1.18, 1.2)}];0,0;0,0;0,0;0,0
./audios/SP_D2_333_2736.35479_2737.76781.wav;2736,35479;2737,76781;agora você vê no jornal;agora você vê no jornal;1,4130199999999604;agora você vê no jornal;;[{'text': 'agora', 'timestamp': (0.06, 0.28)}, {'text': 'você', 'timestamp': (0.36, 0.5)}, {'text': 'vê', 'timestamp': (0.56, 0.6)}, {'text': 'no', 'timestamp': (0.74, 0.8)}, {'text': 'jornal', 'timestamp': (0.92, 1.24)}];0,0;0,0;0,0;0,0
./audios/SP_D2_333_2738.16033_2739.73876.wav;2738,16033;2739,73876;você compara esse drama;você compara esse drama;1,5784300000000258;você contar esse drama;;[{'text': 'você', 'timestamp': (0.06, 0.3)}, {'text': 'contar', 'timestamp': (0.48, 0.86)}, {'text': 'esse', 'timestamp': (0.94, 1.1)}, {'text': 'drama', 'timestamp': (1.2, 1.44)}];0,25;0,25;0,4375;0,13043478260869565
./audios/SP_D2_333_2740.24574_2741.05812.wav;2740,24574;2741,05812;levaria;levaria;0,812380000000303;levaria;;[{'text': 'levaria', 'timestamp': (1.06, 1.64)}];0,0;0,0;0,0;0,0
./audios/SP_D2_333_2741.4124_2741.85829.wav;2741,4124;2741,85829;éh::;eh;0,44588999999996304;é;;[{'text': 'é', 'timestamp': (1.06, 1.08)}];1,0;1,0;1,0;1,0
./audios/SP_D2_333_2741.85829_2744.48487.wav;2741,85829;2744,48487;quantas laudas você teria que bater à máquina;quantas laudas você teria que bater à máquina;2,626579999999649;quantas laudas você teria que bater a máquina;;[{'text': 'quantas', 'timestamp': (0.02, 0.3)}, {'text': 'laudas', 'timestamp': (0.4, 0.74)}, {'text': 'você', 'timestamp': (0.86, 1.0)}, {'text': 'teria', 'timestamp': (1.1, 1.32)}, {'text': 'que', 'timestamp': (1.4, 1.48)}, {'text': 'bater', 'timestamp': (1.56, 1.82)}, {'text': 'a', 'timestamp': (1.9, 1.92)}, {'text': 'máquina', 'timestamp': (2.0, 2.46)}];0,125;0,125;0,234375;0,022222222222222223
./audios/SP_D2_333_2744.88_2747.85273.wav;2744,88;2747,85273;você precisaria Apreender bem o drama;você precisaria apreender bem o drama;2,972729999999956;você precisaria apreender bem o drama;;[{'text': 'você', 'timestamp': (0.16, 0.28)}, {'text': 'precisaria', 'timestamp': (0.38, 0.96)}, {'text': 'apreender', 'timestamp': (1.16, 1.88)}, {'text': 'bem', 'timestamp': (2.02, 2.16)}, {'text': 'o', 'timestamp': (2.26, 2.28)}, {'text': 'drama', 'timestamp': (2.38, 2.72)}];0,0;0,0;0,0;0,0
./audios/SP_D2_333_2748.207_2749.71951.wav;2748,207;2749,71951;ouvir uma porção de depoimentos;ouvir uma porção de depoimentos;1,5125100000000202;ouvir uma pessoa de apoio e mente;;[{'text': 'ouvir', 'timestamp': (0.08, 0.32)}, {'text': 'uma', 'timestamp': (0.4, 0.46)}, {'text': 'pessoa', 'timestamp': (0.5, 0.66)}, {'text': 'de', 'timestamp': (0.7, 0.76)}, {'text': 'apoio', 'timestamp': (0.82, 0.92)}, {'text': 'e', 'timestamp': (0.96, 0.98)}, {'text': 'mente', 'timestamp': (1.04, 1.3)}];0,8;0,5714285714285714;0,7428571428571429;0,41935483870967744
./audios/SP_D2_333_2749.71951_2750.40362.wav;2749,71951;2750,40362;(e tudo mais);e tudo mais;0,6841100000001461;e;;[{'text': 'e', 'timestamp': (1.22, 1.24)}];0,6666666666666666;0,6666666666666666;0,6666666666666667;0,9090909090909091
./audios/SP_D2_333_2750.40362_2751.27275.wav;2750,40362;2751,27275;com a [imagem;com a imagem;0,869130000000041;com a mali no;;[{'text': 'com', 'timestamp': (1.0, 1.12)}, {'text': 'a', 'timestamp': (1.18, 1.2)}, {'text': 'mali', 'timestamp': (1.4, 1.74)}, {'text': 'no', 'timestamp': (1.8, 1.86)}];0,6666666666666666;0,5;0,6666666666666667;0,5
./audios/SP_D2_333_2758.56_2758.82959.wav;2758,56;2758,82959;[tem;tem;0,2695899999998801;tem;;[{'text': 'tem', 'timestamp': (1.04, 1.16)}];0,0;0,0;0,0;0,0
./audios/SP_D2_333_2758.82959_2759.6731.wav;2758,82959;2759,6731;pode melhorar mais;pode melhorar mais;0,8435100000001512;pode melhorar mais;;[{'text': 'pode', 'timestamp': (1.04, 1.24)}, {'text': 'melhorar', 'timestamp': (1.32, 1.58)}, {'text': 'mais', 'timestamp': (1.68, 1.82)}];0,0;0,0;0,0;0,0
./audios/SP_D2_333_2759.6731_2762.28246.wav;2759,6731;2762,28246;nesse ponto o o:: telejornal nosso;nesse ponto o o telejornal nosso;2,609359999999924;nesse ponto o tele jornal nosso;;[{'text': 'nesse', 'timestamp': (0.12, 0.28)}, {'text': 'ponto', 'timestamp': (0.38, 0.66)}, {'text': 'o', 'timestamp': (1.44, 1.46)}, {'text': 'tele', 'timestamp': (1.54, 1.72)}, {'text': 'jornal', 'timestamp': (1.82, 2.08)}, {'text': 'nosso', 'timestamp': (2.22, 2.56)}];0,3333333333333333;0,3333333333333333;0,5555555555555556;0,09375
./audios/SP_D2_333_2762.81852_2764.60013.wav;2762,81852;2764,60013;pode se aprimorar bastante;pode se aprimorar bastante;1,7816100000000006;pode se aprimorar bastante;;[{'text': 'pode', 'timestamp': (0.08, 0.22)}, {'text': 'se', 'timestamp': (0.3, 0.36)}, {'text': 'aprimorar', 'timestamp': (0.4, 0.82)}, {'text': 'bastante', 'timestamp': (0.94, 1.54)}];0,0;0,0;0,0;0,0
./audios/SP_D2_333_2764.87605_2766.0081.wav;2764,87605;2766,0081;eu acho [bastante;eu acho bastante;1,132050000000163;eu acho que bastante que se;;[{'text': 'eu', 'timestamp': (0.0, 0.1)}, {'text': 'acho', 'timestamp': (0.18, 0.32)}, {'text': 'que', 'timestamp': (0.34, 0.42)}, {'text': 'bastante', 'timestamp': (0.46, 0.86)}, {'text': 'que', 'timestamp': (0.92, 0.98)}, {'text': 'se', 'timestamp': (1.0, 1.1)}];1,0;0,5;0,5;0,6875
./audios/SP_D2_333_2766.53042_2768.22099.wav;2766,53042;2768,22099;[sobretudo nesse sentido que a I/;sobretudo nesse sentido que a i;1,6905699999997523;sobretudo nesse sentido que aí;;[{'text': 'sobretudo', 'timestamp': (0.14, 0.58)}, {'text': 'nesse', 'timestamp': (0.7, 0.9)}, {'text': 'sentido', 'timestamp': (0.94, 1.24)}, {'text': 'que', 'timestamp': (1.36, 1.42)}, {'text': 'aí', 'timestamp': (1.48, 1.56)}];0,3333333333333333;0,3333333333333333;0,4666666666666667;0,06451612903225806
./audios/SP_D2_333_2768.22099_2768.88352.wav;2768,22099;2768,88352;éh::;eh;0,6625300000000607;e;;[{'text': 'e', 'timestamp': (1.08, 1.1)}];1,0;1,0;1,0;0,5
./audios/SP_D2_333_2768.88352_2769.65465.wav;2768,88352;2769,65465;que a Isa falou;que a isa falou;0,7711300000000847;o que a isa falou;;[{'text': 'o', 'timestamp': (0.98, 1.0)}, {'text': 'que', 'timestamp': (1.02, 1.08)}, {'text': 'a', 'timestamp': (1.12, 1.14)}, {'text': 'isa', 'timestamp': (1.2, 1.36)}, {'text': 'falou', 'timestamp': (1.44, 1.66)}];0,25;0,2;0,19999999999999996;0,13333333333333333
./audios/SP_D2_333_2769.97805_2770.15453.wav;2769,97805;2770,15453;éh;eh;0,1764799999996285;pedro;;[{'text': 'pedro', 'timestamp': (0.98, 1.26)}];1,0;1,0;1,0;2,0
./audios/SP_D2_333_2770.15453_2770.38936.wav;2770,15453;2770,38936;f/;f;0,23483000000032916;a;;[{'text': 'a', 'timestamp': (0.54, 0.6)}];1,0;1,0;1,0;1,0
./audios/SP_D2_333_2770.38936_2773.36919.wav;2770,38936;2773,36919;pegar mais o homem brasileiro e a problemática brasileira;pegar mais o homem brasileiro e a problemática brasileira;2,9798299999997653;pegar mais um homem brasileiro e a problemática brasileira;;[{'text': 'pegar', 'timestamp': (0.1, 0.38)}, {'text': 'mais', 'timestamp': (0.5, 0.7)}, {'text': 'um', 'timestamp': (0.76, 0.8)}, {'text': 'homem', 'timestamp': (0.84, 1.04)}, {'text': 'brasileiro', 'timestamp': (1.12, 1.6)}, {'text': 'e', 'timestamp': (1.68, 1.7)}, {'text': 'a', 'timestamp': (1.72, 1.74)}, {'text': 'problemática', 'timestamp': (1.8, 2.34)}, {'text': 'brasileira', 'timestamp': (2.4, 2.82)}];0,1111111111111111;0,1111111111111111;0,2098765432098766;0,03508771929824561
./audios/SP_D2_333_2773.62161_2775.58119.wav;2773,62161;2775,58119;porque nós estamos recebendo ainda MUIto;porque nós estamos recebendo ainda muito;1,9595799999997325;que nós estamos recebendo ainda muito;;[{'text': 'que', 'timestamp': (0.02, 0.1)}, {'text': 'nós', 'timestamp': (0.12, 0.2)}, {'text': 'estamos', 'timestamp': (0.28, 0.58)}, {'text': 'recebendo', 'timestamp': (0.66, 1.08)}, {'text': 'ainda', 'timestamp': (1.16, 1.38)}, {'text': 'muito', 'timestamp': (1.56, 1.84)}];0,16666666666666666;0,16666666666666666;0,30555555555555547;0,075
./audios/SP_D2_333_2775.58119_2777.12704.wav;2775,58119;2777,12704;em matéria de telejornalismo;em matéria de telejornalismo;1,545849999999973;em matéria de telejornalismo;;[{'text': 'em', 'timestamp': (0.04, 0.08)}, {'text': 'matéria', 'timestamp': (0.14, 0.46)}, {'text': 'de', 'timestamp': (0.5, 0.54)}, {'text': 'telejornalismo', 'timestamp': (0.64, 1.44)}];0,0;0,0;0,0;0,0
./audios/SP_D2_333_2777.48437_2780.10571.wav;2777,48437;2780,10571;as notícias mais imediatas da:::;as notícias mais imediatas da;2,621339999999691;as notícias mais imediatas da;;[{'text': 'as', 'timestamp': (0.12, 0.2)}, {'text': 'notícias', 'timestamp': (0.3, 0.74)}, {'text': 'mais', 'timestamp': (0.82, 0.96)}, {'text': 'imediatas', 'timestamp': (1.04, 1.66)}, {'text': 'da', 'timestamp': (1.76, 1.82)}];0,0;0,0;0,0;0,0
./audios/SP_D2_333_2780.10571_2780.59633.wav;2780,10571;2780,59633;que vêm;que vêm;0,49062000000003536;aqui vem;;[{'text': 'aqui', 'timestamp': (1.02, 1.14)}, {'text': 'vem', 'timestamp': (1.24, 1.36)}];1,0;1,0;1,0;0,42857142857142855
./audios/SP_D2_333_2780.84165_2781.7186.wav;2780,84165;2781,7186;pelas agências;pelas agências;0,8769500000003063;pelas agências;;[{'text': 'pelas', 'timestamp': (1.04, 1.22)}, {'text': 'agências', 'timestamp': (1.28, 1.72)}];0,0;0,0;0,0;0,0
./audios/SP_D2_333_2782.15148_2782.4125.wav;2782,15148;2782,4125;éh;eh;0,26101999999991676;e;;[{'text': 'e', 'timestamp': (1.1, 1.12)}];1,0;1,0;1,0;0,5
./audios/SP_D2_333_2782.4125_2783.10385.wav;2782,4125;2783,10385;estrangeiras;estrangeiras;0,6913500000000568;estrangeira se;;[{'text': 'estrangeira', 'timestamp': (1.04, 1.54)}, {'text': 'se', 'timestamp': (1.62, 1.66)}];2,0;1,0;1,0;0,16666666666666666
./audios/SP_D2_333_2783.10385_2783.63137.wav;2783,10385;2783,63137;então;então;0,527520000000095;então;;[{'text': 'então', 'timestamp': (1.04, 1.28)}];0,0;0,0;0,0;0,0
./audios/SP_D2_333_2783.93338_2784.65715.wav;2783,93338;2784,65715;éh:::;eh;0,7237700000000586;a;;[{'text': 'a', 'timestamp': (1.08, 1.1)}];1,0;1,0;1,0;1,0
./audios/SP_D2_333_2784.86022_2786.11152.wav;2784,86022;2786,11152;sabe-se lá de dos;sabese lá de dos;1,251299999999901;sabe se lá de qing;;[{'text': 'sabe', 'timestamp': (0.14, 0.38)}, {'text': 'se', 'timestamp': (0.48, 0.54)}, {'text': 'lá', 'timestamp': (0.6, 0.66)}, {'text': 'de', 'timestamp': (0.74, 0.84)}, {'text': 'qing', 'timestamp': (0.98, 1.18)}];0,75;0,6;0,8;0,3125
./audios/SP_D2_333_2786.11152_2787.46256.wav;2786,11152;2787,46256;outro dia ainda vi na no no;outro dia ainda vi na no no;1,3510400000000118;outro dia de vir não é no;;[{'text': 'outro', 'timestamp': (0.08, 0.22)}, {'text': 'dia', 'timestamp': (0.28, 0.36)}, {'text': 'de', 'timestamp': (0.44, 0.48)}, {'text': 'vir', 'timestamp': (0.54, 0.64)}, {'text': 'não', 'timestamp': (0.68, 0.74)}, {'text': 'é', 'timestamp': (0.92, 0.94)}, {'text': 'no', 'timestamp': (1.06, 1.16)}];0,5714285714285714;0,5714285714285714;0,8163265306122449;0,3333333333333333
./audios/SP_D2_333_2787.57769_2788.40469.wav;2787,57769;2788,40469;Jornal da Globo;jornal da globo;0,8269999999997708;jornal da globo;;[{'text': 'jornal', 'timestamp': (1.04, 1.26)}, {'text': 'da', 'timestamp': (1.3, 1.36)}, {'text': 'globo', 'timestamp': (1.46, 1.74)}];0,0;0,0;0,0;0,0
./audios/SP_D2_333_2788.75979_2790.3084.wav;2788,75979;2790,3084;os movimentos na China na;os movimentos na china na;1,548609999999826;os movimentos na china na;;[{'text': 'os', 'timestamp': (0.06, 0.1)}, {'text': 'movimentos', 'timestamp': (0.16, 0.7)}, {'text': 'na', 'timestamp': (0.76, 0.8)}, {'text': 'china', 'timestamp': (1.02, 1.28)}, {'text': 'na', 'timestamp': (1.38, 1.52)}];0,0;0,0;0,0;0,0
./audios/SP_D2_333_2790.3084_2791.3055.wav;2790,3084;2791,3055;da Praça da Paz;da praça da paz;0,9971000000000458;da praça da pasta;;[{'text': 'da', 'timestamp': (1.04, 1.1)}, {'text': 'praça', 'timestamp': (1.22, 1.5)}, {'text': 'da', 'timestamp': (1.56, 1.62)}, {'text': 'pasta', 'timestamp': (1.72, 2.02)}];0,25;0,25;0,4375;0,2
./audios/SP_D2_333_2791.45025_2792.25412.wav;2791,45025;2792,25412;Celestial;celestial;0,8038700000001882;você veste algo;;[{'text': 'você', 'timestamp': (1.0, 1.14)}, {'text': 'veste', 'timestamp': (1.24, 1.48)}, {'text': 'algo', 'timestamp': (1.54, 1.74)}];3,0;1,0;1,0;1,0
./audios/SP_D2_333_2792.74097_2793.41574.wav;2792,74097;2793,41574;o o::;o o;0,6747700000000805;a;;[{'text': 'a', 'timestamp': (1.1, 1.12)}];1,0;1,0;1,0;1,0
./audios/SP_D2_333_2793.41574_2796.53781.wav;2793,41574;2796,53781;de pê/ de adeptos da das doutrinas do ( );de pê de adeptos da das doutrinas do;3,122069999999894;de de adeptos da das doutrinas do chuenlay;;[{'text': 'de', 'timestamp': (0.2, 0.38)}, {'text': 'de', 'timestamp': (0.54, 0.58)}, {'text': 'adeptos', 'timestamp': (0.66, 1.26)}, {'text': 'da', 'timestamp': (1.34, 1.4)}, {'text': 'das', 'timestamp': (1.64, 1.74)}, {'text': 'doutrinas', 'timestamp': (1.82, 2.26)}, {'text': 'do', 'timestamp': (2.32, 2.36)}, {'text': 'chuenlay', 'timestamp': (2.48, 3.0)}];0,25;0,2222222222222222;0,234375;0,3333333333333333
./audios/SP_D2_333_2796.94514_2798.42323.wav;2796,94514;2798,42323;e de pessoas divergentes;e de pessoas divergentes;1,4780900000000656;e de pessoas divergentes;;[{'text': 'e', 'timestamp': (0.08, 0.1)}, {'text': 'de', 'timestamp': (0.2, 0.26)}, {'text': 'pessoas', 'timestamp': (0.46, 0.78)}, {'text': 'divergentes', 'timestamp': (0.84, 1.42)}];0,0;0,0;0,0;0,0
./audios/SP_D2_333_2798.73566_2799.17213.wav;2798,73566;2799,17213;mas;mas;0,4364700000000994;mas;;[{'text': 'mas', 'timestamp': (1.14, 1.3)}];0,0;0,0;0,0;0,0
./audios/SP_D2_333_2799.17213_2800.64434.wav;2799,17213;2800,64434;o que se passa no Amazonas;o que se passa no amazonas;1,4722099999999045;o que se passa no amazona;;[{'text': 'o', 'timestamp': (0.06, 0.08)}, {'text': 'que', 'timestamp': (0.12, 0.2)}, {'text': 'se', 'timestamp': (0.26, 0.3)}, {'text': 'passa', 'timestamp': (0.42, 0.66)}, {'text': 'no', 'timestamp': (0.74, 0.78)}, {'text': 'amazona', 'timestamp': (0.86, 1.34)}];0,16666666666666666;0,16666666666666666;0,30555555555555547;0,038461538461538464
./audios/SP_D2_333_2801.02162_2801.72094.wav;2801,02162;2801,72094;eu não vejo;eu não vejo;0,6993200000001707;eu não vejo;;[{'text': 'eu', 'timestamp': (0.9, 1.08)}, {'text': 'não', 'timestamp': (1.12, 1.18)}, {'text': 'vejo', 'timestamp': (1.26, 1.5)}];0,0;0,0;0,0;0,0
./audios/SP_D2_333_2801.90565_2802.06561.wav;2801,90565;2802,06561;não é?;não é;0,15995999999995547;vá;;[{'text': 'vá', 'timestamp': (0.98, 1.04)}];1,0;1,0;1,0;1,0
./audios/SP_D2_333_2802.69323_2804.11802.wav;2802,69323;2804,11802;[esse drama por exemplo;esse drama por exemplo;1,42479000000003;eu acho que trama por exemplo sexo;;[{'text': 'eu', 'timestamp': (0.0, 0.04)}, {'text': 'acho', 'timestamp': (0.08, 0.18)}, {'text': 'que', 'timestamp': (0.22, 0.32)}, {'text': 'trama', 'timestamp': (0.34, 0.6)}, {'text': 'por', 'timestamp': (0.64, 0.74)}, {'text': 'exemplo', 'timestamp': (0.8, 1.06)}, {'text': 'sexo', 'timestamp': (1.1, 1.34)}];1,25;0,7142857142857143;0,8571428571428572;0,6818181818181818
./audios/SP_D2_333_2809.21793_2809.703.wav;2809,21793;2809,703;(com [certeza);com certeza;0,48507000000017797;a gerisue;;[{'text': 'a', 'timestamp': (1.04, 1.06)}, {'text': 'gerisue', 'timestamp': (1.12, 1.48)}];1,0;1,0;1,0;0,7272727272727273
./audios/SP_D2_333_2816.51022_2817.07065.wav;2816,51022;2817,07065;da agência;da agência;0,5604299999999967;da agência;;[{'text': 'da', 'timestamp': (1.04, 1.1)}, {'text': 'agência', 'timestamp': (1.14, 1.7)}];0,0;0,0;0,0;0,0
./audios/SP_D2_333_2817.81648_2818.6.wav;2817,81648;2818,6;[é superficial;é superficial;0,7835199999999531;só superficial;;[{'text': 'só', 'timestamp': (0.96, 1.06)}, {'text': 'superficial', 'timestamp': (1.18, 1.7)}];0,5;0,5;0,75;0,15384615384615385
./audios/SP_D2_333_2819.4529_2819.77662.wav;2819,4529;2819,77662;[é;é;0,32371999999986656;combate;;[{'text': 'combate', 'timestamp': (1.0, 1.36)}];1,0;1,0;1,0;7,0
./audios/SP_D2_333_2820.32234_2820.6088.wav;2820,32234;2820,6088;é;é;0,2864599999998063;ideia;;[{'text': 'ideia', 'timestamp': (0.88, 1.28)}];1,0;1,0;1,0;5,0
./audios/SP_D2_333_2820.6088_2821.34787.wav;2820,6088;2821,34787;[(é) horizontal;é horizontal;0,7390700000000834;atum quintão;;[{'text': 'atum', 'timestamp': (1.12, 1.38)}, {'text': 'quintão', 'timestamp': (1.42, 1.68)}];1,0;1,0;1,0;0,8333333333333334
./audios/SP_D2_333_2822.56344_2822.86093.wav;2822,56344;2822,86093;[é;é;0,2974899999999252;adoro;;[{'text': 'adoro', 'timestamp': (0.86, 1.24)}];1,0;1,0;1,0;5,0
./audios/SP_D2_333_2823.97759_2824.91718.wav;2823,97759;2824,91718;[um aprofundamento;um aprofundamento;0,9395899999999529;o dia para mais perto;;[{'text': 'o', 'timestamp': (1.02, 1.04)}, {'text': 'dia', 'timestamp': (1.08, 1.16)}, {'text': 'para', 'timestamp': (1.26, 1.52)}, {'text': 'mais', 'timestamp': (1.56, 1.68)}, {'text': 'perto', 'timestamp': (1.74, 2.04)}];2,5;1,0;1,0;0,8823529411764706
./audios/SP_D2_333_2825.15781_2826.30938.wav;2825,15781;2826,30938;[mas já está se [fazendo;mas já está se fazendo;1,1515699999999924;mas a gente tá se fazendo uma;;[{'text': 'mas', 'timestamp': (0.04, 0.1)}, {'text': 'a', 'timestamp': (0.12, 0.14)}, {'text': 'gente', 'timestamp': (0.2, 0.38)}, {'text': 'tá', 'timestamp': (0.42, 0.46)}, {'text': 'se', 'timestamp': (0.58, 0.64)}, {'text': 'fazendo', 'timestamp': (0.74, 1.0)}, {'text': 'uma', 'timestamp': (1.02, 1.08)}];0,8;0,5714285714285714;0,7428571428571429;0,5
./audios/SP_D2_333_2826.30938_2828.89449.wav;2826,30938;2828,89449;a Globo tem uma série de Globo Repórter;a globo tem uma série de globo repórter;2,585109999999986;a globo tem feito uma série de globo repórter;;[{'text': 'a', 'timestamp': (0.22, 0.24)}, {'text': 'globo', 'timestamp': (0.34, 0.56)}, {'text': 'tem', 'timestamp': (0.62, 0.72)}, {'text': 'feito', 'timestamp': (0.82, 1.0)}, {'text': 'uma', 'timestamp': (1.08, 1.16)}, {'text': 'série', 'timestamp': (1.32, 1.5)}, {'text': 'de', 'timestamp': (1.56, 1.6)}, {'text': 'globo', 'timestamp': (1.66, 1.88)}, {'text': 'repórter', 'timestamp': (1.96, 2.46)}];0,125;0,1111111111111111;0,11111111111111116;0,15384615384615385
./audios/SP_D2_333_2829.22217_2831.04131.wav;2829,22217;2831,04131;sobre por exemplo a poluição das águas;sobre por exemplo a poluição das águas;1,8191400000000613;sobre por exemplo a poluição das águas;;[{'text': 'sobre', 'timestamp': (0.08, 0.24)}, {'text': 'por', 'timestamp': (0.32, 0.38)}, {'text': 'exemplo', 'timestamp': (0.42, 0.6)}, {'text': 'a', 'timestamp': (0.64, 0.68)}, {'text': 'poluição', 'timestamp': (0.72, 1.08)}, {'text': 'das', 'timestamp': (1.14, 1.26)}, {'text': 'águas', 'timestamp': (1.34, 1.6)}];0,0;0,0;0,0;0,0
./audios/SP_D2_333_2831.04131_2831.92281.wav;2831,04131;2831,92281;ainda ontem;ainda ontem;0,88149999999996;ainda ontem;;[{'text': 'ainda', 'timestamp': (1.08, 1.32)}, {'text': 'ontem', 'timestamp': (1.5, 1.82)}];0,0;0,0;0,0;0,0
./audios/SP_D2_333_2831.92281_2832.69088.wav;2831,92281;2832,69088;--se não me engano--;se não me engano;0,7680700000000797;se não me engano;;[{'text': 'se', 'timestamp': (1.06, 1.1)}, {'text': 'não', 'timestamp': (1.16, 1.24)}, {'text': 'me', 'timestamp': (1.28, 1.34)}, {'text': 'engano', 'timestamp': (1.38, 1.6)}];0,0;0,0;0,0;0,0
./audios/SP_D2_333_2832.98778_2833.46418.wav;2832,98778;2833,46418;num trê/;num trê;0,47640000000001237;não trema;;[{'text': 'não', 'timestamp': (1.06, 1.16)}, {'text': 'trema', 'timestamp': (1.3, 1.58)}];1,0;1,0;1,0;0,7142857142857143
./audios/SP_D2_333_2833.76753_2836.12984.wav;2833,76753;2836,12984;num grande trecho do Globo Repórter de ontem;num grande trecho do globo repórter de ontem;2,3623099999999795;um grande trecho do globo reporter joe;;[{'text': 'um', 'timestamp': (0.1, 0.14)}, {'text': 'grande', 'timestamp': (0.18, 0.36)}, {'text': 'trecho', 'timestamp': (0.5, 0.82)}, {'text': 'do', 'timestamp': (0.98, 1.04)}, {'text': 'globo', 'timestamp': (1.26, 1.46)}, {'text': 'reporter', 'timestamp': (1.56, 2.02)}, {'text': 'joe', 'timestamp': (2.14, 2.28)}];0,5;0,5;0,7142857142857143;0,18181818181818182
./audios/SP_D2_333_2836.12984_2837.10445.wav;2836,12984;2837,10445;que foi terça-feira;que foi terçafeira;0,9746099999997568;e foi terça-feira;;[{'text': 'e', 'timestamp': (0.96, 0.98)}, {'text': 'foi', 'timestamp': (1.12, 1.22)}, {'text': 'terça-feira', 'timestamp': (1.3, 1.86)}];0,6666666666666666;0,6666666666666666;0,8888888888888888;0,16666666666666666
./audios/SP_D2_333_2837.63371_2840.41831.wav;2837,63371;2840,41831;enfocava o problema da poluição das águas;enfocava o problema da poluição das águas;2,784599999999955;enfocava o problema da poluição das águas;;[{'text': 'enfocava', 'timestamp': (0.08, 0.58)}, {'text': 'o', 'timestamp': (0.68, 0.7)}, {'text': 'problema', 'timestamp': (0.78, 1.16)}, {'text': 'da', 'timestamp': (1.24, 1.3)}, {'text': 'poluição', 'timestamp': (1.48, 2.0)}, {'text': 'das', 'timestamp': (2.08, 2.2)}, {'text': 'águas', 'timestamp': (2.3, 2.58)}];0,0;0,0;0,0;0,0
./audios/SP_D2_333_2840.99275_2842.09852.wav;2840,99275;2842,09852;e da MORte;e da morte;1,1057700000001205;e da morte;;[{'text': 'e', 'timestamp': (0.06, 0.08)}, {'text': 'da', 'timestamp': (0.26, 0.34)}, {'text': 'morte', 'timestamp': (0.5, 0.96)}];0,0;0,0;0,0;0,0
./audios/SP_D2_333_2842.09852_2843.90398.wav;2842,09852;2843,90398;ou do deCREto da morte;ou do decreto da morte;1,8054600000000391;o do decreto da morte;;[{'text': 'o', 'timestamp': (0.1, 0.14)}, {'text': 'do', 'timestamp': (0.28, 0.36)}, {'text': 'decreto', 'timestamp': (0.42, 1.02)}, {'text': 'da', 'timestamp': (1.12, 1.18)}, {'text': 'morte', 'timestamp': (1.32, 1.7)}];0,2;0,2;0,3599999999999999;0,045454545454545456
./audios/SP_D2_333_2843.90398_2845.63654.wav;2843,90398;2845,63654;do rio Mô/ Moji Guaçu;do rio mô moji guaçu;1,7325599999999213;do rio mogiguaçu;;[{'text': 'do', 'timestamp': (0.06, 0.12)}, {'text': 'rio', 'timestamp': (0.26, 0.44)}, {'text': 'mogiguaçu', 'timestamp': (0.74, 1.48)}];0,6;0,6;0,7333333333333334;0,25
./audios/SP_D2_333_2846.20235_2849.75515.wav;2846,20235;2849,75515;[que es/ que estaria com os seus peixes todos morrendo e tudo mais;que es que estaria com os seus peixes todos morrendo e tudo mais;3,552799999999934;importante estaria com seus peixes todos morrendo e tudo mais;;[{'text': 'importante', 'timestamp': (0.04, 0.46)}, {'text': 'estaria', 'timestamp': (0.56, 0.9)}, {'text': 'com', 'timestamp': (0.96, 1.02)}, {'text': 'seus', 'timestamp': (1.06, 1.28)}, {'text': 'peixes', 'timestamp': (1.4, 1.74)}, {'text': 'todos', 'timestamp': (1.86, 2.08)}, {'text': 'morrendo', 'timestamp': (2.18, 2.7)}, {'text': 'e', 'timestamp': (2.78, 2.8)}, {'text': 'tudo', 'timestamp': (2.88, 3.0)}, {'text': 'mais', 'timestamp': (3.08, 3.3)}];0,3076923076923077;0,3076923076923077;0,3769230769230769;0,1875
./audios/SP_D2_333_2850.18204_2853.4005.wav;2850,18204;2853,4005;então foram ouvidos diversos especialistas e::;então foram ouvidos diversos especialistas e;3,21846000000005;então foram ouvidos diversos especialistas e;;[{'text': 'então', 'timestamp': (0.06, 0.24)}, {'text': 'foram', 'timestamp': (0.34, 0.5)}, {'text': 'ouvidos', 'timestamp': (0.6, 0.96)}, {'text': 'diversos', 'timestamp': (1.04, 1.48)}, {'text': 'especialistas', 'timestamp': (1.58, 2.52)}, {'text': 'e', 'timestamp': (2.66, 2.68)}];0,0;0,0;0,0;0,0
./audios/SP_D2_333_2853.4005_2854.37435.wav;2853,4005;2854,37435;e (ideólogos);e ideólogos;0,9738499999998567;etólogos;;[{'text': 'etólogos', 'timestamp': (1.06, 1.76)}];1,0;1,0;1,0;0,36363636363636365
./audios/SP_D2_333_2855.6622_2856.23906.wav;2855,6622;2856,23906;e::;e;0,5768599999996695;e;;[{'text': 'e', 'timestamp': (1.08, 1.1)}];0,0;0,0;0,0;0,0
./audios/SP_D2_333_2856.23906_2856.70788.wav;2856,23906;2856,70788;para fa/;para fa;0,46882000000005064;grava;;[{'text': 'grava', 'timestamp': (1.1, 1.3)}];1,0;1,0;1,0;0,5714285714285714
./audios/SP_D2_333_2856.70788_2858.76352.wav;2856,70788;2858,76352;como seria possível restaurar::;como seria possível restaurar;2,0556400000000394;como seria possível restaurar;;[{'text': 'como', 'timestamp': (0.06, 0.2)}, {'text': 'seria', 'timestamp': (0.34, 0.54)}, {'text': 'possível', 'timestamp': (0.66, 0.98)}, {'text': 'restaurar', 'timestamp': (1.08, 1.58)}];0,0;0,0;0,0;0,0
./audios/SP_D2_333_2859.2503_2860.39278.wav;2859,2503;2860,39278;éh:::;eh;1,1424799999999777;e é a;;[{'text': 'e', 'timestamp': (0.22, 0.24)}, {'text': 'é', 'timestamp': (0.34, 0.36)}, {'text': 'a', 'timestamp': (0.92, 0.94)}];3,0;1,0;1,0;2,0
./audios/SP_D2_333_2860.39278_2861.8298.wav;2860,39278;2861,8298;esta esta vida;esta esta vida;1,4370199999998476;essa a esta vida;;[{'text': 'essa', 'timestamp': (0.08, 0.28)}, {'text': 'a', 'timestamp': (0.38, 0.4)}, {'text': 'esta', 'timestamp': (0.5, 0.72)}, {'text': 'vida', 'timestamp': (0.88, 1.22)}];0,6666666666666666;0,5;0,6666666666666667;0,21428571428571427
./audios/SP_D2_333_2862.1596_2863.606.wav;2862,1596;2863,606;já morta do rio;já morta do rio;1,446400000000267;já morta do rio;;[{'text': 'já', 'timestamp': (0.14, 0.22)}, {'text': 'morta', 'timestamp': (0.44, 0.82)}, {'text': 'do', 'timestamp': (0.9, 0.96)}, {'text': 'rio', 'timestamp': (1.1, 1.36)}];0,0;0,0;0,0;0,0
./audios/SP_D2_333_2863.606_2863.97269.wav;2863,606;2863,97269;não é?;não é;0,366689999999835;mais;;[{'text': 'mais', 'timestamp': (1.04, 1.22)}];1,0;1,0;1,0;1,0
./audios/SP_D2_333_2865.30428_2867.79975.wav;2865,30428;2867,79975;ressuscitar esta vida morta do rio;ressuscitar esta vida morta do rio;2,495470000000296;ressuscitar esta vida morta do frio;;[{'text': 'ressuscitar', 'timestamp': (0.12, 0.86)}, {'text': 'esta', 'timestamp': (0.96, 1.16)}, {'text': 'vida', 'timestamp': (1.26, 1.46)}, {'text': 'morta', 'timestamp': (1.58, 1.86)}, {'text': 'do', 'timestamp': (1.94, 1.98)}, {'text': 'frio', 'timestamp': (2.1, 2.36)}];0,16666666666666666;0,16666666666666666;0,30555555555555547;0,029411764705882353
./audios/SP_D2_333_2868.10828_2869.53633.wav;2868,10828;2869,53633;houve também uma reportagem;houve também uma reportagem;1,4280499999999847;houve também uma reportagem;;[{'text': 'houve', 'timestamp': (0.04, 0.22)}, {'text': 'também', 'timestamp': (0.32, 0.54)}, {'text': 'uma', 'timestamp': (0.6, 0.68)}, {'text': 'reportagem', 'timestamp': (0.76, 1.36)}];0,0;0,0;0,0;0,0
./audios/SP_D2_333_2869.53633_2871.66087.wav;2869,53633;2871,66087;que eu particularmente que adoro cachorro;que eu particularmente que adoro cachorro;2,124540000000252;aquilo particularmente que adora o cachorro;;[{'text': 'aquilo', 'timestamp': (0.06, 0.22)}, {'text': 'particularmente', 'timestamp': (0.3, 0.96)}, {'text': 'que', 'timestamp': (1.04, 1.14)}, {'text': 'adora', 'timestamp': (1.2, 1.44)}, {'text': 'o', 'timestamp': (1.5, 1.52)}, {'text': 'cachorro', 'timestamp': (1.58, 2.06)}];0,6666666666666666;0,5714285714285714;0,75;0,17073170731707318
./audios/SP_D2_333_2871.66087_2872.81084.wav;2871,66087;2872,81084;que sou cachorreira;que sou cachorreira;1,1499699999999393;sou cachorreira;;[{'text': 'sou', 'timestamp': (0.2, 0.28)}, {'text': 'cachorreira', 'timestamp': (0.36, 1.04)}];0,3333333333333333;0,3333333333333333;0,33333333333333337;0,21052631578947367
./audios/SP_D2_333_2873.16207_2874.65262.wav;2873,16207;2874,65262;amei especialmente;amei especialmente;1,4905499999999847;a meu e especialmente;;[{'text': 'a', 'timestamp': (0.2, 0.22)}, {'text': 'meu', 'timestamp': (0.4, 0.5)}, {'text': 'e', 'timestamp': (0.54, 0.58)}, {'text': 'especialmente', 'timestamp': (0.64, 1.34)}];1,5;0,75;0,875;0,2222222222222222
./audios/SP_D2_333_2875.10419_2877.06475.wav;2875,10419;2877,06475;que foi sobre o o:: fila brasileiro;que foi sobre o o fila brasileiro;1,9605599999999868;foi sobre o fila brasileiro;;[{'text': 'foi', 'timestamp': (0.02, 0.12)}, {'text': 'sobre', 'timestamp': (0.2, 0.36)}, {'text': 'o', 'timestamp': (0.4, 0.42)}, {'text': 'fila', 'timestamp': (1.1, 1.32)}, {'text': 'brasileiro', 'timestamp': (1.42, 1.92)}];0,2857142857142857;0,2857142857142857;0,2857142857142857;0,18181818181818182
./audios/SP_D2_333_2877.22801_2878.36.wav;2877,22801;2878,36;[está aí uma coisa;está aí uma coisa;1,1319900000003145;a mata;;[{'text': 'a', 'timestamp': (0.34, 0.36)}, {'text': 'mata', 'timestamp': (0.54, 0.76)}];1,0;1,0;1,0;0,7058823529411765
./audios/SP_D2_333_2878.82545_2880.48.wav;2878,82545;2880,48;exportando fila brasileiro;exportando fila brasileiro;1,6545500000001994;exportando o filme a brasileira;;[{'text': 'exportando', 'timestamp': (0.04, 0.66)}, {'text': 'o', 'timestamp': (0.72, 0.74)}, {'text': 'filme', 'timestamp': (0.9, 1.12)}, {'text': 'a', 'timestamp': (1.2, 1.22)}, {'text': 'brasileira', 'timestamp': (1.3, 1.62)}];1,3333333333333333;0,8;0,9333333333333333;0,23076923076923078
./audios/SP_D2_333_2881.30895_2883.72857.wav;2881,30895;2883,72857;então como a a ALquimia;então como a a alquimia;2,4196200000001227;então como a a artemia;;[{'text': 'então', 'timestamp': (0.12, 0.32)}, {'text': 'como', 'timestamp': (0.52, 0.7)}, {'text': 'a', 'timestamp': (0.96, 0.98)}, {'text': 'a', 'timestamp': (1.2, 1.22)}, {'text': 'artemia', 'timestamp': (1.38, 2.26)}];0,2;0,2;0,3599999999999999;0,17391304347826086
./audios/SP_D2_333_2883.98355_2885.59362.wav;2883,98355;2885,59362;--que coisa maravilhosa que é a natureza--;que coisa maravilhosa que é a natureza;1,610070000000178;que coisa maravilhosa que a natureza;;[{'text': 'que', 'timestamp': (0.04, 0.1)}, {'text': 'coisa', 'timestamp': (0.2, 0.36)}, {'text': 'maravilhosa', 'timestamp': (0.44, 0.98)}, {'text': 'que', 'timestamp': (1.0, 1.06)}, {'text': 'a', 'timestamp': (1.1, 1.12)}, {'text': 'natureza', 'timestamp': (1.16, 1.5)}];0,14285714285714285;0,14285714285714285;0,1428571428571429;0,05263157894736842
./audios/SP_D2_333_2885.59362_2887.0659.wav;2885,59362;2887,0659;como se consegue um fila?;como se consegue um fila;1,4722799999999552;como se consegue uma filha;;[{'text': 'como', 'timestamp': (0.06, 0.24)}, {'text': 'se', 'timestamp': (0.38, 0.44)}, {'text': 'consegue', 'timestamp': (0.54, 0.92)}, {'text': 'uma', 'timestamp': (0.96, 1.06)}, {'text': 'filha', 'timestamp': (1.16, 1.36)}];0,4;0,4;0,64;0,08333333333333333
./audios/SP_D2_333_2887.0659_2887.51673.wav;2887,0659;2887,51673;como s/;como s;0,4508299999997689;cabos;;[{'text': 'cabos', 'timestamp': (1.0, 1.24)}];1,0;1,0;1,0;0,5
./audios/SP_D2_333_2887.68452_2889.46214.wav;2887,68452;2889,46214;como foram conseguidos os filas;como foram conseguidos os filas;1,7776200000002973;como foram conseguidos ensina;;[{'text': 'como', 'timestamp': (0.04, 0.16)}, {'text': 'foram', 'timestamp': (0.3, 0.5)}, {'text': 'conseguidos', 'timestamp': (0.62, 1.3)}, {'text': 'ensina', 'timestamp': (1.32, 1.68)}];0,4;0,4;0,55;0,1935483870967742
./audios/SP_D2_333_2889.46214_2889.72529.wav;2889,46214;2889,72529;não é?;não é;0,2631499999997686;joaquim;;[{'text': 'joaquim', 'timestamp': (1.02, 1.38)}];1,0;1,0;1,0;1,4
./audios/SP_D2_333_2889.96278_2892.50241.wav;2889,96278;2892,50241;então o o fila tem um pouco de buldo::gue;então o o fila tem um pouco de buldogue;2,5396300000002157;então o filho tem um pouco de bom dos;;[{'text': 'então', 'timestamp': (0.1, 0.28)}, {'text': 'o', 'timestamp': (0.4, 0.42)}, {'text': 'filho', 'timestamp': (0.76, 0.92)}, {'text': 'tem', 'timestamp': (1.0, 1.08)}, {'text': 'um', 'timestamp': (1.16, 1.2)}, {'text': 'pouco', 'timestamp': (1.28, 1.46)}, {'text': 'de', 'timestamp': (1.52, 1.56)}, {'text': 'bom', 'timestamp': (1.68, 1.82)}, {'text': 'dos', 'timestamp': (1.94, 2.24)}];0,4444444444444444;0,4;0,5555555555555556;0,2564102564102564
./audios/SP_D2_333_2892.76469_2894.6779.wav;2892,76469;2894,6779;o fila tem um pouco do::;o fila tem um pouco do;1,9132100000001628;maxila tem um pouco do;;[{'text': 'maxila', 'timestamp': (0.06, 0.4)}, {'text': 'tem', 'timestamp': (0.5, 0.6)}, {'text': 'um', 'timestamp': (0.68, 0.72)}, {'text': 'pouco', 'timestamp': (0.84, 1.1)}, {'text': 'do', 'timestamp': (1.24, 1.3)}];0,3333333333333333;0,3333333333333333;0,4666666666666667;0,13636363636363635
./audios/SP_D2_333_2895.23846_2897.97377.wav;2895,23846;2897,97377;daquele cachorro que chamam de MAStim;daquele cachorro que chamam de mastim;2,7353100000000268;daquele cachorro que eles chamam de mato;;[{'text': 'daquele', 'timestamp': (0.14, 0.42)}, {'text': 'cachorro', 'timestamp': (0.52, 1.02)}, {'text': 'que', 'timestamp': (1.12, 1.18)}, {'text': 'eles', 'timestamp': (1.22, 1.34)}, {'text': 'chamam', 'timestamp': (1.42, 1.62)}, {'text': 'de', 'timestamp': (1.68, 1.72)}, {'text': 'mato', 'timestamp': (1.82, 2.5)}];0,3333333333333333;0,2857142857142857;0,40476190476190477;0,21621621621621623
./audios/SP_D2_333_2899.29493_2899.56203.wav;2899,29493;2899,56203;éh;eh;0,26710000000002765;e;;[{'text': 'e', 'timestamp': (1.06, 1.08)}];1,0;1,0;1,0;0,5
./audios/SP_D2_333_2899.56203_2900.17527.wav;2899,56203;2900,17527;tem;tem;0,6132400000001326;bem;;[{'text': 'bem', 'timestamp': (1.06, 1.4)}];1,0;1,0;1,0;0,3333333333333333
./audios/SP_D2_333_2900.17527_2900.88771.wav;2900,17527;2900,88771;enfim;enfim;0,7124399999997877;enecin;;[{'text': 'enecin', 'timestamp': (1.08, 1.54)}];1,0;1,0;1,0;0,6
./audios/SP_D2_333_2900.88771_2902.3604.wav;2900,88771;2902,3604;tem:: dobermans;tem dobermans;1,472690000000057;tem tabernas;;[{'text': 'tem', 'timestamp': (0.04, 0.18)}, {'text': 'tabernas', 'timestamp': (0.68, 1.32)}];0,5;0,5;0,75;0,3076923076923077
./audios/SP_D2_333_2902.3604_2903.50298.wav;2902,3604;2903,50298;tem diversas;tem diversas;1,14258000000018;tem diversas;;[{'text': 'tem', 'timestamp': (0.02, 0.12)}, {'text': 'diversas', 'timestamp': (0.24, 0.8)}];0,0;0,0;0,0;0,0
./audios/SP_D2_333_2904.26051_2904.62124.wav;2904,26051;2904,62124;éh::;eh;0,36072999999987587;e;;[{'text': 'e', 'timestamp': (1.22, 1.24)}];1,0;1,0;1,0;0,5
./audios/SP_D2_333_2904.62124_2905.92556.wav;2904,62124;2905,92556;diversas::;diversas;1,3043200000001889;diversas;;[{'text': 'diversas', 'timestamp': (0.06, 0.7)}];0,0;0,0;0,0;0,0
./audios/SP_D2_333_2906.24375_2907.46331.wav;2906,24375;2907,46331;diversos cruzamentos;diversos cruzamentos;1,2195600000000013;diversos cruzamentos;;[{'text': 'diversos', 'timestamp': (0.04, 0.42)}, {'text': 'cruzamentos', 'timestamp': (0.54, 1.16)}];0,0;0,0;0,0;0,0
./audios/SP_D2_333_2907.46331_2907.68956.wav;2907,46331;2907,68956;né?;né;0,22624999999970896;a;;[{'text': 'a', 'timestamp': (1.08, 1.1)}];1,0;1,0;1,0;1,0
./audios/SP_D2_333_2907.89935_2909.00885.wav;2907,89935;2909,00885;até que se chegue;até que se chegue;1,1095000000000255;até que se cheque;;[{'text': 'até', 'timestamp': (0.1, 0.24)}, {'text': 'que', 'timestamp': (0.3, 0.38)}, {'text': 'se', 'timestamp': (0.46, 0.52)}, {'text': 'cheque', 'timestamp': (0.68, 0.98)}];0,25;0,25;0,4375;0,058823529411764705
./audios/SP_D2_333_2909.49836_2914.10127.wav;2909,49836;2914,10127;àquele cachorro corajo::so do caboclo que era negligenciado;àquele cachorro corajoso do caboclo que era negligenciado;4,602910000000065;aquele cachorro corajoso do caboclo que era negligenciado;;[{'text': 'aquele', 'timestamp': (0.06, 0.34)}, {'text': 'cachorro', 'timestamp': (0.46, 0.96)}, {'text': 'corajoso', 'timestamp': (1.16, 2.06)}, {'text': 'do', 'timestamp': (2.16, 2.22)}, {'text': 'caboclo', 'timestamp': (2.3, 2.96)}, {'text': 'que', 'timestamp': (3.06, 3.14)}, {'text': 'era', 'timestamp': (3.26, 3.38)}, {'text': 'negligenciado', 'timestamp': (3.52, 4.46)}];0,125;0,125;0,234375;0,017543859649122806
./audios/SP_D2_333_2914.57094_2916.25659.wav;2914,57094;2916,25659;que de repente começou a;que de repente começou a;1,685649999999896;e de repente começou a;;[{'text': 'e', 'timestamp': (0.02, 0.04)}, {'text': 'de', 'timestamp': (0.12, 0.18)}, {'text': 'repente', 'timestamp': (0.24, 0.56)}, {'text': 'começou', 'timestamp': (0.68, 1.36)}, {'text': 'a', 'timestamp': (1.44, 1.46)}];0,2;0,2;0,3599999999999999;0,08333333333333333
./audios/SP_D2_333_2916.89908_2919.00398.wav;2916,89908;2919,00398;foi catalogado como um::;foi catalogado como um;2,104899999999816;foi catalogado como;;[{'text': 'foi', 'timestamp': (0.12, 0.22)}, {'text': 'catalogado', 'timestamp': (0.38, 1.36)}, {'text': 'como', 'timestamp': (1.5, 1.72)}];0,25;0,25;0,25;0,13636363636363635
./audios/SP_D2_333_2919.49962_2921.26035.wav;2919,49962;2921,26035;uma espécie muito rara;uma espécie muito rara;1,7607299999999668;uma espécie muito rara;;[{'text': 'uma', 'timestamp': (0.18, 0.28)}, {'text': 'espécie', 'timestamp': (0.34, 0.86)}, {'text': 'muito', 'timestamp': (0.96, 1.14)}, {'text': 'rara', 'timestamp': (1.32, 1.64)}];0,0;0,0;0,0;0,0
./audios/SP_D2_333_2921.50725_2922.19263.wav;2921,50725;2922,19263;e MUIto;e muito;0,6853799999998955;e muito;;[{'text': 'e', 'timestamp': (1.06, 1.08)}, {'text': 'muito', 'timestamp': (1.3, 1.64)}];0,0;0,0;0,0;0,0
./audios/SP_D2_333_2922.19263_2924.23171.wav;2922,19263;2924,23171;e sobretudo parece que muito valente e muito fiel;e sobretudo parece que muito valente e muito fiel;2,0390800000000127;e sobretudo parece que é muito valente muito fiel;;[{'text': 'e', 'timestamp': (0.04, 0.06)}, {'text': 'sobretudo', 'timestamp': (0.14, 0.48)}, {'text': 'parece', 'timestamp': (0.56, 0.72)}, {'text': 'que', 'timestamp': (0.76, 0.82)}, {'text': 'é', 'timestamp': (0.84, 0.86)}, {'text': 'muito', 'timestamp': (0.9, 1.02)}, {'text': 'valente', 'timestamp': (1.12, 1.44)}, {'text': 'muito', 'timestamp': (1.56, 1.68)}, {'text': 'fiel', 'timestamp': (1.76, 1.96)}];0,2222222222222222;0,2;0,2098765432098766;0,08163265306122448
./audios/SP_D2_333_2924.82561_2926.90246.wav;2924,82561;2926,90246;então os ingleses estão;então os ingleses estão;2,076849999999922;então os ingleses estão;;[{'text': 'então', 'timestamp': (0.1, 0.54)}, {'text': 'os', 'timestamp': (0.86, 0.96)}, {'text': 'ingleses', 'timestamp': (1.08, 1.5)}, {'text': 'estão', 'timestamp': (1.6, 1.94)}];0,0;0,0;0,0;0,0
./audios/SP_D2_333_2927.30196_2929.77342.wav;2927,30196;2929,77342;importando os filas naciô/ ba/ brasileiros;importando os filas naciô ba brasileiros;2,4714600000002065;importando os filas na brasileiros;;[{'text': 'importando', 'timestamp': (0.08, 0.64)}, {'text': 'os', 'timestamp': (0.8, 0.86)}, {'text': 'filas', 'timestamp': (0.96, 1.3)}, {'text': 'na', 'timestamp': (1.32, 1.36)}, {'text': 'brasileiros', 'timestamp': (1.9, 2.34)}];0,3333333333333333;0,3333333333333333;0,4666666666666667;0,15
./audios/SP_D2_333_2930.38889_2930.92802.wav;2930,38889;2930,92802;PAra;para;0,539129999999659;para;;[{'text': 'para', 'timestamp': (1.04, 1.34)}];0,0;0,0;0,0;0,0
./audios/SP_D2_333_2931.2274_2932.11979.wav;2931,2274;2932,11979;amansarem;amansarem;0,8923899999999776;amansarem;;[{'text': 'amansarem', 'timestamp': (1.06, 1.96)}];0,0;0,0;0,0;0,0
./audios/SP_D2_333_2932.11979_2934.84382.wav;2932,11979;2934,84382;--isso que é lindo a contribuição do Brasil para a paz;isso que é lindo a contribuição do brasil para a paz;2,724029999999857;o que é lindo a contribuição do brasil para a casa;;[{'text': 'o', 'timestamp': (0.22, 0.24)}, {'text': 'que', 'timestamp': (0.32, 0.38)}, {'text': 'é', 'timestamp': (0.4, 0.42)}, {'text': 'lindo', 'timestamp': (0.5, 0.68)}, {'text': 'a', 'timestamp': (0.72, 0.74)}, {'text': 'contribuição', 'timestamp': (0.82, 1.32)}, {'text': 'do', 'timestamp': (1.38, 1.42)}, {'text': 'brasil', 'timestamp': (1.5, 1.8)}, {'text': 'para', 'timestamp': (1.9, 2.0)}, {'text': 'a', 'timestamp': (2.02, 2.06)}, {'text': 'casa', 'timestamp': (2.2, 2.66)}];0,18181818181818182;0,18181818181818182;0,3305785123966941;0,11538461538461539
./audios/SP_D2_333_2935.18337_2938.00767.wav;2935,18337;2938,00767;[não digo entre os povos mas pelo menos entre os cães--;não digo entre os povos mas pelo menos entre os cães;2,8242999999997664;não tive de os povos mas pelo menos entre os quais;;[{'text': 'não', 'timestamp': (0.16, 0.28)}, {'text': 'tive', 'timestamp': (0.38, 0.68)}, {'text': 'de', 'timestamp': (0.82, 0.88)}, {'text': 'os', 'timestamp': (0.98, 1.04)}, {'text': 'povos', 'timestamp': (1.22, 1.54)}, {'text': 'mas', 'timestamp': (1.6, 1.7)}, {'text': 'pelo', 'timestamp': (1.78, 1.9)}, {'text': 'menos', 'timestamp': (1.96, 2.1)}, {'text': 'entre', 'timestamp': (2.14, 2.28)}, {'text': 'os', 'timestamp': (2.36, 2.46)}, {'text': 'quais', 'timestamp': (2.52, 2.7)}];0,2727272727272727;0,2727272727272727;0,47107438016528924;0,21153846153846154
./audios/SP_D2_333_2938.33129_2939.49444.wav;2938,33129;2939,49444;para amansar;para amansar;1,1631499999998596;parece me sabe;;[{'text': 'parece', 'timestamp': (0.06, 0.32)}, {'text': 'me', 'timestamp': (0.38, 0.48)}, {'text': 'sabe', 'timestamp': (0.8, 1.08)}];1,5;1,0;1,0;0,6666666666666666
./audios/SP_D2_333_2939.75276_2941.21579.wav;2939,75276;2941,21579;os cães de guarda;os cães de guarda;1,4630300000003444;as queixas de guarda;;[{'text': 'as', 'timestamp': (0.08, 0.18)}, {'text': 'queixas', 'timestamp': (0.28, 0.58)}, {'text': 'de', 'timestamp': (0.64, 0.7)}, {'text': 'guarda', 'timestamp': (0.84, 1.26)}];0,5;0,5;0,75;0,35294117647058826
./audios/SP_D2_333_2941.59172_2942.25791.wav;2941,59172;2942,25791;ingleses;ingleses;0,666189999999915;ingleses;;[{'text': 'ingleses', 'timestamp': (1.14, 1.58)}];0,0;0,0;0,0;0,0
./audios/SP_D2_333_2942.59513_2943.53952.wav;2942,59513;2943,53952;que eram muito ferozes;que eram muito ferozes;0,9443899999996574;que era muito ferozes;;[{'text': 'que', 'timestamp': (0.98, 1.04)}, {'text': 'era', 'timestamp': (1.06, 1.16)}, {'text': 'muito', 'timestamp': (1.22, 1.34)}, {'text': 'ferozes', 'timestamp': (1.42, 1.92)}];0,25;0,25;0,4375;0,045454545454545456
./audios/SP_D2_333_2943.53952_2945.13783.wav;2943,53952;2945,13783;então eles guardarem o rebanho;então eles guardarem o rebanho;1,5983100000003105;então eles guardavam foi bem;;[{'text': 'então', 'timestamp': (0.08, 0.42)}, {'text': 'eles', 'timestamp': (0.5, 0.64)}, {'text': 'guardavam', 'timestamp': (0.72, 1.12)}, {'text': 'foi', 'timestamp': (1.2, 1.28)}, {'text': 'bem', 'timestamp': (1.42, 1.52)}];0,6;0,6;0,84;0,3333333333333333
./audios/SP_D2_333_2945.13783_2947.5008.wav;2945,13783;2947,5008;mas ao mesmo tempo que guardavam comiam as ovelhas;mas ao mesmo tempo que guardavam comiam as ovelhas;2,3629699999996774;se o momento temos que guarda vales comiam as ovelhas;;[{'text': 'se', 'timestamp': (0.12, 0.16)}, {'text': 'o', 'timestamp': (0.4, 0.42)}, {'text': 'momento', 'timestamp': (0.46, 0.64)}, {'text': 'temos', 'timestamp': (0.7, 0.84)}, {'text': 'que', 'timestamp': (0.86, 0.96)}, {'text': 'guarda', 'timestamp': (0.98, 1.22)}, {'text': 'vales', 'timestamp': (1.24, 1.4)}, {'text': 'comiam', 'timestamp': (1.5, 1.82)}, {'text': 'as', 'timestamp': (1.86, 1.9)}, {'text': 'ovelhas', 'timestamp': (1.98, 2.3)}];0,6666666666666666;0,6;0,8222222222222222;0,28
./audios/SP_D2_333_2947.5008_2948.08002.wav;2947,5008;2948,08002;então;então;0,5792200000000776;então;;[{'text': 'então', 'timestamp': (1.06, 1.4)}];0,0;0,0;0,0;0,0
./audios/SP_D2_333_2948.34954_2949.42401.wav;2948,34954;2949,42401;o nosso fila;o nosso fila;1,0744700000000194;o nosso vila;;[{'text': 'o', 'timestamp': (0.08, 0.12)}, {'text': 'nosso', 'timestamp': (0.22, 0.6)}, {'text': 'vila', 'timestamp': (0.74, 0.98)}];0,3333333333333333;0,3333333333333333;0,5555555555555556;0,08333333333333333
./audios/SP_D2_333_2949.74601_2952.4835.wav;2949,74601;2952,4835;(ele) é incapaz desse ato de antropofagia;ele é incapaz desse ato de antropofagia;2,7374899999999798;é incapaz desse ato de antropofagia;;[{'text': 'é', 'timestamp': (0.02, 0.04)}, {'text': 'incapaz', 'timestamp': (0.16, 0.88)}, {'text': 'desse', 'timestamp': (1.04, 1.3)}, {'text': 'ato', 'timestamp': (1.42, 1.66)}, {'text': 'de', 'timestamp': (1.72, 1.76)}, {'text': 'antropofagia', 'timestamp': (1.8, 2.66)}];0,14285714285714285;0,14285714285714285;0,1428571428571429;0,10256410256410256
./audios/SP_D2_333_2952.62065_2952.89187.wav;2952,62065;2952,89187;sabe?;sabe;0,27122000000008484;já;;[{'text': 'já', 'timestamp': (1.04, 1.1)}];1,0;1,0;1,0;1,0
./audios/SP_D2_333_2953.86433_2954.7294.wav;2953,86433;2954,7294;então eu achei lindo;então eu achei lindo;0,8650700000002871;então eu achei lindo;;[{'text': 'então', 'timestamp': (1.12, 1.3)}, {'text': 'eu', 'timestamp': (1.32, 1.36)}, {'text': 'achei', 'timestamp': (1.4, 1.56)}, {'text': 'lindo', 'timestamp': (1.64, 1.8)}];0,0;0,0;0,0;0,0
./audios/SP_D2_333_2954.7294_2957.75338.wav;2954,7294;2957,75338;foi uma uma sequência ontem do Globo Repórter;foi uma uma sequência ontem do globo repórter;3,0239799999999377;foi uma sequência ontem do globo repórter;;[{'text': 'foi', 'timestamp': (0.08, 0.16)}, {'text': 'uma', 'timestamp': (0.52, 0.64)}, {'text': 'sequência', 'timestamp': (0.86, 1.5)}, {'text': 'ontem', 'timestamp': (1.76, 1.98)}, {'text': 'do', 'timestamp': (2.06, 2.12)}, {'text': 'globo', 'timestamp': (2.18, 2.38)}, {'text': 'repórter', 'timestamp': (2.48, 2.96)}];0,125;0,125;0,125;0,08888888888888889
./audios/SP_D2_333_2957.75338_2958.77892.wav;2957,75338;2958,77892;foi essa da;foi essa da;1,0255400000000918;foi essa da;;[{'text': 'foi', 'timestamp': (0.08, 0.2)}, {'text': 'essa', 'timestamp': (0.32, 0.56)}, {'text': 'da', 'timestamp': (0.66, 0.72)}];0,0;0,0;0,0;0,0
./audios/SP_D2_333_2959.3974_2962.88666.wav;2959,3974;2962,88666;criação de filas brasileiros e exportação para a Inglaterra;criação de filas brasileiros e exportação para a inglaterra;3,489260000000286;criação de filas brasileiros e exportação pra inglaterra;;[{'text': 'criação', 'timestamp': (0.04, 0.52)}, {'text': 'de', 'timestamp': (0.58, 0.64)}, {'text': 'filas', 'timestamp': (0.78, 1.06)}, {'text': 'brasileiros', 'timestamp': (1.16, 1.76)}, {'text': 'e', 'timestamp': (1.8, 1.82)}, {'text': 'exportação', 'timestamp': (1.9, 2.62)}, {'text': 'pra', 'timestamp': (2.68, 2.82)}, {'text': 'inglaterra', 'timestamp': (2.84, 3.34)}];0,2222222222222222;0,2222222222222222;0,3194444444444444;0,05084745762711865
./audios/SP_D2_333_2971.6757_2975.29494.wav;2971,6757;2975,29494;o problema do Sílvio Santos é um problema MUito difícil;o problema do sílvio santos é um problema muito difícil;3,6192400000004454;o problema do self santos é um problema muito difícil;;[{'text': 'o', 'timestamp': (0.14, 0.16)}, {'text': 'problema', 'timestamp': (0.3, 0.68)}, {'text': 'do', 'timestamp': (0.74, 0.8)}, {'text': 'self', 'timestamp': (0.88, 1.06)}, {'text': 'santos', 'timestamp': (1.2, 1.4)}, {'text': 'é', 'timestamp': (1.46, 1.48)}, {'text': 'um', 'timestamp': (1.52, 1.56)}, {'text': 'problema', 'timestamp': (1.6, 1.94)}, {'text': 'muito', 'timestamp': (2.08, 2.46)}, {'text': 'difícil', 'timestamp': (2.58, 3.26)}];0,1;0,1;0,18999999999999995;0,07272727272727272
./audios/SP_D2_333_2975.79454_2978.17198.wav;2975,79454;2978,17198;de se SENtenciar sobre ele;de se sentenciar sobre ele;2,377440000000206;de se sentenciar sobre ele;;[{'text': 'de', 'timestamp': (0.06, 0.1)}, {'text': 'se', 'timestamp': (0.2, 0.26)}, {'text': 'sentenciar', 'timestamp': (0.5, 1.62)}, {'text': 'sobre', 'timestamp': (1.84, 2.06)}, {'text': 'ele', 'timestamp': (2.16, 2.3)}];0,0;0,0;0,0;0,0
./audios/SP_D2_333_2978.17198_2980.8814.wav;2978,17198;2980,8814;como aliás é difícil de sentenciar sobre tudo;como aliás é difícil de sentenciar sobre tudo;2,7094200000001365;com aliás edifícios que se setentas;;[{'text': 'com', 'timestamp': (0.04, 0.12)}, {'text': 'aliás', 'timestamp': (0.14, 0.32)}, {'text': 'edifícios', 'timestamp': (0.42, 0.92)}, {'text': 'que', 'timestamp': (0.96, 1.16)}, {'text': 'se', 'timestamp': (1.24, 1.3)}, {'text': 'setentas', 'timestamp': (1.6, 2.1)}];0,875;0,875;0,9791666666666666;0,4888888888888889
./audios/SP_D2_333_2981.59385_2982.78204.wav;2981,59385;2982,78204;e ele especificamente;e ele especificamente;1,1881899999998495;e ele especificamente;;[{'text': 'e', 'timestamp': (0.08, 0.1)}, {'text': 'ele', 'timestamp': (0.16, 0.26)}, {'text': 'especificamente', 'timestamp': (0.3, 1.08)}];0,0;0,0;0,0;0,0
./audios/SP_D2_333_2982.78204_2983.50176.wav;2982,78204;2983,50176;porque;porque;0,7197200000000521;por que;;[{'text': 'por', 'timestamp': (1.12, 1.22)}, {'text': 'que', 'timestamp': (1.34, 1.42)}];2,0;1,0;1,0;0,16666666666666666
./audios/SP_D2_333_2984.38701_2986.28079.wav;2984,38701;2986,28079;tem que se ter ali a medida do homem;tem que se ter ali a medida do homem;1,8937799999998788;tem que se ter ali a medida do homem;;[{'text': 'tem', 'timestamp': (0.04, 0.12)}, {'text': 'que', 'timestamp': (0.18, 0.24)}, {'text': 'se', 'timestamp': (0.3, 0.36)}, {'text': 'ter', 'timestamp': (0.46, 0.58)}, {'text': 'ali', 'timestamp': (0.64, 0.74)}, {'text': 'a', 'timestamp': (0.82, 0.84)}, {'text': 'medida', 'timestamp': (0.9, 1.16)}, {'text': 'do', 'timestamp': (1.24, 1.3)}, {'text': 'homem', 'timestamp': (1.38, 1.62)}];0,0;0,0;0,0;0,0
./audios/SP_D2_333_2986.56323_2988.17455.wav;2986,56323;2988,17455;a medida do:::;a medida do;1,6113199999999779;a medida do;;[{'text': 'a', 'timestamp': (0.1, 0.12)}, {'text': 'medida', 'timestamp': (0.22, 0.68)}, {'text': 'do', 'timestamp': (0.82, 0.9)}];0,0;0,0;0,0;0,0
./audios/SP_D2_333_2988.97385_2989.79352.wav;2988,97385;2989,79352;do industrial;do industrial;0,8196700000003148;do industrial;;[{'text': 'do', 'timestamp': (1.06, 1.12)}, {'text': 'industrial', 'timestamp': (1.18, 1.66)}];0,0;0,0;0,0;0,0
./audios/SP_D2_333_2989.79352_2991.70946.wav;2989,79352;2991,70946;--que ele já é um industrial em grande escala--;que ele já é um industrial em grande escala;1,915939999999864;que ele já é o industrial em grande escala;;[{'text': 'que', 'timestamp': (0.04, 0.1)}, {'text': 'ele', 'timestamp': (0.12, 0.24)}, {'text': 'já', 'timestamp': (0.28, 0.34)}, {'text': 'é', 'timestamp': (0.38, 0.4)}, {'text': 'o', 'timestamp': (0.54, 0.56)}, {'text': 'industrial', 'timestamp': (0.62, 0.96)}, {'text': 'em', 'timestamp': (1.0, 1.08)}, {'text': 'grande', 'timestamp': (1.12, 1.32)}, {'text': 'escala', 'timestamp': (1.4, 1.76)}];0,1111111111111111;0,1111111111111111;0,2098765432098766;0,046511627906976744
./audios/SP_D2_333_2992.25996_2993.97697.wav;2992,25996;2993,97697;a medida do comerciante;a medida do comerciante;1,7170100000003004;a medida do comerciante;;[{'text': 'a', 'timestamp': (0.1, 0.12)}, {'text': 'medida', 'timestamp': (0.2, 0.46)}, {'text': 'do', 'timestamp': (0.52, 0.58)}, {'text': 'comerciante', 'timestamp': (0.64, 1.38)}];0,0;0,0;0,0;0,0
./audios/SP_D2_333_2994.23654_2995.92504.wav;2994,23654;2995,92504;a do homem de negócios;a do homem de negócios;1,6885000000002037;é do homem de negócios;;[{'text': 'é', 'timestamp': (0.04, 0.06)}, {'text': 'do', 'timestamp': (0.14, 0.2)}, {'text': 'homem', 'timestamp': (0.28, 0.46)}, {'text': 'de', 'timestamp': (0.54, 0.58)}, {'text': 'negócios', 'timestamp': (0.68, 1.34)}];0,2;0,2;0,3599999999999999;0,045454545454545456
./audios/SP_D2_333_2996.70102_2998.33781.wav;2996,70102;2998,33781;e do profissional de tevê;e do profissional de tevê;1,636790000000019;e do profissional de tv;;[{'text': 'e', 'timestamp': (0.04, 0.06)}, {'text': 'do', 'timestamp': (0.14, 0.2)}, {'text': 'profissional', 'timestamp': (0.26, 0.82)}, {'text': 'de', 'timestamp': (0.92, 0.96)}, {'text': 'tv', 'timestamp': (1.1, 1.34)}];0,2;0,2;0,3599999999999999;0,08
./audios/SP_D2_333_2998.79664_3000.45448.wav;2998,79664;3000,45448;e do empresário de tevê;e do empresário de tevê;1,657839999999851;e do empresário de teve;;[{'text': 'e', 'timestamp': (0.06, 0.08)}, {'text': 'do', 'timestamp': (0.2, 0.26)}, {'text': 'empresário', 'timestamp': (0.34, 1.14)}, {'text': 'de', 'timestamp': (1.2, 1.26)}, {'text': 'teve', 'timestamp': (1.32, 1.5)}];0,2;0,2;0,3599999999999999;0,043478260869565216
./audios/SP_D2_333_3001.08989_3003.05755.wav;3001,08989;3003,05755;sobre esse aspecto do empresário de tevê;sobre esse aspecto do empresário de tevê;1,9676599999997961;sobre esse aspecto do empresário tv;;[{'text': 'sobre', 'timestamp': (0.08, 0.22)}, {'text': 'esse', 'timestamp': (0.26, 0.4)}, {'text': 'aspecto', 'timestamp': (0.44, 0.78)}, {'text': 'do', 'timestamp': (0.9, 0.96)}, {'text': 'empresário', 'timestamp': (1.0, 1.48)}, {'text': 'tv', 'timestamp': (1.56, 1.74)}];0,2857142857142857;0,2857142857142857;0,40476190476190477;0,125
./audios/SP_D2_333_3003.33778_3005.47456.wav;3003,33778;3005,47456;todas as pessoas que trabalham com o Sílvio Santos;todas as pessoas que trabalham com o sílvio santos;2,1367800000002717;todas as pessoas que trabalham com sido centros;;[{'text': 'todas', 'timestamp': (0.04, 0.18)}, {'text': 'as', 'timestamp': (0.26, 0.32)}, {'text': 'pessoas', 'timestamp': (0.4, 0.7)}, {'text': 'que', 'timestamp': (0.76, 0.84)}, {'text': 'trabalham', 'timestamp': (0.88, 1.32)}, {'text': 'com', 'timestamp': (1.42, 1.48)}, {'text': 'sido', 'timestamp': (1.5, 1.74)}, {'text': 'centros', 'timestamp': (1.86, 2.08)}];0,3333333333333333;0,3333333333333333;0,5;0,18
./audios/SP_D2_333_3005.47456_3006.64804.wav;3005,47456;3006,64804;--os artistas e tudo--;os artistas e tudo;1,1734799999999268;os artistas e tudo;;[{'text': 'os', 'timestamp': (0.04, 0.08)}, {'text': 'artistas', 'timestamp': (0.14, 0.6)}, {'text': 'e', 'timestamp': (0.68, 0.7)}, {'text': 'tudo', 'timestamp': (0.78, 0.92)}];0,0;0,0;0,0;0,0
./audios/SP_D2_333_3007.47233_3009.40477.wav;3007,47233;3009,40477;todas essas pessoas testemunham;todas essas pessoas testemunham;1,9324400000000423;todas essas pessoas testemunham;;[{'text': 'todas', 'timestamp': (0.06, 0.2)}, {'text': 'essas', 'timestamp': (0.26, 0.44)}, {'text': 'pessoas', 'timestamp': (0.54, 0.92)}, {'text': 'testemunham', 'timestamp': (1.08, 1.76)}];0,0;0,0;0,0;0,0
./audios/SP_D2_333_3009.40477_3010.78321.wav;3009,40477;3010,78321;que ele é um:: um dos;que ele é um um dos;1,378439999999955;que ele é um um dos;;[{'text': 'que', 'timestamp': (0.04, 0.12)}, {'text': 'ele', 'timestamp': (0.16, 0.24)}, {'text': 'é', 'timestamp': (0.28, 0.3)}, {'text': 'um', 'timestamp': (0.38, 0.44)}, {'text': 'um', 'timestamp': (0.66, 1.02)}, {'text': 'dos', 'timestamp': (1.1, 1.24)}];0,0;0,0;0,0;0,0
./audios/SP_D2_333_3011.12156_3012.6296.wav;3011,12156;3012,6296;melhores empresários do mundo;melhores empresários do mundo;1,5080400000001646;melhores empresários do mundo;;[{'text': 'melhores', 'timestamp': (0.06, 0.46)}, {'text': 'empresários', 'timestamp': (0.56, 1.04)}, {'text': 'do', 'timestamp': (1.1, 1.14)}, {'text': 'mundo', 'timestamp': (1.2, 1.36)}];0,0;0,0;0,0;0,0
./audios/SP_D2_333_3013.00871_3013.90806.wav;3013,00871;3013,90806;que ele paga na hora;que ele paga na hora;0,8993500000001404;que ele paga na hora;;[{'text': 'que', 'timestamp': (1.02, 1.08)}, {'text': 'ele', 'timestamp': (1.1, 1.22)}, {'text': 'paga', 'timestamp': (1.3, 1.46)}, {'text': 'na', 'timestamp': (1.52, 1.58)}, {'text': 'hora', 'timestamp': (1.62, 1.8)}];0,0;0,0;0,0;0,0
./audios/SP_D2_333_3013.90806_3014.68.wav;3013,90806;3014,68;paga muito bem;paga muito bem;0,7719399999996313;paga muito bem;;[{'text': 'paga', 'timestamp': (1.06, 1.22)}, {'text': 'muito', 'timestamp': (1.3, 1.44)}, {'text': 'bem', 'timestamp': (1.54, 1.68)}];0,0;0,0;0,0;0,0
./audios/SP_D2_333_3015.48343_3016.87646.wav;3015,48343;3016,87646;e é muito bom;e é muito bom;1,393029999999726;e é muito bom;;[{'text': 'e', 'timestamp': (0.06, 0.08)}, {'text': 'é', 'timestamp': (0.18, 0.2)}, {'text': 'muito', 'timestamp': (0.34, 0.66)}, {'text': 'bom', 'timestamp': (0.94, 1.18)}];0,0;0,0;0,0;0,0
./audios/SP_D2_333_3016.87646_3017.81509.wav;3016,87646;3017,81509;é um::;é um;0,9386300000001029;é um;;[{'text': 'é', 'timestamp': (1.08, 1.1)}, {'text': 'um', 'timestamp': (1.2, 1.28)}];0,0;0,0;0,0;0,0
./audios/SP_D2_333_3018.64418_3019.82252.wav;3018,64418;3019,82252;sob [(qualquer) ponto de vista;sob qualquer ponto de vista;1,1783400000003894;só que ela é uma boa pessoa;;[{'text': 'só', 'timestamp': (0.1, 0.14)}, {'text': 'que', 'timestamp': (0.4, 0.46)}, {'text': 'ela', 'timestamp': (0.48, 0.54)}, {'text': 'é', 'timestamp': (0.56, 0.58)}, {'text': 'uma', 'timestamp': (0.6, 0.68)}, {'text': 'boa', 'timestamp': (0.72, 0.84)}, {'text': 'pessoa', 'timestamp': (0.9, 1.14)}];1,4;1,0;1,0;0,7407407407407407
./audios/SP_D2_333_3020.18617_3021.17535.wav;3020,18617;3021,17535;[sob o ponto de vista;sob o ponto de vista;0,989180000000033;apenas viu da mesa;;[{'text': 'apenas', 'timestamp': (1.04, 1.5)}, {'text': 'viu', 'timestamp': (1.56, 1.68)}, {'text': 'da', 'timestamp': (1.76, 1.82)}, {'text': 'mesa', 'timestamp': (1.9, 2.14)}];1,0;1,0;1,0;0,75
./audios/SP_D2_333_3021.49056_3021.72772.wav;3021,49056;3021,72772;[não;não;0,23715999999967607;não;;[{'text': 'não', 'timestamp': (1.06, 1.18)}];0,0;0,0;0,0;0,0
./audios/SP_D2_333_3021.72772_3022.52.wav;3021,72772;3022,52;deixa eu dizer;deixa eu dizer;0,7922800000001189;aja algar;;[{'text': 'aja', 'timestamp': (1.06, 1.3)}, {'text': 'algar', 'timestamp': (1.48, 1.76)}];1,0;1,0;1,0;0,7857142857142857
./audios/SP_D2_333_3022.82285_3023.633.wav;3022,82285;3023,633;[deixa eu [terminar;deixa eu terminar;0,8101499999997941;deixa terminar;;[{'text': 'deixa', 'timestamp': (1.04, 1.18)}, {'text': 'terminar', 'timestamp': (1.26, 1.7)}];0,3333333333333333;0,3333333333333333;0,33333333333333337;0,17647058823529413
./audios/SP_D2_333_3023.633_3023.90826.wav;3023,633;3023,90826;não é?;não é;0,275260000000344;ela;;[{'text': 'ela', 'timestamp': (1.1, 1.3)}];1,0;1,0;1,0;1,0
./audios/SP_D2_333_3024.23952_3024.62316.wav;3024,23952;3024,62316;[sob o;sob o;0,38364000000001397;para;;[{'text': 'para', 'timestamp': (1.0, 1.16)}];1,0;1,0;1,0;1,0
./audios/SP_D2_333_3024.62316_3025.99748.wav;3024,62316;3025,99748;eu eu lamento muitas coisas;eu eu lamento muitas coisas;1,3743199999998978;eu lamento muitas coisas;;[{'text': 'eu', 'timestamp': (0.18, 0.32)}, {'text': 'lamento', 'timestamp': (0.38, 0.7)}, {'text': 'muitas', 'timestamp': (0.8, 1.0)}, {'text': 'coisas', 'timestamp': (1.12, 1.3)}];0,2;0,2;0,19999999999999996;0,1111111111111111
./audios/SP_D2_333_3025.99748_3027.47807.wav;3025,99748;3027,47807;mas eu estou expondo o que se diz dele;mas eu estou expondo o que se diz dele;1,4805900000001202;mas eu estou expondo o que se diz dele;;[{'text': 'mas', 'timestamp': (0.02, 0.1)}, {'text': 'eu', 'timestamp': (0.12, 0.18)}, {'text': 'estou', 'timestamp': (0.2, 0.32)}, {'text': 'expondo', 'timestamp': (0.4, 0.72)}, {'text': 'o', 'timestamp': (0.76, 0.78)}, {'text': 'que', 'timestamp': (0.82, 0.88)}, {'text': 'se', 'timestamp': (0.96, 1.02)}, {'text': 'diz', 'timestamp': (1.08, 1.2)}, {'text': 'dele', 'timestamp': (1.28, 1.42)}];0,0;0,0;0,0;0,0
./audios/SP_D2_333_3027.91752_3029.41625.wav;3027,91752;3029,41625;sob o ponto de vista patronal;sob o ponto de vista patronal;1,4987300000002506;sobre o ponto de vista patronal;;[{'text': 'sobre', 'timestamp': (0.04, 0.18)}, {'text': 'o', 'timestamp': (0.2, 0.22)}, {'text': 'ponto', 'timestamp': (0.3, 0.46)}, {'text': 'de', 'timestamp': (0.54, 0.58)}, {'text': 'vista', 'timestamp': (0.64, 0.84)}, {'text': 'patronal', 'timestamp': (0.94, 1.4)}];0,16666666666666666;0,16666666666666666;0,30555555555555547;0,06896551724137931
./audios/SP_D2_333_3029.58851_3030.382.wav;3029,58851;3030,382;ele seria;ele seria;0,7934900000000198;ele seria;;[{'text': 'ele', 'timestamp': (1.04, 1.16)}, {'text': 'seria', 'timestamp': (1.32, 1.64)}];0,0;0,0;0,0;0,0
./audios/SP_D2_333_3030.59242_3032.20358.wav;3030,59242;3032,20358;estaria muitos ( ) acima;estaria muitos acima;1,611159999999927;estaria muitos furos acima;;[{'text': 'estaria', 'timestamp': (0.04, 0.36)}, {'text': 'muitos', 'timestamp': (0.46, 0.64)}, {'text': 'furos', 'timestamp': (0.76, 1.04)}, {'text': 'acima', 'timestamp': (1.08, 1.46)}];0,3333333333333333;0,25;0,25;0,3
./audios/SP_D2_333_3033.10088_3033.64329.wav;3033,10088;3033,64329;do que;do que;0,542410000000018;do que;;[{'text': 'do', 'timestamp': (1.06, 1.14)}, {'text': 'que', 'timestamp': (1.28, 1.34)}];0,0;0,0;0,0;0,0
./audios/SP_D2_333_3033.92392_3035.3217.wav;3033,92392;3035,3217;o:::;o;1,3977799999997842;o vemos;;[{'text': 'o', 'timestamp': (0.08, 0.1)}, {'text': 'vemos', 'timestamp': (0.34, 0.94)}];1,0;0,5;0,5;6,0
./audios/SP_D2_333_3035.3217_3036.02202.wav;3035,3217;3036,02202;a maioria;a maioria;0,7003199999999197;a maioria;;[{'text': 'a', 'timestamp': (1.06, 1.08)}, {'text': 'maioria', 'timestamp': (1.12, 1.56)}];0,0;0,0;0,0;0,0
./audios/SP_D2_333_3036.23029_3038.07475.wav;3036,23029;3038,07475;dos empresários de televisão;dos empresários de televisão;1,8444600000002538;dos empresários de televisão;;[{'text': 'dos', 'timestamp': (0.08, 0.22)}, {'text': 'empresários', 'timestamp': (0.34, 1.02)}, {'text': 'de', 'timestamp': (1.12, 1.16)}, {'text': 'televisão', 'timestamp': (1.26, 1.72)}];0,0;0,0;0,0;0,0
./audios/SP_D2_333_3038.7092_3040.3976.wav;3038,7092;3040,3976;então seria o lado bom dele;então seria o lado bom dele;1,6884000000000015;então seria o lado bom de;;[{'text': 'então', 'timestamp': (0.1, 0.28)}, {'text': 'seria', 'timestamp': (0.4, 0.62)}, {'text': 'o', 'timestamp': (0.66, 0.68)}, {'text': 'lado', 'timestamp': (0.76, 1.04)}, {'text': 'bom', 'timestamp': (1.1, 1.26)}, {'text': 'de', 'timestamp': (1.36, 1.56)}];0,16666666666666666;0,16666666666666666;0,30555555555555547;0,07407407407407407
./audios/SP_D2_333_3040.96619_3041.45929.wav;3040,96619;3041,45929;agora;agora;0,4930999999996857;agora;;[{'text': 'agora', 'timestamp': (1.06, 1.42)}];0,0;0,0;0,0;0,0
./audios/SP_D2_333_3041.63878_3042.97522.wav;3041,63878;3042,97522;o lado discutível;o lado discutível;1,336439999999584;o lado discutível;;[{'text': 'o', 'timestamp': (0.08, 0.1)}, {'text': 'lado', 'timestamp': (0.18, 0.4)}, {'text': 'discutível', 'timestamp': (0.52, 1.16)}];0,0;0,0;0,0;0,0
./audios/SP_D2_333_3043.28295_3044.64994.wav;3043,28295;3044,64994;escapa à televisão;escapa à televisão;1,366989999999987;escapa a televisão;;[{'text': 'escapa', 'timestamp': (0.08, 0.64)}, {'text': 'a', 'timestamp': (0.72, 0.74)}, {'text': 'televisão', 'timestamp': (0.78, 1.26)}];0,3333333333333333;0,3333333333333333;0,5555555555555556;0,05555555555555555
./audios/SP_D2_333_3044.86975_3047.18968.wav;3044,86975;3047,18968;que é aquele lamentável lado do Baú;que é aquele lamentável lado do baú;2,319930000000113;que é aquele lamentava o lado do baú;;[{'text': 'que', 'timestamp': (0.0, 0.08)}, {'text': 'é', 'timestamp': (0.1, 0.16)}, {'text': 'aquele', 'timestamp': (0.2, 0.46)}, {'text': 'lamentava', 'timestamp': (0.58, 1.22)}, {'text': 'o', 'timestamp': (1.32, 1.34)}, {'text': 'lado', 'timestamp': (1.44, 1.72)}, {'text': 'do', 'timestamp': (1.84, 1.9)}, {'text': 'baú', 'timestamp': (1.98, 2.18)}];0,2857142857142857;0,25;0,3571428571428572;0,11428571428571428
./audios/SP_D2_333_3047.18968_3048.33656.wav;3047,18968;3048,33656;que de certo era isso que você ia;que de certo era isso que você ia;1,1468800000002375;que se cerais você é;;[{'text': 'que', 'timestamp': (0.02, 0.16)}, {'text': 'se', 'timestamp': (0.2, 0.24)}, {'text': 'cerais', 'timestamp': (0.34, 0.7)}, {'text': 'você', 'timestamp': (0.8, 0.9)}, {'text': 'é', 'timestamp': (1.02, 1.04)}];0,75;0,75;0,9;0,45454545454545453
./audios/SP_D2_333_3048.60512_3049.21917.wav;3048,60512;3049,21917;[lamentar--;lamentar;0,6140499999996791;le meu cada;;[{'text': 'le', 'timestamp': (1.02, 1.08)}, {'text': 'meu', 'timestamp': (1.14, 1.26)}, {'text': 'cada', 'timestamp': (1.34, 1.52)}];3,0;1,0;1,0;0,875
./audios/SP_D2_333_3049.51127_3050.70533.wav;3049,51127;3050,70533;[do Baú da [Felicidade;do baú da felicidade;1,1940599999998085;no baú a felicidade;;[{'text': 'no', 'timestamp': (0.0, 0.08)}, {'text': 'baú', 'timestamp': (0.16, 0.32)}, {'text': 'a', 'timestamp': (0.46, 0.48)}, {'text': 'felicidade', 'timestamp': (0.54, 1.04)}];0,5;0,5;0,75;0,1
./audios/SP_D2_333_3051.16422_3051.74029.wav;3051,16422;3051,74029;que ele;que ele;0,5760700000000725;que ele;;[{'text': 'que', 'timestamp': (1.06, 1.12)}, {'text': 'ele', 'timestamp': (1.28, 1.46)}];0,0;0,0;0,0;0,0
./audios/SP_D2_333_3051.74029_3052.33756.wav;3051,74029;3052,33756;com [isso;com isso;0,597269999999753;rui vai;;[{'text': 'rui', 'timestamp': (1.1, 1.26)}, {'text': 'vai', 'timestamp': (1.4, 1.76)}];1,0;1,0;1,0;0,875
./audios/SP_D2_333_3052.33756_3053.26808.wav;3052,33756;3053,26808;ele se agiganta;ele se agiganta;0,9305199999998877;eu era de honesto;;[{'text': 'eu', 'timestamp': (0.96, 1.02)}, {'text': 'era', 'timestamp': (1.08, 1.2)}, {'text': 'de', 'timestamp': (1.26, 1.32)}, {'text': 'honesto', 'timestamp': (1.4, 1.84)}];1,3333333333333333;1,0;1,0;0,8
./audios/SP_D2_333_3053.64213_3053.93189.wav;3053,64213;3053,93189;não;não;0,28975999999966007;não;;[{'text': 'não', 'timestamp': (1.1, 1.24)}];0,0;0,0;0,0;0,0
./audios/SP_D2_333_3053.93189_3055.10232.wav;3053,93189;3055,10232;eu não [acho que seja honesto;eu não acho que seja honesto;1,170430000000124;é faz nome;;[{'text': 'é', 'timestamp': (0.5, 0.52)}, {'text': 'faz', 'timestamp': (0.58, 0.7)}, {'text': 'nome', 'timestamp': (0.74, 0.92)}];1,0;1,0;1,0;0,8214285714285714
./audios/SP_D2_333_3055.21137_3057.15967.wav;3055,21137;3057,15967;[ele está tirando do pô/ do povo;ele está tirando do pô do povo;1,9483000000000175;ele está tirando do do povo;;[{'text': 'ele', 'timestamp': (0.02, 0.14)}, {'text': 'está', 'timestamp': (0.18, 0.3)}, {'text': 'tirando', 'timestamp': (0.4, 0.82)}, {'text': 'do', 'timestamp': (0.94, 1.38)}, {'text': 'do', 'timestamp': (1.46, 1.5)}, {'text': 'povo', 'timestamp': (1.62, 1.88)}];0,14285714285714285;0,14285714285714285;0,1428571428571429;0,1
./audios/SP_D2_333_3057.15967_3058.50147.wav;3057,15967;3058,50147;antes de dar qualquer coisa;antes de dar qualquer coisa;1,3418000000001484;antes de dar qualquer coisa;;[{'text': 'antes', 'timestamp': (0.1, 0.34)}, {'text': 'de', 'timestamp': (0.4, 0.44)}, {'text': 'dar', 'timestamp': (0.54, 0.64)}, {'text': 'qualquer', 'timestamp': (0.74, 1.02)}, {'text': 'coisa', 'timestamp': (1.14, 1.3)}];0,0;0,0;0,0;0,0
./audios/SP_D2_333_3058.50147_3059.96762.wav;3058,50147;3059,96762;[ele está tirando dinheiro do [povo;ele está tirando dinheiro do povo;1,4661499999997432;ele está tirando o dinheiro de um pouco;;[{'text': 'ele', 'timestamp': (0.0, 0.16)}, {'text': 'está', 'timestamp': (0.18, 0.3)}, {'text': 'tirando', 'timestamp': (0.38, 0.64)}, {'text': 'o', 'timestamp': (0.72, 0.74)}, {'text': 'dinheiro', 'timestamp': (0.78, 1.02)}, {'text': 'de', 'timestamp': (1.06, 1.1)}, {'text': 'um', 'timestamp': (1.12, 1.16)}, {'text': 'pouco', 'timestamp': (1.22, 1.4)}];0,6666666666666666;0,5;0,6666666666666667;0,24242424242424243
./audios/SP_D2_333_3060.58306_3060.93927.wav;3060,58306;3060,93927;[isso;isso;0,3562099999999191;eu falei;;[{'text': 'eu', 'timestamp': (1.06, 1.12)}, {'text': 'falei', 'timestamp': (1.18, 1.38)}];2,0;1,0;1,0;2,0
./audios/SP_D2_333_3061.44816_3063.24433.wav;3061,44816;3063,24433;para a economia [popular eu acho;para a economia popular eu acho;1,7961700000000747;a econômica a novidade e máxima;;[{'text': 'a', 'timestamp': (0.06, 0.08)}, {'text': 'econômica', 'timestamp': (0.24, 0.66)}, {'text': 'a', 'timestamp': (0.68, 0.7)}, {'text': 'novidade', 'timestamp': (0.82, 1.32)}, {'text': 'e', 'timestamp': (1.38, 1.4)}, {'text': 'máxima', 'timestamp': (1.42, 1.76)}];1,0;0,8571428571428571;0,9722222222222222;0,7096774193548387
./audios/SP_D2_333_3063.24433_3063.86172.wav;3063,24433;3063,86172;não não não;não não não;0,6173899999998866;e não não;;[{'text': 'e', 'timestamp': (1.02, 1.04)}, {'text': 'não', 'timestamp': (1.32, 1.42)}, {'text': 'não', 'timestamp': (1.48, 1.56)}];0,3333333333333333;0,3333333333333333;0,5555555555555556;0,2727272727272727
./audios/SP_D2_333_3063.86172_3064.47925.wav;3063,86172;3064,47925;isso é terrível;isso é terrível;0,6175299999999879;vice do não;;[{'text': 'vice', 'timestamp': (1.04, 1.18)}, {'text': 'do', 'timestamp': (1.34, 1.4)}, {'text': 'não', 'timestamp': (1.56, 1.62)}];1,0;1,0;1,0;0,9333333333333333
./audios/SP_D2_333_3070.85805_3073.80958.wav;3070,85805;3073,80958;ah [bom (okay) ( ) (aquilo é horrível) ( );ah bom okay aquilo é horrível;2,9515300000002753;que aquele programa que é basta crítica;;[{'text': 'que', 'timestamp': (0.44, 0.64)}, {'text': 'aquele', 'timestamp': (0.8, 1.1)}, {'text': 'programa', 'timestamp': (1.22, 1.58)}, {'text': 'que', 'timestamp': (1.74, 1.84)}, {'text': 'é', 'timestamp': (1.96, 1.98)}, {'text': 'basta', 'timestamp': (2.16, 2.42)}, {'text': 'crítica', 'timestamp': (2.56, 2.88)}];1,0;0,8571428571428571;0,9761904761904762;1,0344827586206897
./audios/SP_D2_333_3078.98137_3079.5218.wav;3078,98137;3079,5218;[(não interveio);não interveio;0,5404300000000148;e veio ainda;;[{'text': 'e', 'timestamp': (1.06, 1.08)}, {'text': 'veio', 'timestamp': (1.18, 1.32)}, {'text': 'ainda', 'timestamp': (1.36, 1.56)}];1,5;1,0;1,0;0,9230769230769231
./audios/SP_D2_333_3079.73588_3080.71825.wav;3079,73588;3080,71825;não (horrível [aquilo é horrível);não horrível aquilo é horrível;0,9823699999997189;não a iaia;;[{'text': 'não', 'timestamp': (1.0, 1.18)}, {'text': 'a', 'timestamp': (1.26, 1.28)}, {'text': 'iaia', 'timestamp': (1.42, 1.8)}];0,8;0,8;0,9333333333333333;0,8
./audios/SP_D2_333_3084.39849_3087.02584.wav;3084,39849;3087,02584;não aquilo é premiar a desgraça;não aquilo é premiar a desgraça;2,627349999999751;então aquilo é premiar a desgraça;;[{'text': 'então', 'timestamp': (0.04, 0.24)}, {'text': 'aquilo', 'timestamp': (0.4, 0.74)}, {'text': 'é', 'timestamp': (0.82, 0.84)}, {'text': 'premiar', 'timestamp': (1.0, 1.5)}, {'text': 'a', 'timestamp': (1.6, 1.62)}, {'text': 'desgraça', 'timestamp': (1.7, 2.48)}];0,16666666666666666;0,16666666666666666;0,30555555555555547;0,06451612903225806
./audios/SP_D2_333_3087.02584_3088.56729.wav;3087,02584;3088,56729;[e é uma coisa há pouco tempo;e é uma coisa há pouco tempo;1,541450000000168;e a moçada;;[{'text': 'e', 'timestamp': (0.12, 0.2)}, {'text': 'a', 'timestamp': (0.22, 0.24)}, {'text': 'moçada', 'timestamp': (0.34, 1.26)}];0,8571428571428571;0,8571428571428571;0,9523809523809523;0,7857142857142857
./audios/SP_D2_333_3089.54129_3092.11582.wav;3089,54129;3092,11582;[HÁ pouco tempo ainda [eu escrevi:: isso;há pouco tempo ainda eu escrevi isso;2,574529999999868;há pouco tempo eu ainda escrevi isso;;[{'text': 'há', 'timestamp': (0.06, 0.14)}, {'text': 'pouco', 'timestamp': (0.3, 0.54)}, {'text': 'tempo', 'timestamp': (0.66, 0.86)}, {'text': 'eu', 'timestamp': (0.92, 0.98)}, {'text': 'ainda', 'timestamp': (1.0, 1.14)}, {'text': 'escrevi', 'timestamp': (1.24, 1.66)}, {'text': 'isso', 'timestamp': (2.12, 2.44)}];0,2857142857142857;0,25;0,26530612244897966;0,16666666666666666
./audios/SP_D2_333_3092.11582_3093.19618.wav;3092,11582;3093,19618;que a:::;que a;1,0803599999999278;que a;;[{'text': 'que', 'timestamp': (0.02, 0.1)}, {'text': 'a', 'timestamp': (0.16, 0.18)}];0,0;0,0;0,0;0,0
./audios/SP_D2_333_3093.19618_3095.31686.wav;3093,19618;3095,31686;que todos os vitoriosos são alegres;que todos os vitoriosos são alegres;2,120679999999993;que todos os vitoriosos são uma alexia;;[{'text': 'que', 'timestamp': (0.04, 0.1)}, {'text': 'todos', 'timestamp': (0.18, 0.34)}, {'text': 'os', 'timestamp': (0.4, 0.46)}, {'text': 'vitoriosos', 'timestamp': (0.5, 1.12)}, {'text': 'são', 'timestamp': (1.22, 1.32)}, {'text': 'uma', 'timestamp': (1.36, 1.44)}, {'text': 'alexia', 'timestamp': (1.5, 1.96)}];0,3333333333333333;0,2857142857142857;0,40476190476190477;0,22857142857142856
./audios/SP_D2_333_3095.31686_3096.58155.wav;3095,31686;3096,58155;têm aquele sorriso de vitória;têm aquele sorriso de vitória;1,2646899999999732;tem aquele sorriso de vitória;;[{'text': 'tem', 'timestamp': (0.04, 0.12)}, {'text': 'aquele', 'timestamp': (0.2, 0.36)}, {'text': 'sorriso', 'timestamp': (0.42, 0.68)}, {'text': 'de', 'timestamp': (0.72, 0.76)}, {'text': 'vitória', 'timestamp': (0.82, 1.22)}];0,2;0,2;0,3599999999999999;0,034482758620689655
./audios/SP_D2_333_3096.58155_3097.27657.wav;3096,58155;3097,27657;a miss;a miss;0,6950200000001132;janice;;[{'text': 'janice', 'timestamp': (0.92, 1.46)}];1,0;1,0;1,0;0,8333333333333334
./audios/SP_D2_333_3097.59961_3099.16485.wav;3097,59961;3099,16485;que ganhou o lugar de miss;que ganhou o lugar de miss;1,5652399999999034;porque eu vou no carteis;;[{'text': 'porque', 'timestamp': (0.0, 0.2)}, {'text': 'eu', 'timestamp': (0.26, 0.3)}, {'text': 'vou', 'timestamp': (0.38, 0.52)}, {'text': 'no', 'timestamp': (0.56, 0.62)}, {'text': 'carteis', 'timestamp': (0.64, 1.28)}];1,0;1,0;1,0;0,6153846153846154
./audios/SP_D2_333_3099.64781_3099.95479.wav;3099,64781;3099,95479;tem a;tem a;0,3069799999998395;te;;[{'text': 'te', 'timestamp': (1.02, 1.06)}];1,0;1,0;1,0;0,6
./audios/SP_D2_333_3099.95479_3100.82231.wav;3099,95479;3100,82231;junto com a faixa;junto com a faixa;0,8675200000002405;junto com a farda;;[{'text': 'junto', 'timestamp': (1.12, 1.24)}, {'text': 'com', 'timestamp': (1.3, 1.38)}, {'text': 'a', 'timestamp': (1.4, 1.44)}, {'text': 'farda', 'timestamp': (1.54, 1.92)}];0,25;0,25;0,4375;0,11764705882352941
./audios/SP_D2_333_3100.82231_3102.68015.wav;3100,82231;3102,68015;tem aquele sorriso de dentes lindos;tem aquele sorriso de dentes lindos;1,8578400000001238;e aquele sorriso de dentes lendo;;[{'text': 'e', 'timestamp': (0.06, 0.08)}, {'text': 'aquele', 'timestamp': (0.12, 0.3)}, {'text': 'sorriso', 'timestamp': (0.4, 0.82)}, {'text': 'de', 'timestamp': (0.9, 0.94)}, {'text': 'dentes', 'timestamp': (1.04, 1.36)}, {'text': 'lendo', 'timestamp': (1.48, 1.72)}];0,3333333333333333;0,3333333333333333;0,5555555555555556;0,11428571428571428
./audios/SP_D2_333_3102.68015_3102.89551.wav;3102,68015;3102,89551;não é?;não é;0,21535999999969135;a;;[{'text': 'a', 'timestamp': (1.08, 1.1)}];1,0;1,0;1,0;1,0
./audios/SP_D2_333_3103.29687_3104.44219.wav;3103,29687;3104,44219;e é o sorriso da vitória;e é o sorriso da vitória;1,1453200000000834;e o sorriso da ditaria;;[{'text': 'e', 'timestamp': (0.04, 0.06)}, {'text': 'o', 'timestamp': (0.12, 0.14)}, {'text': 'sorriso', 'timestamp': (0.22, 0.48)}, {'text': 'da', 'timestamp': (0.52, 0.56)}, {'text': 'ditaria', 'timestamp': (0.62, 1.04)}];0,3333333333333333;0,3333333333333333;0,4666666666666667;0,16666666666666666
./audios/SP_D2_333_3104.8455_3106.85542.wav;3104,8455;3106,85542;a estrela que ganha um um troféu;a estrela que ganha um um troféu;2,0099199999999655;a estrela que ganham com o trofeu;;[{'text': 'a', 'timestamp': (0.04, 0.08)}, {'text': 'estrela', 'timestamp': (0.14, 0.54)}, {'text': 'que', 'timestamp': (0.62, 0.68)}, {'text': 'ganham', 'timestamp': (0.76, 1.02)}, {'text': 'com', 'timestamp': (1.26, 1.38)}, {'text': 'o', 'timestamp': (1.46, 1.48)}, {'text': 'trofeu', 'timestamp': (1.58, 1.94)}];0,5714285714285714;0,5714285714285714;0,8163265306122449;0,1875
./audios/SP_D2_333_3106.85542_3108.08696.wav;3106,85542;3108,08696;tem o sorriso da vitória;tem o sorriso da vitória;1,2315400000002228;tenho sua vista vitória;;[{'text': 'tenho', 'timestamp': (0.16, 0.34)}, {'text': 'sua', 'timestamp': (0.42, 0.5)}, {'text': 'vista', 'timestamp': (0.52, 0.66)}, {'text': 'vitória', 'timestamp': (0.8, 1.2)}];0,8;0,8;0,95;0,375
./audios/SP_D2_333_3108.44502_3110.39224.wav;3108,44502;3110,39224;as únicas vitoriosas tristes que eu conheço;as únicas vitoriosas tristes que eu conheço;1,9472200000000157;as únicas vitoriosas tristes que eu conheço;;[{'text': 'as', 'timestamp': (0.08, 0.14)}, {'text': 'únicas', 'timestamp': (0.2, 0.44)}, {'text': 'vitoriosas', 'timestamp': (0.5, 1.06)}, {'text': 'tristes', 'timestamp': (1.18, 1.44)}, {'text': 'que', 'timestamp': (1.48, 1.56)}, {'text': 'eu', 'timestamp': (1.58, 1.62)}, {'text': 'conheço', 'timestamp': (1.68, 1.9)}];0,0;0,0;0,0;0,0
./audios/SP_D2_333_3110.39224_3111.11606.wav;3110,39224;3111,11606;que CHOram;que choram;0,723819999999705;chora;;[{'text': 'chora', 'timestamp': (1.32, 1.6)}];1,0;1,0;1,0;0,5
./audios/SP_D2_333_3111.25834_3113.03472.wav;3111,25834;3113,03472;são as cinderelas do Sílvio do Sílvio Santos;são as cinderelas do sílvio do sílvio santos;1,7763800000002448;são as cinderela e os;;[{'text': 'são', 'timestamp': (0.14, 0.24)}, {'text': 'as', 'timestamp': (0.28, 0.32)}, {'text': 'cinderela', 'timestamp': (0.4, 0.86)}, {'text': 'e', 'timestamp': (1.14, 1.16)}, {'text': 'os', 'timestamp': (1.42, 1.5)}];0,75;0,75;0,9;0,5454545454545454
./audios/SP_D2_333_3113.19135_3114.81251.wav;3113,19135;3114,81251;porque quando elas põem aquele manto;porque quando elas põem aquele manto;1,6211600000001454;porque quando ela se põe aquele manto;;[{'text': 'porque', 'timestamp': (0.02, 0.2)}, {'text': 'quando', 'timestamp': (0.28, 0.44)}, {'text': 'ela', 'timestamp': (0.46, 0.54)}, {'text': 'se', 'timestamp': (0.64, 0.68)}, {'text': 'põe', 'timestamp': (0.72, 0.84)}, {'text': 'aquele', 'timestamp': (0.86, 1.1)}, {'text': 'manto', 'timestamp': (1.22, 1.52)}];0,5;0,42857142857142855;0,6190476190476191;0,08333333333333333
./audios/SP_D2_333_3114.81251_3115.23173.wav;3114,81251;3115,23173;coitadas;coitadas;0,41921999999976833;portável;;[{'text': 'portável', 'timestamp': (1.0, 1.34)}];1,0;1,0;1,0;0,75
./audios/SP_D2_333_3115.23173_3118.20645.wav;3115,23173;3118,20645;elas SAbem que elas foram escolhidas porque são as mais pobres;elas sabem que elas foram escolhidas porque são as mais pobres;2,9747200000001612;elas sabem que elas foram escolhidas porque elas são as mais pobres;;[{'text': 'elas', 'timestamp': (0.06, 0.22)}, {'text': 'sabem', 'timestamp': (0.4, 0.7)}, {'text': 'que', 'timestamp': (0.78, 0.84)}, {'text': 'elas', 'timestamp': (0.86, 0.98)}, {'text': 'foram', 'timestamp': (1.04, 1.2)}, {'text': 'escolhidas', 'timestamp': (1.22, 1.64)}, {'text': 'porque', 'timestamp': (1.7, 1.86)}, {'text': 'elas', 'timestamp': (1.88, 1.98)}, {'text': 'são', 'timestamp': (2.08, 2.18)}, {'text': 'as', 'timestamp': (2.24, 2.3)}, {'text': 'mais', 'timestamp': (2.38, 2.54)}, {'text': 'pobres', 'timestamp': (2.7, 2.94)}];0,09090909090909091;0,08333333333333333;0,08333333333333337;0,08064516129032258
./audios/SP_D2_333_3118.20645_3119.73696.wav;3118,20645;3119,73696;as [MAIS miseráveis;as mais miseráveis;1,5305100000000493;as vezes miseráveis;;[{'text': 'as', 'timestamp': (0.54, 0.6)}, {'text': 'vezes', 'timestamp': (0.66, 0.94)}, {'text': 'miseráveis', 'timestamp': (0.96, 1.48)}];0,3333333333333333;0,3333333333333333;0,5555555555555556;0,2222222222222222
./audios/SP_D2_333_3120.30515_3121.69192.wav;3120,30515;3121,69192;[as que têm mais pobreza;as que têm mais pobreza;1,3867700000000696;demais ficam as outras;;[{'text': 'demais', 'timestamp': (0.06, 0.4)}, {'text': 'ficam', 'timestamp': (0.54, 0.74)}, {'text': 'as', 'timestamp': (0.82, 0.88)}, {'text': 'outras', 'timestamp': (0.98, 1.2)}];1,0;1,0;1,0;0,782608695652174
./audios/SP_D2_333_3134.28656_3134.6.wav;3134,28656;3134,6;[é;é;0,31343999999990046;digam;;[{'text': 'digam', 'timestamp': (1.0, 1.2)}];1,0;1,0;1,0;5,0
./audios/SP_D2_333_3135.32414_3135.44204.wav;3135,32414;3135,44204;não;não;0,11789999999973588;esta;;[{'text': 'esta', 'timestamp': (0.62, 1.06)}];1,0;1,0;1,0;1,3333333333333333
./audios/SP_D2_333_3135.44204_3136.3324.wav;3135,44204;3136,3324;eu acho [criminoso;eu acho criminoso;0,8903599999998733;eu acho que é o grito;;[{'text': 'eu', 'timestamp': (1.0, 1.06)}, {'text': 'acho', 'timestamp': (1.12, 1.26)}, {'text': 'que', 'timestamp': (1.3, 1.4)}, {'text': 'é', 'timestamp': (1.46, 1.48)}, {'text': 'o', 'timestamp': (1.64, 1.66)}, {'text': 'grito', 'timestamp': (1.72, 1.98)}];1,3333333333333333;0,6666666666666666;0,7777777777777778;0,6470588235294118
./audios/SP_D2_333_3136.3324_3137.14558.wav;3136,3324;3137,14558;sobretudo;sobretudo;0,8131800000001022;e podem;;[{'text': 'e', 'timestamp': (1.06, 1.08)}, {'text': 'podem', 'timestamp': (1.22, 1.58)}];2,0;1,0;1,0;1,0
./audios/SP_D2_333_3138.64688_3139.6.wav;3138,64688;3139,6;eu acho criminoso;eu acho criminoso;0,9531200000001263;eu acho criminoso;;[{'text': 'eu', 'timestamp': (1.06, 1.14)}, {'text': 'acho', 'timestamp': (1.2, 1.36)}, {'text': 'criminoso', 'timestamp': (1.44, 1.92)}];0,0;0,0;0,0;0,0
./audios/SP_D2_333_3139.6_3140.40065.wav;3139,6;3140,40065;[sobretudo;sobretudo;0,8006500000001324;deveria ser um;;[{'text': 'deveria', 'timestamp': (1.1, 1.4)}, {'text': 'ser', 'timestamp': (1.48, 1.62)}, {'text': 'um', 'timestamp': (1.7, 1.8)}];3,0;1,0;1,0;1,3333333333333333
./audios/SP_D2_333_3140.59397_3140.87206.wav;3140,59397;3140,87206;[ah;ah;0,27809000000024753;a rua;;[{'text': 'a', 'timestamp': (1.1, 1.12)}, {'text': 'rua', 'timestamp': (1.16, 1.36)}];2,0;1,0;1,0;2,0
./audios/SP_D2_333_3141.13691_3141.71958.wav;3141,13691;3141,71958;[éh éh éh;eh eh eh;0,58266999999978;o;;[{'text': 'o', 'timestamp': (1.04, 1.06)}];1,0;1,0;1,0;1,0
./audios/SP_D2_333_3141.71958_3143.71255.wav;3141,71958;3143,71255;esse expor à desgraça;esse expor à desgraça;1,9929700000002413;esse expor a desgraça;;[{'text': 'esse', 'timestamp': (0.12, 0.34)}, {'text': 'expor', 'timestamp': (0.44, 1.02)}, {'text': 'a', 'timestamp': (1.1, 1.12)}, {'text': 'desgraça', 'timestamp': (1.2, 1.88)}];0,25;0,25;0,4375;0,047619047619047616
./audios/SP_D2_333_3144.0701_3146.94298.wav;3144,0701;3146,94298;esta falta de respeito para com a criatura humana;esta falta de respeito para com a criatura humana;2,8728799999998955;essa falta de respeito para a criatura humana;;[{'text': 'essa', 'timestamp': (0.04, 0.24)}, {'text': 'falta', 'timestamp': (0.42, 0.68)}, {'text': 'de', 'timestamp': (0.76, 0.8)}, {'text': 'respeito', 'timestamp': (0.9, 1.46)}, {'text': 'para', 'timestamp': (1.58, 1.74)}, {'text': 'a', 'timestamp': (1.84, 1.86)}, {'text': 'criatura', 'timestamp': (1.94, 2.34)}, {'text': 'humana', 'timestamp': (2.4, 2.68)}];0,2222222222222222;0,2222222222222222;0,3194444444444444;0,10204081632653061
./audios/SP_D2_333_3147.30299_3147.99159.wav;3147,30299;3147,99159;aliás;aliás;0,6885999999999513;alias;;[{'text': 'alias', 'timestamp': (1.08, 1.48)}];1,0;1,0;1,0;0,2
./audios/SP_D2_333_3147.99159_3148.95828.wav;3147,99159;3148,95828;isso não se vê;isso não se vê;0,966689999999744;isso não se vive;;[{'text': 'isso', 'timestamp': (1.04, 1.22)}, {'text': 'não', 'timestamp': (1.3, 1.38)}, {'text': 'se', 'timestamp': (1.46, 1.52)}, {'text': 'vive', 'timestamp': (1.62, 1.8)}];0,25;0,25;0,4375;0,21428571428571427
./audios/SP_D2_333_3149.32907_3150.87843.wav;3149,32907;3150,87843;não é privilégio do Sílvio Santos;não é privilégio do sílvio santos;1,5493600000004335;não é privilégio desse doces;;[{'text': 'não', 'timestamp': (0.04, 0.1)}, {'text': 'é', 'timestamp': (0.18, 0.2)}, {'text': 'privilégio', 'timestamp': (0.3, 0.84)}, {'text': 'desse', 'timestamp': (0.9, 1.04)}, {'text': 'doces', 'timestamp': (1.14, 1.48)}];0,5;0,5;0,7;0,36363636363636365
./audios/SP_D2_333_3150.87843_3151.98647.wav;3150,87843;3151,98647;nós tivemos uma [porção;nós tivemos uma porção;1,1080399999996189;nós tivemos uma a;;[{'text': 'nós', 'timestamp': (0.04, 0.12)}, {'text': 'tivemos', 'timestamp': (0.18, 0.46)}, {'text': 'uma', 'timestamp': (0.52, 0.6)}, {'text': 'a', 'timestamp': (0.74, 0.76)}];0,25;0,25;0,4375;0,2727272727272727
./audios/SP_D2_333_3152.39317_3154.59782.wav;3152,39317;3154,59782;[de programas Mundo [Cão;de programas mundo cão;2,204650000000129;gasto programas mundo flávio;;[{'text': 'gasto', 'timestamp': (0.08, 0.42)}, {'text': 'programas', 'timestamp': (0.48, 1.18)}, {'text': 'mundo', 'timestamp': (1.24, 1.48)}, {'text': 'flávio', 'timestamp': (1.88, 2.16)}];0,5;0,5;0,75;0,45454545454545453
./audios/SP_D2_333_3154.59782_3154.8916.wav;3154,59782;3154,8916;não é?;não é;0,29377999999996973;não é;;[{'text': 'não', 'timestamp': (0.98, 1.08)}, {'text': 'é', 'timestamp': (1.12, 1.14)}];0,0;0,0;0,0;0,0
./audios/SP_D2_333_3154.8916_3155.10377.wav;3154,8916;3155,10377;é;é;0,212170000000242;é;;[{'text': 'é', 'timestamp': (1.06, 1.08)}];0,0;0,0;0,0;0,0
./audios/SP_D2_333_3155.10377_3156.2.wav;3155,10377;3156,2;do [Flávio Cavalcanti;do flávio cavalcanti;1,0962299999996503;lembra se o carro com que lá;;[{'text': 'lembra', 'timestamp': (0.1, 0.38)}, {'text': 'se', 'timestamp': (0.4, 0.44)}, {'text': 'o', 'timestamp': (0.48, 0.5)}, {'text': 'carro', 'timestamp': (0.54, 0.68)}, {'text': 'com', 'timestamp': (0.72, 0.78)}, {'text': 'que', 'timestamp': (0.84, 0.9)}, {'text': 'lá', 'timestamp': (0.96, 1.0)}];2,3333333333333335;1,0;1,0;1,15
./audios/SP_D2_333_3156.47473_3157.56823.wav;3156,47473;3157,56823;que por [sinal agora;que por sinal agora;1,093499999999949;que por si nota do;;[{'text': 'que', 'timestamp': (0.04, 0.1)}, {'text': 'por', 'timestamp': (0.14, 0.22)}, {'text': 'si', 'timestamp': (0.3, 0.34)}, {'text': 'nota', 'timestamp': (0.38, 0.7)}, {'text': 'do', 'timestamp': (0.74, 0.82)}];0,75;0,6;0,8;0,42105263157894735
./audios/SP_D2_333_3158.10683_3159.29515.wav;3158,10683;3159,29515;[que por sinal agora;que por sinal agora;1,1883199999997487;que por sinal lá agora;;[{'text': 'que', 'timestamp': (0.02, 0.14)}, {'text': 'por', 'timestamp': (0.18, 0.28)}, {'text': 'sinal', 'timestamp': (0.34, 0.56)}, {'text': 'lá', 'timestamp': (0.62, 0.68)}, {'text': 'agora', 'timestamp': (0.76, 1.06)}];0,25;0,2;0,19999999999999996;0,15789473684210525
./audios/SP_D2_333_3159.29515_3161.18838.wav;3159,29515;3161,18838;em falando em Flávio Cavalcanti;em falando em flávio cavalcanti;1,8932300000001305;foi falando em fato cavalcante;;[{'text': 'foi', 'timestamp': (0.04, 0.24)}, {'text': 'falando', 'timestamp': (0.28, 0.56)}, {'text': 'em', 'timestamp': (0.82, 0.86)}, {'text': 'fato', 'timestamp': (0.96, 1.18)}, {'text': 'cavalcante', 'timestamp': (1.28, 1.78)}];0,6;0,6;0,84;0,25806451612903225
./audios/SP_D2_333_3161.18838_3162.24925.wav;3161,18838;3162,24925;por sinal agora;por sinal agora;1,0608699999997953;por sinal agora;;[{'text': 'por', 'timestamp': (0.06, 0.14)}, {'text': 'sinal', 'timestamp': (0.24, 0.46)}, {'text': 'agora', 'timestamp': (0.54, 0.88)}];0,0;0,0;0,0;0,0
./audios/SP_D2_333_3162.24925_3164.44.wav;3162,24925;3164,44;é um novo contratado do Sílvio Santos;é um novo contratado do sílvio santos;2,1907500000002074;é o novo contratado do filme sexo;;[{'text': 'é', 'timestamp': (0.08, 0.1)}, {'text': 'o', 'timestamp': (0.18, 0.2)}, {'text': 'novo', 'timestamp': (0.32, 0.56)}, {'text': 'contratado', 'timestamp': (0.66, 1.14)}, {'text': 'do', 'timestamp': (1.24, 1.3)}, {'text': 'filme', 'timestamp': (1.38, 1.56)}, {'text': 'sexo', 'timestamp': (1.66, 2.0)}];0,42857142857142855;0,42857142857142855;0,6734693877551021;0,2972972972972973
./audios/SP_D2_333_3164.44_3165.7254.wav;3164,44;3165,7254;[então para a nova emissora;então para a nova emissora;1,285399999999754;então a nova emissora;;[{'text': 'então', 'timestamp': (0.02, 0.16)}, {'text': 'a', 'timestamp': (0.36, 0.38)}, {'text': 'nova', 'timestamp': (0.44, 0.64)}, {'text': 'emissora', 'timestamp': (0.7, 1.2)}];0,2;0,2;0,19999999999999996;0,19230769230769232
./audios/SP_D2_333_3166.16233_3167.0674.wav;3166,16233;3167,0674;ele levará;ele levará;0,905069999999796;ele levará;;[{'text': 'ele', 'timestamp': (1.06, 1.2)}, {'text': 'levará', 'timestamp': (1.28, 1.64)}];0,0;0,0;0,0;0,0
./audios/SP_D2_333_3167.28586_3168.4406.wav;3167,28586;3168,4406;o Flávio Cavalcanti;o flávio cavalcanti;1,154739999999947;uma fábrica matetic;;[{'text': 'uma', 'timestamp': (0.08, 0.14)}, {'text': 'fábrica', 'timestamp': (0.2, 0.54)}, {'text': 'matetic', 'timestamp': (0.56, 1.08)}];1,0;1,0;1,0;0,7894736842105263
./audios/SP_D2_333_3168.4406_3170.14093.wav;3168,4406;3170,14093;talvez por todas as suas desgraças também;talvez por todas as suas desgraças também;1,7003300000001218;talvez com todas as suas dias graças também;;[{'text': 'talvez', 'timestamp': (0.04, 0.3)}, {'text': 'com', 'timestamp': (0.38, 0.46)}, {'text': 'todas', 'timestamp': (0.54, 0.72)}, {'text': 'as', 'timestamp': (0.78, 0.82)}, {'text': 'suas', 'timestamp': (0.88, 1.0)}, {'text': 'dias', 'timestamp': (1.04, 1.18)}, {'text': 'graças', 'timestamp': (1.24, 1.5)}, {'text': 'também', 'timestamp': (1.54, 1.66)}];0,42857142857142855;0,375;0,5535714285714286;0,12195121951219512
./audios/SP_D2_333_3170.14093_3170.44902.wav;3170,14093;3170,44902;(o quê);o quê;0,30808999999999287;e o que que;;[{'text': 'e', 'timestamp': (1.02, 1.04)}, {'text': 'o', 'timestamp': (1.08, 1.1)}, {'text': 'que', 'timestamp': (1.12, 1.18)}, {'text': 'que', 'timestamp': (1.24, 1.32)}];1,5;0,75;0,875;1,4
./audios/SP_D2_333_3170.8765_3172.08087.wav;3170,8765;3172,08087;quem é que vai para o trono?;quem é que vai para o trono;1,2043699999999262;quem é que vai para o trono;;[{'text': 'quem', 'timestamp': (0.04, 0.14)}, {'text': 'é', 'timestamp': (0.16, 0.18)}, {'text': 'que', 'timestamp': (0.2, 0.26)}, {'text': 'vai', 'timestamp': (0.32, 0.4)}, {'text': 'para', 'timestamp': (0.46, 0.56)}, {'text': 'o', 'timestamp': (0.6, 0.62)}, {'text': 'trono', 'timestamp': (0.86, 1.14)}];0,0;0,0;0,0;0,0
./audios/SP_D2_333_3172.08087_3172.92264.wav;3172,08087;3172,92264;é o canceroso;é o canceroso;0,8417699999999968;é o canceroso;;[{'text': 'é', 'timestamp': (1.04, 1.06)}, {'text': 'o', 'timestamp': (1.1, 1.12)}, {'text': 'canceroso', 'timestamp': (1.2, 1.82)}];0,0;0,0;0,0;0,0
./audios/SP_D2_333_3172.92264_3173.72249.wav;3172,92264;3173,72249;é o leproso;é o leproso;0,7998500000003332;eu leproso;;[{'text': 'eu', 'timestamp': (1.02, 1.06)}, {'text': 'leproso', 'timestamp': (1.12, 1.66)}];0,6666666666666666;0,6666666666666666;0,8333333333333334;0,2727272727272727
./audios/SP_D2_333_3173.95725_3174.75079.wav;3173,95725;3174,75079;é o tuberculoso?;é o tuberculoso;0,7935400000001209;pro tuberculoso;;[{'text': 'pro', 'timestamp': (1.0, 1.08)}, {'text': 'tuberculoso', 'timestamp': (1.12, 1.66)}];0,6666666666666666;0,6666666666666666;0,8333333333333334;0,13333333333333333
./audios/SP_D2_333_3175.16457_3176.04102.wav;3175,16457;3176,04102;é é então;é é então;0,8764500000002045;inter;;[{'text': 'inter', 'timestamp': (1.36, 1.66)}];1,0;1,0;1,0;0,7777777777777778
./audios/SP_D2_333_3176.04102_3176.43675.wav;3176,04102;3176,43675;é u/;é u;0,39572999999973035;el;;[{'text': 'el', 'timestamp': (1.08, 1.24)}];1,0;1,0;1,0;1,0
./audios/SP_D2_333_3176.43675_3177.31275.wav;3176,43675;3177,31275;é uma tristeza;é uma tristeza;0,8760000000002037;é uma tristeza;;[{'text': 'é', 'timestamp': (1.02, 1.04)}, {'text': 'uma', 'timestamp': (1.1, 1.18)}, {'text': 'tristeza', 'timestamp': (1.22, 1.7)}];0,0;0,0;0,0;0,0
./audios/SP_D2_333_3177.91236_3178.50522.wav;3177,91236;3178,50522;agora;agora;0,5928600000002007;agora;;[{'text': 'agora', 'timestamp': (1.08, 1.46)}];0,0;0,0;0,0;0,0
./audios/SP_D2_333_3178.7374_3179.3553.wav;3178,7374;3179,3553;éh::;eh;0,6179000000001906;é;;[{'text': 'é', 'timestamp': (1.06, 1.08)}];1,0;1,0;1,0;1,0
./audios/SP_D2_333_3179.69234_3180.07548.wav;3179,69234;3180,07548;do Sílvio;do sílvio;0,3831399999999121;do cimo;;[{'text': 'do', 'timestamp': (1.06, 1.12)}, {'text': 'cimo', 'timestamp': (1.2, 1.4)}];0,5;0,5;0,75;0,5555555555555556
./audios/SP_D2_333_3180.07548_3181.4775.wav;3180,07548;3181,4775;e então uma que se pode dizer;e então uma que se pode dizer;1,4020199999999932;então o que se pode dizer;;[{'text': 'então', 'timestamp': (0.12, 0.34)}, {'text': 'o', 'timestamp': (0.48, 0.5)}, {'text': 'que', 'timestamp': (0.54, 0.6)}, {'text': 'se', 'timestamp': (0.68, 0.72)}, {'text': 'pode', 'timestamp': (0.8, 0.94)}, {'text': 'dizer', 'timestamp': (1.02, 1.26)}];0,2857142857142857;0,2857142857142857;0,40476190476190477;0,1724137931034483
./audios/SP_D2_333_3181.64976_3182.93498.wav;3181,64976;3182,93498;deles éh éh;deles eh eh;1,2852200000002085;dele se;;[{'text': 'dele', 'timestamp': (0.1, 0.34)}, {'text': 'se', 'timestamp': (0.48, 0.54)}];1,0;1,0;1,0;0,45454545454545453
./audios/SP_D2_333_3182.93498_3183.6135.wav;3182,93498;3183,6135;é uma coisa;é uma coisa;0,678519999999935;é uma coisa;;[{'text': 'é', 'timestamp': (1.02, 1.04)}, {'text': 'uma', 'timestamp': (1.12, 1.2)}, {'text': 'coisa', 'timestamp': (1.32, 1.52)}];0,0;0,0;0,0;0,0
./audios/SP_D2_333_3183.6135_3185.99099.wav;3183,6135;3185,99099;eu acho que pelo dinheiro que ele agora acumulou;eu acho que pelo dinheiro que ele agora acumulou;2,3774899999998524;eu acho que pelo dinheiro que ele agora acumulou;;[{'text': 'eu', 'timestamp': (0.02, 0.08)}, {'text': 'acho', 'timestamp': (0.12, 0.26)}, {'text': 'que', 'timestamp': (0.3, 0.38)}, {'text': 'pelo', 'timestamp': (0.46, 0.62)}, {'text': 'dinheiro', 'timestamp': (0.7, 1.0)}, {'text': 'que', 'timestamp': (1.1, 1.16)}, {'text': 'ele', 'timestamp': (1.22, 1.32)}, {'text': 'agora', 'timestamp': (1.36, 1.64)}, {'text': 'acumulou', 'timestamp': (1.72, 2.22)}];0,0;0,0;0,0;0,0
./audios/SP_D2_333_3187.39907_3188.2686.wav;3187,39907;3188,2686;e está pondo;e está pondo;0,8695299999999406;está ponto;;[{'text': 'está', 'timestamp': (1.08, 1.3)}, {'text': 'ponto', 'timestamp': (1.56, 1.86)}];0,6666666666666666;0,6666666666666666;0,8333333333333334;0,25
./audios/SP_D2_333_3188.2686_3189.68417.wav;3188,2686;3189,68417;investindo na televisão;investindo na televisão;1,4155700000001161;em um investido na televisão;;[{'text': 'em', 'timestamp': (0.02, 0.06)}, {'text': 'um', 'timestamp': (0.08, 0.14)}, {'text': 'investido', 'timestamp': (0.18, 0.78)}, {'text': 'na', 'timestamp': (0.84, 0.9)}, {'text': 'televisão', 'timestamp': (0.94, 1.3)}];1,0;0,6;0,7333333333333334;0,30434782608695654
./audios/SP_D2_333_3189.99077_3193.94048.wav;3189,99077;3193,94048;DEve-se cobrar com a maior severidade daqui por diante muita coisa;devese cobrar com a maior severidade daqui por diante muita coisa;3,949710000000323;deve se cobrar com a maior severidade daqui por diante muita coisa;;[{'text': 'deve', 'timestamp': (0.14, 0.38)}, {'text': 'se', 'timestamp': (0.5, 0.54)}, {'text': 'cobrar', 'timestamp': (0.74, 1.06)}, {'text': 'com', 'timestamp': (1.22, 1.28)}, {'text': 'a', 'timestamp': (1.32, 1.34)}, {'text': 'maior', 'timestamp': (1.4, 1.64)}, {'text': 'severidade', 'timestamp': (1.84, 2.48)}, {'text': 'daqui', 'timestamp': (2.62, 2.82)}, {'text': 'por', 'timestamp': (2.92, 3.02)}, {'text': 'diante', 'timestamp': (3.1, 3.3)}, {'text': 'muita', 'timestamp': (3.4, 3.54)}, {'text': 'coisa', 'timestamp': (3.64, 3.84)}];0,18181818181818182;0,16666666666666666;0,24242424242424243;0,015384615384615385
./audios/SP_D2_333_3194.23877_3195.25094.wav;3194,23877;3195,25094;ele queria ter um canal;ele queria ter um canal;1,0121699999999691;ele queria ter um fanal;;[{'text': 'ele', 'timestamp': (0.02, 0.14)}, {'text': 'queria', 'timestamp': (0.18, 0.34)}, {'text': 'ter', 'timestamp': (0.4, 0.48)}, {'text': 'um', 'timestamp': (0.54, 0.58)}, {'text': 'fanal', 'timestamp': (0.66, 0.9)}];0,2;0,2;0,3599999999999999;0,043478260869565216
./audios/SP_D2_333_3195.25094_3195.66958.wav;3195,25094;3195,66958;o governo;o governo;0,4186400000003232;governo;;[{'text': 'governo', 'timestamp': (1.02, 1.34)}];0,5;0,5;0,5;0,2222222222222222
./audios/SP_D2_333_3195.66958_3196.69804.wav;3195,66958;3196,69804;(lhe) concedeu esse canal;lhe concedeu esse canal;1,0284599999999955;e concedeu esse cara;;[{'text': 'e', 'timestamp': (0.08, 0.1)}, {'text': 'concedeu', 'timestamp': (0.2, 0.5)}, {'text': 'esse', 'timestamp': (0.56, 0.68)}, {'text': 'cara', 'timestamp': (0.76, 0.9)}];0,5;0,5;0,75;0,17391304347826086
./audios/SP_D2_333_3197.07455_3200.2325.wav;3197,07455;3200,2325;então MUIta coisa deve ser cobrada para ele daqui para frente;então muita coisa deve ser cobrada para ele daqui para frente;3,1579500000002554;então muita coisa deve ser cobrada pra ele e daqui pra frente;;[{'text': 'então', 'timestamp': (0.04, 0.24)}, {'text': 'muita', 'timestamp': (0.36, 0.6)}, {'text': 'coisa', 'timestamp': (0.74, 0.94)}, {'text': 'deve', 'timestamp': (1.02, 1.18)}, {'text': 'ser', 'timestamp': (1.24, 1.32)}, {'text': 'cobrada', 'timestamp': (1.42, 1.82)}, {'text': 'pra', 'timestamp': (1.94, 2.02)}, {'text': 'ele', 'timestamp': (2.1, 2.24)}, {'text': 'e', 'timestamp': (2.26, 2.28)}, {'text': 'daqui', 'timestamp': (2.3, 2.5)}, {'text': 'pra', 'timestamp': (2.56, 2.68)}, {'text': 'frente', 'timestamp': (2.74, 3.0)}];0,2727272727272727;0,25;0,38636363636363635;0,06557377049180328
./audios/SP_D2_333_3200.5251_3202.67708.wav;3200,5251;3202,67708;até aqui ele pode ter tido as suas escusas;até aqui ele pode ter tido as suas escusas;2,151980000000094;até aqui ele pode ter tido as suas escusas;;[{'text': 'até', 'timestamp': (0.14, 0.28)}, {'text': 'aqui', 'timestamp': (0.38, 0.54)}, {'text': 'ele', 'timestamp': (0.56, 0.68)}, {'text': 'pode', 'timestamp': (0.78, 0.9)}, {'text': 'ter', 'timestamp': (0.96, 1.06)}, {'text': 'tido', 'timestamp': (1.16, 1.3)}, {'text': 'as', 'timestamp': (1.32, 1.38)}, {'text': 'suas', 'timestamp': (1.42, 1.54)}, {'text': 'escusas', 'timestamp': (1.6, 2.0)}];0,0;0,0;0,0;0,0
./audios/SP_D2_333_3203.21242_3204.68956.wav;3203,21242;3204,68956;para criar o seu império;para criar o seu império;1,477139999999963;para criar o seu empenho;;[{'text': 'para', 'timestamp': (0.06, 0.22)}, {'text': 'criar', 'timestamp': (0.32, 0.6)}, {'text': 'o', 'timestamp': (0.66, 0.68)}, {'text': 'seu', 'timestamp': (0.76, 0.86)}, {'text': 'empenho', 'timestamp': (0.96, 1.32)}];0,2;0,2;0,3599999999999999;0,16666666666666666
./audios/SP_D2_333_3204.95643_3206.57018.wav;3204,95643;3206,57018;agora que ele é um magnata;agora que ele é um magnata;1,6137499999999818;agora que ele é um magnata;;[{'text': 'agora', 'timestamp': (0.08, 0.34)}, {'text': 'que', 'timestamp': (0.42, 0.5)}, {'text': 'ele', 'timestamp': (0.54, 0.62)}, {'text': 'é', 'timestamp': (0.66, 0.68)}, {'text': 'um', 'timestamp': (0.7, 0.74)}, {'text': 'magnata', 'timestamp': (0.76, 1.42)}];0,0;0,0;0,0;0,0
./audios/SP_D2_333_3207.65183_3211.21859.wav;3207,65183;3211,21859;não se pode mais fazer nenhuma concessão;não se pode mais fazer nenhuma concessão;3,5667600000001585;não se pode mais fazer nenhuma concessão;;[{'text': 'não', 'timestamp': (0.2, 0.44)}, {'text': 'se', 'timestamp': (0.62, 0.68)}, {'text': 'pode', 'timestamp': (0.92, 1.26)}, {'text': 'mais', 'timestamp': (1.5, 1.76)}, {'text': 'fazer', 'timestamp': (1.9, 2.2)}, {'text': 'nenhuma', 'timestamp': (2.34, 2.64)}, {'text': 'concessão', 'timestamp': (2.8, 3.36)}];0,0;0,0;0,0;0,0
./audios/SP_D2_333_3211.46889_3212.63819.wav;3211,46889;3212,63819;e tem que se cobrar;e tem que se cobrar;1,169300000000021;e tem que se cobrar;;[{'text': 'e', 'timestamp': (0.06, 0.08)}, {'text': 'tem', 'timestamp': (0.16, 0.24)}, {'text': 'que', 'timestamp': (0.3, 0.36)}, {'text': 'se', 'timestamp': (0.42, 0.46)}, {'text': 'cobrar', 'timestamp': (0.56, 0.84)}];0,0;0,0;0,0;0,0
./audios/SP_D2_333_3225.77033_3226.2609.wav;3225,77033;3226,2609;olha;olha;0,490570000000389;olha;;[{'text': 'olha', 'timestamp': (1.08, 1.28)}];0,0;0,0;0,0;0,0
./audios/SP_D2_333_3226.2609_3227.78855.wav;3226,2609;3227,78855;eu não digo sobrepujar;eu não digo sobrepujar;1,5276499999999942;eu não digo sobrebujar;;[{'text': 'eu', 'timestamp': (0.14, 0.18)}, {'text': 'não', 'timestamp': (0.24, 0.34)}, {'text': 'digo', 'timestamp': (0.44, 0.62)}, {'text': 'sobrebujar', 'timestamp': (0.78, 1.42)}];0,25;0,25;0,4375;0,045454545454545456
./audios/SP_D2_333_3227.78855_3229.1167.wav;3227,78855;3229,1167;mas aqui no Brasil;mas aqui no brasil;1,3281499999998232;mas aqui no brasil;;[{'text': 'mas', 'timestamp': (0.06, 0.18)}, {'text': 'aqui', 'timestamp': (0.28, 0.44)}, {'text': 'no', 'timestamp': (0.52, 0.58)}, {'text': 'brasil', 'timestamp': (0.64, 1.14)}];0,0;0,0;0,0;0,0
./audios/SP_D2_333_3229.59275_3229.99385.wav;3229,59275;3229,99385;hã;ah;0,4011000000000422;é;;[{'text': 'é', 'timestamp': (1.04, 1.06)}];1,0;1,0;1,0;1,0
./audios/SP_D2_333_3230.42774_3231.41064.wav;3230,42774;3231,41064;com:::;com;0,9828999999999724;quão;;[{'text': 'quão', 'timestamp': (1.02, 1.58)}];1,0;1,0;1,0;1,3333333333333333
./audios/SP_D2_333_3231.41064_3233.40571.wav;3231,41064;3233,40571;[(com) um poder aquisitivo tão [baixo;com um poder aquisitivo tão baixo;1,9950699999999415;com um poder aquisitivo tão baixo;;[{'text': 'com', 'timestamp': (0.12, 0.2)}, {'text': 'um', 'timestamp': (0.22, 0.26)}, {'text': 'poder', 'timestamp': (0.3, 0.48)}, {'text': 'aquisitivo', 'timestamp': (0.54, 1.04)}, {'text': 'tão', 'timestamp': (1.18, 1.28)}, {'text': 'baixo', 'timestamp': (1.36, 1.78)}];0,0;0,0;0,0;0,0
./audios/SP_D2_333_3234.74526_3235.27104.wav;3234,74526;3235,27104;[com o poder;com o poder;0,5257799999999406;com as era;;[{'text': 'com', 'timestamp': (1.0, 1.1)}, {'text': 'as', 'timestamp': (1.28, 1.34)}, {'text': 'era', 'timestamp': (1.4, 1.54)}];0,6666666666666666;0,6666666666666666;0,8888888888888888;0,5454545454545454
./audios/SP_D2_333_3235.27104_3235.49431.wav;3235,27104;3235,49431;é;é;0,22326999999995678;é;;[{'text': 'é', 'timestamp': (1.02, 1.04)}];0,0;0,0;0,0;0,0
./audios/SP_D2_333_3235.49431_3237.19811.wav;3235,49431;3237,19811;é o poder aquisitivo tão baixo;é o poder aquisitivo tão baixo;1,7037999999997737;o poder aquisitivo tão baixo;;[{'text': 'o', 'timestamp': (0.12, 0.14)}, {'text': 'poder', 'timestamp': (0.18, 0.38)}, {'text': 'aquisitivo', 'timestamp': (0.4, 0.84)}, {'text': 'tão', 'timestamp': (0.94, 1.04)}, {'text': 'baixo', 'timestamp': (1.14, 1.54)}];0,16666666666666666;0,16666666666666666;0,16666666666666663;0,06666666666666667
./audios/SP_D2_333_3237.54013_3238.97694.wav;3237,54013;3238,97694;para muitas faixas;para muitas faixas;1,4368100000001505;para muitas faixas;;[{'text': 'para', 'timestamp': (0.04, 0.16)}, {'text': 'muitas', 'timestamp': (0.32, 0.66)}, {'text': 'faixas', 'timestamp': (0.84, 1.3)}];0,0;0,0;0,0;0,0
./audios/SP_D2_333_3238.97694_3240.31365.wav;3238,97694;3240,31365;a televisão irá;a televisão irá;1,3367100000000391;a televisão irá;;[{'text': 'a', 'timestamp': (0.06, 0.08)}, {'text': 'televisão', 'timestamp': (0.14, 0.6)}, {'text': 'irá', 'timestamp': (0.86, 1.06)}];0,0;0,0;0,0;0,0
./audios/SP_D2_333_3240.69804_3241.71871.wav;3240,69804;3241,71871;substituir o cinema;substituir o cinema;1,0206699999998818;substituir o cinema;;[{'text': 'substituir', 'timestamp': (0.04, 0.52)}, {'text': 'o', 'timestamp': (0.56, 0.6)}, {'text': 'cinema', 'timestamp': (0.66, 0.96)}];0,0;0,0;0,0;0,0
./audios/SP_D2_333_3242.24253_3245.46192.wav;3242,24253;3245,46192;porque a pessoa compra a sua tele/ o seu tele:::;porque a pessoa compra a sua tele o seu tele;3,219390000000203;por que a pessoa compra sua ter o seu ter;;[{'text': 'por', 'timestamp': (0.06, 0.2)}, {'text': 'que', 'timestamp': (0.32, 0.38)}, {'text': 'a', 'timestamp': (0.48, 0.5)}, {'text': 'pessoa', 'timestamp': (0.58, 0.96)}, {'text': 'compra', 'timestamp': (1.08, 1.3)}, {'text': 'sua', 'timestamp': (1.38, 1.48)}, {'text': 'ter', 'timestamp': (1.54, 1.62)}, {'text': 'o', 'timestamp': (1.72, 1.74)}, {'text': 'seu', 'timestamp': (1.8, 1.9)}, {'text': 'ter', 'timestamp': (1.98, 2.22)}];0,5;0,45454545454545453;0,64;0,1590909090909091
./audios/SP_D2_333_3245.46192_3246.33124.wav;3245,46192;3246,33124;o seu receptor;o seu receptor;0,8693199999997887;o seu receptor;;[{'text': 'o', 'timestamp': (1.04, 1.06)}, {'text': 'seu', 'timestamp': (1.12, 1.2)}, {'text': 'receptor', 'timestamp': (1.28, 1.72)}];0,0;0,0;0,0;0,0
./audios/SP_D2_333_3246.33124_3247.18673.wav;3246,33124;3247,18673;a prestações;a prestações;0,8554899999999179;aprestações;;[{'text': 'aprestações', 'timestamp': (1.08, 1.66)}];1,0;1,0;1,0;0,08333333333333333
./audios/SP_D2_333_3247.53742_3248.83796.wav;3247,53742;3248,83796;fica com ele no seu barraco;fica com ele no seu barraco;1,300539999999728;fica com ele no seu barraco;;[{'text': 'fica', 'timestamp': (0.04, 0.18)}, {'text': 'com', 'timestamp': (0.24, 0.32)}, {'text': 'ele', 'timestamp': (0.34, 0.44)}, {'text': 'no', 'timestamp': (0.48, 0.56)}, {'text': 'seu', 'timestamp': (0.62, 0.7)}, {'text': 'barraco', 'timestamp': (0.78, 1.16)}];0,0;0,0;0,0;0,0
./audios/SP_D2_333_3249.4774_3250.8084.wav;3249,4774;3250,8084;e vê os [filmes;e vê os filmes;1,3309999999996762;e dizer o filmes;;[{'text': 'e', 'timestamp': (0.06, 0.08)}, {'text': 'dizer', 'timestamp': (0.16, 0.3)}, {'text': 'o', 'timestamp': (0.38, 0.4)}, {'text': 'filmes', 'timestamp': (0.56, 1.02)}];0,5;0,5;0,75;0,42857142857142855
./audios/SP_D2_333_3250.97242_3251.88401.wav;3250,97242;3251,88401;[atrasados;atrasados;0,9115900000001602;atrasar mesmo;;[{'text': 'atrasar', 'timestamp': (1.06, 1.58)}, {'text': 'mesmo', 'timestamp': (1.68, 1.92)}];2,0;1,0;1,0;0,6666666666666666
./audios/SP_D2_333_3252.19914_3253.25319.wav;3252,19914;3253,25319;[bons ou ruins;bons ou ruins;1,0540499999997337;boas atores;;[{'text': 'boas', 'timestamp': (0.08, 0.32)}, {'text': 'atores', 'timestamp': (0.46, 0.82)}];1,0;1,0;1,0;0,5384615384615384
./audios/SP_D2_333_3253.25319_3253.52119.wav;3253,25319;3253,52119;não é?;não é;0,2680000000000291;a;;[{'text': 'a', 'timestamp': (1.06, 1.08)}];1,0;1,0;1,0;1,0
./audios/SP_D2_333_3253.84756_3254.43425.wav;3253,84756;3254,43425;[vê nele;vê nele;0,5866899999996349;vê nele;;[{'text': 'vê', 'timestamp': (1.04, 1.08)}, {'text': 'nele', 'timestamp': (1.26, 1.5)}];0,0;0,0;0,0;0,0
./audios/SP_D2_333_3254.43425_3255.08475.wav;3254,43425;3255,08475;os seus filmes;os seus filmes;0,6505000000001928;os seus filmes;;[{'text': 'os', 'timestamp': (1.04, 1.08)}, {'text': 'seus', 'timestamp': (1.12, 1.28)}, {'text': 'filmes', 'timestamp': (1.36, 1.6)}];0,0;0,0;0,0;0,0
./audios/SP_D2_333_3255.08475_3256.11196.wav;3255,08475;3256,11196;então essas pessoas;então essas pessoas;1,0272100000001956;então essas pessoas;;[{'text': 'então', 'timestamp': (0.06, 0.26)}, {'text': 'essas', 'timestamp': (0.36, 0.58)}, {'text': 'pessoas', 'timestamp': (0.66, 0.98)}];0,0;0,0;0,0;0,0
./audios/SP_D2_333_3256.11196_3256.44383.wav;3256,11196;3256,44383;essa;essa;0,3318699999999808;dessa;;[{'text': 'dessa', 'timestamp': (1.0, 1.18)}];1,0;1,0;1,0;0,25
./audios/SP_D2_333_3256.70596_3258.1045.wav;3256,70596;3258,1045;essas grandes faixas;essas grandes faixas;1,3985400000001391;essas grandes faixas;;[{'text': 'essas', 'timestamp': (0.06, 0.24)}, {'text': 'grandes', 'timestamp': (0.3, 0.6)}, {'text': 'faixas', 'timestamp': (0.74, 1.18)}];0,0;0,0;0,0;0,0
./audios/SP_D2_333_3258.68634_3259.14035.wav;3258,68634;3259,14035;éh::;eh;0,45400999999992564;era;;[{'text': 'era', 'timestamp': (1.12, 1.34)}];1,0;1,0;1,0;1,0
./audios/SP_D2_333_3259.14035_3260.29851.wav;3259,14035;3260,29851;de uma população;de uma população;1,1581599999999526;de uma corporação;;[{'text': 'de', 'timestamp': (0.06, 0.12)}, {'text': 'uma', 'timestamp': (0.14, 0.2)}, {'text': 'corporação', 'timestamp': (0.26, 0.84)}];0,3333333333333333;0,3333333333333333;0,5555555555555556;0,25
./audios/SP_D2_333_3261.8016_3262.43579.wav;3261,8016;3262,43579;pobre;pobre;0,634190000000217;babre;;[{'text': 'babre', 'timestamp': (1.06, 1.44)}];1,0;1,0;1,0;0,4
./audios/SP_D2_333_3262.94103_3264.0441.wav;3262,94103;3264,0441;evidentemente;evidentemente;1,1030700000001161;evidentemente;;[{'text': 'evidentemente', 'timestamp': (0.08, 0.8)}];0,0;0,0;0,0;0,0
./audios/SP_D2_333_3264.41725_3264.68655.wav;3264,41725;3264,68655;éh;eh;0,26929999999993015;é;;[{'text': 'é', 'timestamp': (1.08, 1.1)}];1,0;1,0;1,0;1,0
./audios/SP_D2_333_3264.68655_3266.62602.wav;3264,68655;3266,62602;vão cada vez mais::;vão cada vez mais;1,9394700000002558;vão cada vez mais;;[{'text': 'vão', 'timestamp': (0.04, 0.24)}, {'text': 'cada', 'timestamp': (0.4, 0.64)}, {'text': 'vez', 'timestamp': (0.74, 0.92)}, {'text': 'mais', 'timestamp': (1.06, 1.36)}];0,0;0,0;0,0;0,0
./audios/SP_D2_333_3266.98967_3267.15842.wav;3266,98967;3267,15842;éh;eh;0,16875000000027285;é;;[{'text': 'é', 'timestamp': (1.02, 1.04)}];1,0;1,0;1,0;1,0
./audios/SP_D2_333_3267.65636_3269.08817.wav;3267,65636;3269,08817;renunciar ao cinema;renunciar ao cinema;1,4318100000000413;renunciar ao sine;;[{'text': 'renunciar', 'timestamp': (0.12, 0.7)}, {'text': 'ao', 'timestamp': (0.76, 0.82)}, {'text': 'sine', 'timestamp': (0.92, 1.12)}];0,3333333333333333;0,3333333333333333;0,5555555555555556;0,15789473684210525
./audios/SP_D2_333_3269.94919_3270.6918.wav;3269,94919;3270,6918;agora;agora;0,7426100000002407;agora;;[{'text': 'agora', 'timestamp': (1.08, 1.52)}];0,0;0,0;0,0;0,0
./audios/SP_D2_333_3271.04158_3272.24663.wav;3271,04158;3272,24663;nas nas elites;nas nas elites;1,2050500000000284;a nas elites;;[{'text': 'a', 'timestamp': (0.06, 0.08)}, {'text': 'nas', 'timestamp': (0.36, 0.52)}, {'text': 'elites', 'timestamp': (0.6, 1.14)}];0,3333333333333333;0,3333333333333333;0,5555555555555556;0,14285714285714285
./audios/SP_D2_333_3272.24663_3273.22542.wav;3272,24663;3273,22542;nas camadas;nas camadas;0,9787900000001173;nas camadas;;[{'text': 'nas', 'timestamp': (1.04, 1.16)}, {'text': 'camadas', 'timestamp': (1.26, 1.74)}];0,0;0,0;0,0;0,0
./audios/SP_D2_333_3273.63028_3274.69077.wav;3273,63028;3274,69077;mais altas;mais altas;1,0604900000003;mais altas;;[{'text': 'mais', 'timestamp': (0.14, 0.36)}, {'text': 'altas', 'timestamp': (0.48, 0.86)}];0,0;0,0;0,0;0,0
./audios/SP_D2_333_3274.69077_3278.18865.wav;3274,69077;3278,18865;eu acho que o cinema ainda vai perdurar durante muito tempo;eu acho que o cinema ainda vai perdurar durante muito tempo;3,4978799999998955;eu acho que o cinema ainda vai perdurar durante muito tempo;;[{'text': 'eu', 'timestamp': (0.08, 0.18)}, {'text': 'acho', 'timestamp': (0.26, 0.5)}, {'text': 'que', 'timestamp': (0.6, 0.66)}, {'text': 'o', 'timestamp': (0.72, 0.74)}, {'text': 'cinema', 'timestamp': (0.84, 1.14)}, {'text': 'ainda', 'timestamp': (1.2, 1.36)}, {'text': 'vai', 'timestamp': (1.44, 1.54)}, {'text': 'perdurar', 'timestamp': (1.64, 2.04)}, {'text': 'durante', 'timestamp': (2.16, 2.42)}, {'text': 'muito', 'timestamp': (2.56, 2.72)}, {'text': 'tempo', 'timestamp': (2.88, 3.12)}];0,0;0,0;0,0;0,0
./audios/SP_D2_333_3279.43864_3280.11641.wav;3279,43864;3280,11641;hã;ah;0,6777700000002369;eh;;[{'text': 'eh', 'timestamp': (1.1, 1.24)}];1,0;1,0;1,0;0,5
./audios/SP_D2_333_3280.73625_3285.05432.wav;3280,73625;3285,05432;parece que no Brasil é um dos lugares em que o nosso cinema é de mais baixo custo;parece que no brasil é um dos lugares em que o nosso cinema é de mais baixo custo;4,318070000000262;parece que no brasil é um dos lugares em que o nosso cinema é de mais baixo custo;;[{'text': 'parece', 'timestamp': (0.08, 0.4)}, {'text': 'que', 'timestamp': (0.52, 0.6)}, {'text': 'no', 'timestamp': (0.64, 0.7)}, {'text': 'brasil', 'timestamp': (0.76, 1.16)}, {'text': 'é', 'timestamp': (1.24, 1.26)}, {'text': 'um', 'timestamp': (1.32, 1.36)}, {'text': 'dos', 'timestamp': (1.4, 1.48)}, {'text': 'lugares', 'timestamp': (1.56, 1.88)}, {'text': 'em', 'timestamp': (1.92, 1.98)}, {'text': 'que', 'timestamp': (2.02, 2.1)}, {'text': 'o', 'timestamp': (2.14, 2.16)}, {'text': 'nosso', 'timestamp': (2.24, 2.46)}, {'text': 'cinema', 'timestamp': (2.6, 2.92)}, {'text': 'é', 'timestamp': (3.12, 3.14)}, {'text': 'de', 'timestamp': (3.22, 3.26)}, {'text': 'mais', 'timestamp': (3.32, 3.46)}, {'text': 'baixo', 'timestamp': (3.54, 3.76)}, {'text': 'custo', 'timestamp': (3.9, 4.22)}];0,0;0,0;0,0;0,0
./audios/SP_D2_333_3285.05432_3285.45602.wav;3285,05432;3285,45602;não é?;não é;0,4016999999998916;pino;;[{'text': 'pino', 'timestamp': (1.0, 1.26)}];1,0;1,0;1,0;1,0
./audios/SP_D2_333_3285.87894_3287.38649.wav;3285,87894;3287,38649;é um cinema que não é;é um cinema que não é;1,50754999999981;é um um cinema que não é;;[{'text': 'é', 'timestamp': (0.1, 0.12)}, {'text': 'um', 'timestamp': (0.22, 0.26)}, {'text': 'um', 'timestamp': (0.4, 0.44)}, {'text': 'cinema', 'timestamp': (0.6, 0.86)}, {'text': 'que', 'timestamp': (0.96, 1.02)}, {'text': 'não', 'timestamp': (1.1, 1.2)}, {'text': 'é', 'timestamp': (1.28, 1.3)}];0,16666666666666666;0,14285714285714285;0,1428571428571429;0,14285714285714285
./audios/SP_D2_333_3287.75111_3288.74858.wav;3287,75111;3288,74858;MUIto oneroso;muito oneroso;0,9974699999997938;montoneros;;[{'text': 'montoneros', 'timestamp': (1.1, 1.82)}];1,0;1,0;1,0;0,38461538461538464
./audios/SP_D2_333_3288.74858_3289.60543.wav;3288,74858;3289,60543;assim mesmo;assim mesmo;0,8568500000001222;a si mesmo;;[{'text': 'a', 'timestamp': (1.04, 1.06)}, {'text': 'si', 'timestamp': (1.2, 1.26)}, {'text': 'mesmo', 'timestamp': (1.38, 1.64)}];1,0;0,6666666666666666;0,8333333333333334;0,18181818181818182
./audios/SP_D2_333_3290.67494_3290.96029.wav;3290,67494;3290,96029;hã;ah;0,2853500000001077;e;;[{'text': 'e', 'timestamp': (1.08, 1.1)}];1,0;1,0;1,0;1,0
./audios/SP_D2_333_3290.96029_3293.07843.wav;3290,96029;3293,07843;diante do poder aquisitivo da população;diante do poder aquisitivo da população;2,1181400000000394;diante do poder aquisitivo da população;;[{'text': 'diante', 'timestamp': (0.04, 0.22)}, {'text': 'do', 'timestamp': (0.28, 0.32)}, {'text': 'poder', 'timestamp': (0.4, 0.62)}, {'text': 'aquisitivo', 'timestamp': (0.68, 1.14)}, {'text': 'da', 'timestamp': (1.2, 1.24)}, {'text': 'população', 'timestamp': (1.3, 1.94)}];0,0;0,0;0,0;0,0
./audios/SP_D2_333_3293.54806_3294.93783.wav;3293,54806;3294,93783;é bastante oneroso;é bastante oneroso;1,3897699999997712;que é bastante onerosa;;[{'text': 'que', 'timestamp': (0.0, 0.1)}, {'text': 'é', 'timestamp': (0.16, 0.18)}, {'text': 'bastante', 'timestamp': (0.2, 0.56)}, {'text': 'onerosa', 'timestamp': (0.66, 1.1)}];0,6666666666666666;0,5;0,6666666666666667;0,2777777777777778
./audios/SP_D2_333_3295.6099_3297.00785.wav;3295,6099;3297,00785;então ele vai prosseguir;então ele vai prosseguir;1,397950000000037;não ele vai prosseguir;;[{'text': 'não', 'timestamp': (0.02, 0.14)}, {'text': 'ele', 'timestamp': (0.16, 0.26)}, {'text': 'vai', 'timestamp': (0.32, 0.4)}, {'text': 'prosseguir', 'timestamp': (0.54, 1.16)}];0,25;0,25;0,4375;0,08333333333333333
./audios/SP_D2_333_3297.00785_3298.62257.wav;3297,00785;3298,62257;nestas faixas;nestas faixas;1,614720000000034;nessas faixas;;[{'text': 'nessas', 'timestamp': (0.18, 0.68)}, {'text': 'faixas', 'timestamp': (0.9, 1.38)}];0,5;0,5;0,75;0,07692307692307693
./audios/SP_D2_333_3299.5914_3301.11412.wav;3299,5914;3301,11412;de maior poder aquisitivo;de maior poder aquisitivo;1,5227200000003904;de maior poder aquisitivo;;[{'text': 'de', 'timestamp': (0.12, 0.16)}, {'text': 'maior', 'timestamp': (0.26, 0.48)}, {'text': 'poder', 'timestamp': (0.58, 0.8)}, {'text': 'aquisitivo', 'timestamp': (0.84, 1.4)}];0,0;0,0;0,0;0,0
./audios/SP_D2_333_3301.11412_3301.7895.wav;3301,11412;3301,7895;nas outras;nas outras;0,6753799999996772;nas outras;;[{'text': 'nas', 'timestamp': (1.06, 1.24)}, {'text': 'outras', 'timestamp': (1.38, 1.66)}];0,0;0,0;0,0;0,0
./audios/SP_D2_333_3301.7895_3304.64391.wav;3301,7895;3304,64391;ele vai ser completamente substituído pela televisão;ele vai ser completamente substituído pela televisão;2,854409999999916;se ele vai ser completamente substituído pela televisão;;[{'text': 'se', 'timestamp': (0.0, 0.08)}, {'text': 'ele', 'timestamp': (0.1, 0.2)}, {'text': 'vai', 'timestamp': (0.24, 0.32)}, {'text': 'ser', 'timestamp': (0.4, 0.5)}, {'text': 'completamente', 'timestamp': (0.62, 1.22)}, {'text': 'substituído', 'timestamp': (1.32, 1.82)}, {'text': 'pela', 'timestamp': (1.96, 2.12)}, {'text': 'televisão', 'timestamp': (2.18, 2.58)}];0,14285714285714285;0,125;0,125;0,057692307692307696
./audios/SP_D2_333_84.44296_93.40465.wav;84,44296;93,40465;eu estava na Tupi trabalhando como:: como funcionária da Tupi... da rádio... Tupi... quando foi lançada a primeira... (primeira) televisão;eu estava na tupi trabalhando como como funcionária da tupi da rádio tupi quando foi lançada a primeira primeira televisão;8,961690000000004;eu estava na tupi trabalhando como funcionário da tupi da rádio tupi quando foi lançada a primeira primeira televisão;;[{'text': 'eu', 'timestamp': (0.04, 0.1)}, {'text': 'estava', 'timestamp': (0.16, 0.54)}, {'text': 'na', 'timestamp': (0.7, 0.76)}, {'text': 'tupi', 'timestamp': (0.9, 1.14)}, {'text': 'trabalhando', 'timestamp': (1.36, 1.78)}, {'text': 'como', 'timestamp': (1.96, 2.12)}, {'text': 'funcionário', 'timestamp': (2.74, 3.3)}, {'text': 'da', 'timestamp': (3.36, 3.42)}, {'text': 'tupi', 'timestamp': (3.5, 3.72)}, {'text': 'da', 'timestamp': (4.42, 4.48)}, {'text': 'rádio', 'timestamp': (4.58, 4.86)}, {'text': 'tupi', 'timestamp': (5.42, 5.58)}, {'text': 'quando', 'timestamp': (6.2, 6.48)}, {'text': 'foi', 'timestamp': (6.74, 6.84)}, {'text': 'lançada', 'timestamp': (6.9, 7.24)}, {'text': 'a', 'timestamp': (7.3, 7.34)}, {'text': 'primeira', 'timestamp': (7.4, 7.7)}, {'text': 'primeira', 'timestamp': (8.16, 8.38)}, {'text': 'televisão', 'timestamp': (8.44, 8.84)}];0,1;0,1;0,1473684210526316;0,04918032786885246
./audios/SP_D2_333_94.24323_97.03606.wav;94,24323;97,03606;de modo que eu vi nascer propriamente a t/ [a... televisão;de modo que eu vi nascer propriamente a t a televisão;2,7928300000000092;de modo que o vi nascer novamente até vinte televisão;;[{'text': 'de', 'timestamp': (0.06, 0.1)}, {'text': 'modo', 'timestamp': (0.12, 0.22)}, {'text': 'que', 'timestamp': (0.28, 0.38)}, {'text': 'o', 'timestamp': (0.42, 0.44)}, {'text': 'vi', 'timestamp': (0.56, 0.62)}, {'text': 'nascer', 'timestamp': (0.84, 1.2)}, {'text': 'novamente', 'timestamp': (1.3, 1.6)}, {'text': 'até', 'timestamp': (1.7, 1.82)}, {'text': 'vinte', 'timestamp': (1.98, 2.14)}, {'text': 'televisão', 'timestamp': (2.32, 2.76)}];0,45454545454545453;0,45454545454545453;0,6727272727272728;0,2641509433962264
./audios/SP_D2_333_97.21448_97.44721.wav;97,21448;97,44721;é;é;0,23273000000000366;é;;[{'text': 'é', 'timestamp': (1.04, 1.06)}];0,0;0,0;0,0;0,0
./audios/SP_D2_333_97.44721_102.05502.wav;97,44721;102,05502;( ) eu eu... eu vi nascer eu estava lá... ah... todo momento né?;eu eu eu vi nascer eu estava lá ah todo momento né;4,607810000000001;e eu eu eu vi nascer e estava lá a todo momento né;;[{'text': 'e', 'timestamp': (0.0, 0.02)}, {'text': 'eu', 'timestamp': (0.28, 0.4)}, {'text': 'eu', 'timestamp': (0.48, 0.52)}, {'text': 'eu', 'timestamp': (1.06, 1.1)}, {'text': 'vi', 'timestamp': (1.16, 1.2)}, {'text': 'nascer', 'timestamp': (1.3, 1.58)}, {'text': 'e', 'timestamp': (1.68, 1.7)}, {'text': 'estava', 'timestamp': (1.72, 1.96)}, {'text': 'lá', 'timestamp': (2.08, 2.14)}, {'text': 'a', 'timestamp': (3.08, 3.1)}, {'text': 'todo', 'timestamp': (3.78, 3.9)}, {'text': 'momento', 'timestamp': (3.98, 4.26)}, {'text': 'né', 'timestamp': (4.36, 4.42)}];0,25;0,23076923076923078;0,3589743589743589;0,08
./audios/SP_D2_333_102.89293_113.93526.wav;102,89293;113,93526;e::: uma coisa que eu gostaria de:: lembrar a você justamente a respeito de linguagem... é o seguinte que eu noto... que muito paulista fica um pouco chocado... com a linguajar carioca;e uma coisa que eu gostaria de lembrar a você justamente a respeito de linguagem é o seguinte que eu noto que muito paulista fica um pouco chocado com a linguajar carioca;11,042329999999993;e uma coisa que eu gostaria de lembrar a você justamente a respeito de linguagem é o seguinte que eu noto que muito paulista fica um pouco chocado com o linguajar carioca;;[{'text': 'e', 'timestamp': (0.08, 0.1)}, {'text': 'uma', 'timestamp': (0.78, 0.86)}, {'text': 'coisa', 'timestamp': (0.92, 1.04)}, {'text': 'que', 'timestamp': (1.12, 1.18)}, {'text': 'eu', 'timestamp': (1.2, 1.26)}, {'text': 'gostaria', 'timestamp': (1.3, 1.72)}, {'text': 'de', 'timestamp': (1.86, 1.9)}, {'text': 'lembrar', 'timestamp': (2.62, 2.84)}, {'text': 'a', 'timestamp': (2.88, 2.9)}, {'text': 'você', 'timestamp': (3.02, 3.24)}, {'text': 'justamente', 'timestamp': (3.38, 3.64)}, {'text': 'a', 'timestamp': (3.68, 3.7)}, {'text': 'respeito', 'timestamp': (3.74, 4.0)}, {'text': 'de', 'timestamp': (4.06, 4.12)}, {'text': 'linguagem', 'timestamp': (4.18, 4.66)}, {'text': 'é', 'timestamp': (5.3, 5.32)}, {'text': 'o', 'timestamp': (5.42, 5.44)}, {'text': 'seguinte', 'timestamp': (5.5, 5.78)}, {'text': 'que', 'timestamp': (5.84, 5.92)}, {'text': 'eu', 'timestamp': (5.94, 6.0)}, {'text': 'noto', 'timestamp': (6.1, 6.44)}, {'text': 'que', 'timestamp': (6.92, 7.0)}, {'text': 'muito', 'timestamp': (7.14, 7.32)}, {'text': 'paulista', 'timestamp': (7.42, 8.06)}, {'text': 'fica', 'timestamp': (8.22, 8.38)}, {'text': 'um', 'timestamp': (8.44, 8.5)}, {'text': 'pouco', 'timestamp': (8.56, 8.74)}, {'text': 'chocado', 'timestamp': (8.84, 9.22)}, {'text': 'com', 'timestamp': (9.7, 9.78)}, {'text': 'o', 'timestamp': (9.84, 9.86)}, {'text': 'linguajar', 'timestamp': (9.9, 10.28)}, {'text': 'carioca', 'timestamp': (10.38, 10.88)}];0,03125;0,03125;0,0615234375;0,0058823529411764705
./audios/SP_D2_333_114.44472_116.47628.wav;114,44472;116,47628;com os esses e os erres [do carioca;com os esses e os erres do carioca;2,031559999999999;com os esses e setas estaca;;[{'text': 'com', 'timestamp': (0.06, 0.12)}, {'text': 'os', 'timestamp': (0.2, 0.24)}, {'text': 'esses', 'timestamp': (0.34, 0.62)}, {'text': 'e', 'timestamp': (0.68, 0.7)}, {'text': 'setas', 'timestamp': (0.84, 1.12)}, {'text': 'estaca', 'timestamp': (1.2, 1.78)}];0,5;0,5;0,6666666666666667;0,35294117647058826
./audios/SP_D2_333_116.68_130.96465.wav;116,68;130,96465;que eram justamente um dos um dos defeitos muito grandes do rádio... daquele tempo que era... quando:: um:: um locutor ia fazer um teste... o:: o chefe dizia a ele... ''diga aí os efe os esses e os erres'';que eram justamente um dos um dos defeitos muito grandes do rádio daquele tempo que era quando um um locutor ia fazer um teste o o chefe dizia a ele diga aí os efe os esses e os erres;14,28465;e era justamente um dos defeitos muito grandes do rádio naquele tempo que era quando um locutor ia fazer um teste o chefe dizia a ele diga aí uns esses e os erres;;[{'text': 'e', 'timestamp': (0.04, 0.06)}, {'text': 'era', 'timestamp': (0.16, 0.3)}, {'text': 'justamente', 'timestamp': (0.56, 1.08)}, {'text': 'um', 'timestamp': (1.84, 1.9)}, {'text': 'dos', 'timestamp': (1.96, 2.06)}, {'text': 'defeitos', 'timestamp': (2.08, 2.58)}, {'text': 'muito', 'timestamp': (2.66, 2.78)}, {'text': 'grandes', 'timestamp': (2.86, 3.16)}, {'text': 'do', 'timestamp': (3.22, 3.28)}, {'text': 'rádio', 'timestamp': (3.36, 3.7)}, {'text': 'naquele', 'timestamp': (4.14, 4.4)}, {'text': 'tempo', 'timestamp': (4.48, 4.66)}, {'text': 'que', 'timestamp': (4.82, 4.9)}, {'text': 'era', 'timestamp': (4.96, 5.04)}, {'text': 'quando', 'timestamp': (5.5, 5.76)}, {'text': 'um', 'timestamp': (6.78, 6.84)}, {'text': 'locutor', 'timestamp': (6.9, 7.38)}, {'text': 'ia', 'timestamp': (7.62, 7.72)}, {'text': 'fazer', 'timestamp': (7.84, 8.08)}, {'text': 'um', 'timestamp': (8.16, 8.2)}, {'text': 'teste', 'timestamp': (8.36, 8.66)}, {'text': 'o', 'timestamp': (10.06, 10.08)}, {'text': 'chefe', 'timestamp': (10.22, 10.44)}, {'text': 'dizia', 'timestamp': (10.54, 10.74)}, {'text': 'a', 'timestamp': (10.78, 10.8)}, {'text': 'ele', 'timestamp': (10.92, 11.0)}, {'text': 'diga', 'timestamp': (11.46, 11.68)}, {'text': 'aí', 'timestamp': (11.72, 11.88)}, {'text': 'uns', 'timestamp': (12.94, 13.06)}, {'text': 'esses', 'timestamp': (13.16, 13.44)}, {'text': 'e', 'timestamp': (13.48, 13.5)}, {'text': 'os', 'timestamp': (13.6, 13.68)}, {'text': 'erres', 'timestamp': (13.8, 14.14)}];0,2564102564102564;0,2564102564102564;0,3465423465423465;0,13114754098360656
./audios/SP_D2_333_131.15522_132.02871.wav;131,15522;132,02871;esse era o teste;esse era o teste;0,8734899999999755;esse era o pert;;[{'text': 'esse', 'timestamp': (1.06, 1.18)}, {'text': 'era', 'timestamp': (1.24, 1.32)}, {'text': 'o', 'timestamp': (1.34, 1.36)}, {'text': 'pert', 'timestamp': (1.44, 1.66)}];0,25;0,25;0,4375;0,1875
./audios/SP_D2_333_132.92092_136.7905.wav;132,92092;136,7905;para saber se ele tinha... ah:: boa dicção para falar em rádio... não é?;para saber se ele tinha ah boa dicção para falar em rádio não é;3,8695800000000133;para saber se ele tinha a boa dicção para falar em rádio não é;;[{'text': 'para', 'timestamp': (0.08, 0.22)}, {'text': 'saber', 'timestamp': (0.32, 0.56)}, {'text': 'se', 'timestamp': (0.64, 0.7)}, {'text': 'ele', 'timestamp': (0.74, 0.84)}, {'text': 'tinha', 'timestamp': (0.92, 1.08)}, {'text': 'a', 'timestamp': (1.38, 1.42)}, {'text': 'boa', 'timestamp': (1.72, 1.86)}, {'text': 'dicção', 'timestamp': (1.92, 2.26)}, {'text': 'para', 'timestamp': (2.32, 2.42)}, {'text': 'falar', 'timestamp': (2.48, 2.64)}, {'text': 'em', 'timestamp': (2.68, 2.74)}, {'text': 'rádio', 'timestamp': (2.8, 3.06)}, {'text': 'não', 'timestamp': (3.66, 3.74)}, {'text': 'é', 'timestamp': (3.76, 3.78)}];0,07142857142857142;0,07142857142857142;0,1377551020408163;0,015873015873015872
./audios/SP_D2_333_136.7905_138.08868.wav;136,7905;138,08868;então ele caprichava;então ele caprichava;1,298180000000002;então ele caprichava;;[{'text': 'então', 'timestamp': (0.08, 0.3)}, {'text': 'ele', 'timestamp': (0.4, 0.5)}, {'text': 'caprichava', 'timestamp': (0.62, 1.18)}];0,0;0,0;0,0;0,0
./audios/SP_D2_333_138.27269_144.97522.wav;138,27269;144,97522;é isso que o Chico Anísio está ah ah ah... caçoando... [na no programa dele... [do Chico Anísio... não é?;é isso que o chico anísio está ah ah ah caçoando na no programa dele do chico anísio não é;6,702529999999996;é isso que o xhiquanísio está caçoando no programa dele o chiquanísio não é;;[{'text': 'é', 'timestamp': (0.06, 0.08)}, {'text': 'isso', 'timestamp': (0.22, 0.42)}, {'text': 'que', 'timestamp': (0.56, 0.62)}, {'text': 'o', 'timestamp': (0.72, 0.74)}, {'text': 'xhiquanísio', 'timestamp': (0.9, 1.52)}, {'text': 'está', 'timestamp': (1.6, 1.82)}, {'text': 'caçoando', 'timestamp': (3.26, 3.82)}, {'text': 'no', 'timestamp': (4.38, 4.62)}, {'text': 'programa', 'timestamp': (4.66, 4.94)}, {'text': 'dele', 'timestamp': (5.02, 5.18)}, {'text': 'o', 'timestamp': (5.46, 5.48)}, {'text': 'chiquanísio', 'timestamp': (5.56, 6.08)}, {'text': 'não', 'timestamp': (6.48, 6.56)}, {'text': 'é', 'timestamp': (6.6, 6.62)}];0,45;0,45;0,5678571428571428;0,2222222222222222
./audios/SP_D2_333_145.12108_150.73752.wav;145,12108;150,73752;ele... ca/ éh... éh ele inSISte... DORme em cima dos esses e dos [erres né?;ele ca eh eh ele insiste dorme em cima dos esses e dos erres né;5,616439999999983;e ele insiste dorme em cima dos ets e do ebron;;[{'text': 'e', 'timestamp': (0.04, 0.06)}, {'text': 'ele', 'timestamp': (0.2, 0.32)}, {'text': 'insiste', 'timestamp': (2.22, 2.72)}, {'text': 'dorme', 'timestamp': (3.44, 3.8)}, {'text': 'em', 'timestamp': (3.9, 3.94)}, {'text': 'cima', 'timestamp': (4.06, 4.2)}, {'text': 'dos', 'timestamp': (4.28, 4.4)}, {'text': 'ets', 'timestamp': (4.48, 4.78)}, {'text': 'e', 'timestamp': (4.84, 4.86)}, {'text': 'do', 'timestamp': (4.9, 4.96)}, {'text': 'ebron', 'timestamp': (5.1, 5.46)}];0,5333333333333333;0,5333333333333333;0,703030303030303;0,31746031746031744
./audios/SP_D2_333_151.67536_167.42242.wav;151,67536;167,42242;e:: mas eu eu noto que agora... sobretudo na nossa família que nós temos muita preocupação... da da linguagem simples e da linguagem::... [correta... é... exata... nós ficamos um pouco chocados com o esse e o erre exagerados dos [cariocas;e mas eu eu noto que agora sobretudo na nossa família que nós temos muita preocupação da da linguagem simples e da linguagem correta é exata nós ficamos um pouco chocados com o esse e o erre exagerados dos cariocas;15,747059999999976;e mas eu noto que agora sobretudo na nossa família que nós temos muita preocupação da linguagem simples da linguagem boseta exata nós ficamos um pouco chocados com o ser exagerados dos casqueiro;;[{'text': 'e', 'timestamp': (0.06, 0.08)}, {'text': 'mas', 'timestamp': (0.38, 0.48)}, {'text': 'eu', 'timestamp': (0.78, 0.86)}, {'text': 'noto', 'timestamp': (0.98, 1.18)}, {'text': 'que', 'timestamp': (1.28, 1.36)}, {'text': 'agora', 'timestamp': (1.42, 1.76)}, {'text': 'sobretudo', 'timestamp': (2.42, 2.74)}, {'text': 'na', 'timestamp': (2.78, 2.84)}, {'text': 'nossa', 'timestamp': (2.9, 3.12)}, {'text': 'família', 'timestamp': (3.22, 3.58)}, {'text': 'que', 'timestamp': (3.68, 3.76)}, {'text': 'nós', 'timestamp': (3.82, 3.9)}, {'text': 'temos', 'timestamp': (3.96, 4.12)}, {'text': 'muita', 'timestamp': (4.18, 4.32)}, {'text': 'preocupação', 'timestamp': (4.38, 4.96)}, {'text': 'da', 'timestamp': (5.82, 5.86)}, {'text': 'linguagem', 'timestamp': (5.96, 6.48)}, {'text': 'simples', 'timestamp': (6.8, 7.14)}, {'text': 'da', 'timestamp': (7.28, 7.34)}, {'text': 'linguagem', 'timestamp': (7.4, 8.0)}, {'text': 'boseta', 'timestamp': (8.84, 9.34)}, {'text': 'exata', 'timestamp': (10.32, 10.74)}, {'text': 'nós', 'timestamp': (11.2, 11.32)}, {'text': 'ficamos', 'timestamp': (11.42, 11.72)}, {'text': 'um', 'timestamp': (11.8, 11.86)}, {'text': 'pouco', 'timestamp': (12.0, 12.24)}, {'text': 'chocados', 'timestamp': (12.38, 12.9)}, {'text': 'com', 'timestamp': (13.02, 13.14)}, {'text': 'o', 'timestamp': (13.22, 13.24)}, {'text': 'ser', 'timestamp': (13.68, 14.06)}, {'text': 'exagerados', 'timestamp': (14.2, 14.82)}, {'text': 'dos', 'timestamp': (14.88, 15.28)}, {'text': 'casqueiro', 'timestamp': (15.36, 15.7)}];0,25;0,25;0,31818181818181823;0,14018691588785046
./audios/SP_D2_333_167.42242_169.36128.wav;167,42242;169,36128;que são mesmo um preciosismo inútil né?;que são mesmo um preciosismo inútil né;1,9388600000000054;são mesmo preciosismo inútil né;;[{'text': 'são', 'timestamp': (0.16, 0.32)}, {'text': 'mesmo', 'timestamp': (0.36, 0.56)}, {'text': 'preciosismo', 'timestamp': (0.62, 1.24)}, {'text': 'inútil', 'timestamp': (1.32, 1.66)}, {'text': 'né', 'timestamp': (1.72, 1.76)}];0,2857142857142857;0,2857142857142857;0,2857142857142857;0,18421052631578946
./audios/SP_D2_333_181.99873_182.48781.wav;181,99873;182,48781;[adotam;adotam;0,4890800000000013;adotam;;[{'text': 'adotam', 'timestamp': (1.04, 1.4)}];0,0;0,0;0,0;0,0
./audios/SP_D2_333_247.45635_248.45163.wav;247,45635;248,45163;[é artificial;é artificial;0,9952800000000082;tacio;;[{'text': 'tacio', 'timestamp': (1.4, 1.72)}];1,0;1,0;1,0;0,75
./audios/SP_D2_333_288.76008_289.95837.wav;288,76008;289,95837;[ela nunca morou aqui [não é?;ela nunca morou aqui não é;1,1982899999999859;e ela nunca morou a tua;;[{'text': 'e', 'timestamp': (0.0, 0.02)}, {'text': 'ela', 'timestamp': (0.14, 0.24)}, {'text': 'nunca', 'timestamp': (0.26, 0.44)}, {'text': 'morou', 'timestamp': (0.5, 0.68)}, {'text': 'a', 'timestamp': (0.72, 0.74)}, {'text': 'tua', 'timestamp': (0.86, 1.08)}];0,6666666666666666;0,5714285714285714;0,75;0,38461538461538464
./audios/SP_D2_333_290.66633_292.4.wav;290,66633;292,4;[Maria Fernanda nunca [morou em São Paulo?;maria fernanda nunca morou em são paulo;1,733669999999961;maria fernanda e uma vistoria;;[{'text': 'maria', 'timestamp': (0.16, 0.32)}, {'text': 'fernanda', 'timestamp': (0.38, 0.7)}, {'text': 'e', 'timestamp': (0.82, 0.86)}, {'text': 'uma', 'timestamp': (0.94, 1.02)}, {'text': 'vistoria', 'timestamp': (1.08, 1.68)}];0,7142857142857143;0,7142857142857143;0,8857142857142857;0,48717948717948717
./audios/SP_D2_333_350.02161_351.44481.wav;350,02161;351,44481;mas isso é um pouco utópico Helena;mas isso é um pouco utópico helena;1,4232000000000085;mas isso é um pouco top com ele na;;[{'text': 'mas', 'timestamp': (0.04, 0.12)}, {'text': 'isso', 'timestamp': (0.14, 0.24)}, {'text': 'é', 'timestamp': (0.26, 0.28)}, {'text': 'um', 'timestamp': (0.32, 0.36)}, {'text': 'pouco', 'timestamp': (0.4, 0.58)}, {'text': 'top', 'timestamp': (0.76, 0.92)}, {'text': 'com', 'timestamp': (1.06, 1.12)}, {'text': 'ele', 'timestamp': (1.18, 1.28)}, {'text': 'na', 'timestamp': (1.3, 1.36)}];0,5714285714285714;0,4444444444444444;0,6031746031746031;0,17647058823529413
./audios/SP_D2_333_351.44481_366.88923.wav;351,44481;366,88923;você veja outros países por exemplo como têm... ah:: na Itália na França... [( ) e e quase às vezes não se na Espanha a a... há dialetos que quase não se não se entende o o::... [( ) pelos [outros;você veja outros países por exemplo como têm ah na itália na frança e e quase às vezes não se na espanha a a há dialetos que quase não se não se entende o o pelos outros;15,44441999999998;você veja outros países por exemplo como tem na itália na frança e que às vezes não na espanha há dialetos que quase não se não se entendem enervaram rever pelos outros;;[{'text': 'você', 'timestamp': (0.08, 0.2)}, {'text': 'veja', 'timestamp': (0.3, 0.5)}, {'text': 'outros', 'timestamp': (0.66, 0.86)}, {'text': 'países', 'timestamp': (0.9, 1.2)}, {'text': 'por', 'timestamp': (1.26, 1.32)}, {'text': 'exemplo', 'timestamp': (1.36, 1.56)}, {'text': 'como', 'timestamp': (1.66, 1.78)}, {'text': 'tem', 'timestamp': (1.98, 2.2)}, {'text': 'na', 'timestamp': (3.54, 3.6)}, {'text': 'itália', 'timestamp': (3.66, 4.14)}, {'text': 'na', 'timestamp': (4.22, 4.26)}, {'text': 'frança', 'timestamp': (4.36, 4.84)}, {'text': 'e', 'timestamp': (5.98, 6.0)}, {'text': 'que', 'timestamp': (6.58, 6.8)}, {'text': 'às', 'timestamp': (7.02, 7.08)}, {'text': 'vezes', 'timestamp': (7.14, 7.28)}, {'text': 'não', 'timestamp': (7.34, 7.42)}, {'text': 'na', 'timestamp': (7.6, 7.82)}, {'text': 'espanha', 'timestamp': (7.88, 8.3)}, {'text': 'há', 'timestamp': (9.56, 9.62)}, {'text': 'dialetos', 'timestamp': (9.68, 10.16)}, {'text': 'que', 'timestamp': (10.2, 10.26)}, {'text': 'quase', 'timestamp': (10.4, 10.66)}, {'text': 'não', 'timestamp': (10.86, 10.98)}, {'text': 'se', 'timestamp': (11.08, 11.16)}, {'text': 'não', 'timestamp': (11.32, 11.44)}, {'text': 'se', 'timestamp': (11.5, 11.54)}, {'text': 'entendem', 'timestamp': (11.58, 12.08)}, {'text': 'enervaram', 'timestamp': (13.52, 14.3)}, {'text': 'rever', 'timestamp': (14.42, 14.64)}, {'text': 'pelos', 'timestamp': (14.7, 14.88)}, {'text': 'outros', 'timestamp': (14.96, 15.26)}];0,2702702702702703;0,2702702702702703;0,38429054054054057;0,17751479289940827
./audios/SP_D2_333_367.96244_369.48.wav;367,96244;369,48;[é muito difícil isso;é muito difícil isso;1,5175600000000031;é muito intuicoes;;[{'text': 'é', 'timestamp': (0.02, 0.04)}, {'text': 'muito', 'timestamp': (0.1, 0.28)}, {'text': 'intuicoes', 'timestamp': (0.44, 1.48)}];0,5;0,5;0,6666666666666667;0,45
./audios/SP_D2_333_381.56_382.76.wav;381,56;382,76;[eles eles se ironizam hein?;eles eles se ironizam hein;1,1999999999999886;eles ironizam é;;[{'text': 'eles', 'timestamp': (0.02, 0.24)}, {'text': 'ironizam', 'timestamp': (0.34, 0.9)}, {'text': 'é', 'timestamp': (0.98, 1.0)}];0,6;0,6;0,7333333333333334;0,46153846153846156
./audios/SP_D2_333_406.43736_407.60901.wav;406,43736;407,60901;[mas Helena nós;mas helena nós;1,1716499999999996;elena ao sabor;;[{'text': 'elena', 'timestamp': (0.12, 0.36)}, {'text': 'ao', 'timestamp': (0.48, 0.6)}, {'text': 'sabor', 'timestamp': (0.68, 1.08)}];1,0;1,0;1,0;0,8571428571428571
./audios/SP_D2_333_408.13853_413.75092.wav;408,13853;413,75092;[Helena... [nós estamos num país em que durante alguns anos não houve prova de redação de português;helena nós estamos num país em que durante alguns anos não houve prova de redação de português;5,612390000000005;e nós estamos num país em que durante alguns anos não houve prova de redação de português;;[{'text': 'e', 'timestamp': (0.18, 0.22)}, {'text': 'nós', 'timestamp': (0.86, 1.0)}, {'text': 'estamos', 'timestamp': (1.08, 1.44)}, {'text': 'num', 'timestamp': (1.52, 1.6)}, {'text': 'país', 'timestamp': (1.68, 1.98)}, {'text': 'em', 'timestamp': (2.08, 2.12)}, {'text': 'que', 'timestamp': (2.2, 2.28)}, {'text': 'durante', 'timestamp': (2.4, 2.66)}, {'text': 'alguns', 'timestamp': (2.78, 3.1)}, {'text': 'anos', 'timestamp': (3.22, 3.44)}, {'text': 'não', 'timestamp': (3.52, 3.6)}, {'text': 'houve', 'timestamp': (3.7, 3.92)}, {'text': 'prova', 'timestamp': (4.1, 4.32)}, {'text': 'de', 'timestamp': (4.4, 4.46)}, {'text': 'redação', 'timestamp': (4.54, 4.96)}, {'text': 'de', 'timestamp': (5.02, 5.06)}, {'text': 'português', 'timestamp': (5.12, 5.52)}];0,058823529411764705;0,058823529411764705;0,11418685121107264;0,05319148936170213
./audios/SP_D2_333_413.75092_415.32588.wav;413,75092;415,32588;o o que você quer mais depois disto?;o o que você quer mais depois disto;1,574959999999976;o que é que você queimar depois disso;;[{'text': 'o', 'timestamp': (0.06, 0.08)}, {'text': 'que', 'timestamp': (0.14, 0.2)}, {'text': 'é', 'timestamp': (0.22, 0.24)}, {'text': 'que', 'timestamp': (0.28, 0.34)}, {'text': 'você', 'timestamp': (0.38, 0.52)}, {'text': 'queimar', 'timestamp': (0.62, 0.9)}, {'text': 'depois', 'timestamp': (0.98, 1.22)}, {'text': 'disso', 'timestamp': (1.28, 1.52)}];0,625;0,5555555555555556;0,75;0,2857142857142857
./audios/SP_D2_333_415.7844_419.97408.wav;415,7844;419,97408;[quer dizer não há codificação como é que não há codi/ [não pode haver uma codificação... [num país assim [não é?;quer dizer não há codificação como é que não há codi não pode haver uma codificação num país assim não é;4,18968000000001;continua a codificação e não acordo pode vir com a codificação no país assim;;[{'text': 'continua', 'timestamp': (0.0, 0.36)}, {'text': 'a', 'timestamp': (0.38, 0.4)}, {'text': 'codificação', 'timestamp': (0.44, 1.16)}, {'text': 'e', 'timestamp': (1.28, 1.3)}, {'text': 'não', 'timestamp': (1.32, 1.4)}, {'text': 'acordo', 'timestamp': (1.52, 1.68)}, {'text': 'pode', 'timestamp': (1.86, 2.02)}, {'text': 'vir', 'timestamp': (2.12, 2.18)}, {'text': 'com', 'timestamp': (2.22, 2.28)}, {'text': 'a', 'timestamp': (2.3, 2.32)}, {'text': 'codificação', 'timestamp': (2.34, 2.78)}, {'text': 'no', 'timestamp': (3.24, 3.3)}, {'text': 'país', 'timestamp': (3.38, 3.6)}, {'text': 'assim', 'timestamp': (3.7, 3.96)}];0,7619047619047619;0,7619047619047619;0,9149659863945578;0,4326923076923077
./audios/SP_D2_333_429.91826_430.44336.wav;429,91826;430,44336;[cursou;cursou;0,525100000000009;se a trama;;[{'text': 'se', 'timestamp': (0.96, 1.02)}, {'text': 'a', 'timestamp': (1.08, 1.1)}, {'text': 'trama', 'timestamp': (1.16, 1.38)}];3,0;1,0;1,0;1,5
./audios/SP_D2_333_430.44336_432.8424.wav;430,44336;432,8424;Juca de [Oliveira... [Araci;juca de oliveira araci;2,3990400000000136;só muito bem são paulo araci;;[{'text': 'só', 'timestamp': (0.36, 0.42)}, {'text': 'muito', 'timestamp': (0.46, 0.56)}, {'text': 'bem', 'timestamp': (0.6, 0.72)}, {'text': 'são', 'timestamp': (0.78, 1.0)}, {'text': 'paulo', 'timestamp': (1.1, 1.28)}, {'text': 'araci', 'timestamp': (1.6, 2.04)}];1,25;0,8333333333333334;0,9583333333333334;0,8181818181818182
./audios/SP_D2_333_437.74607_438.65965.wav;437,74607;438,65965;[fala por exemplos;fala por exemplos;0,9135800000000245;para de vaidoso;;[{'text': 'para', 'timestamp': (0.94, 1.08)}, {'text': 'de', 'timestamp': (1.14, 1.2)}, {'text': 'vaidoso', 'timestamp': (1.26, 1.78)}];1,0;1,0;1,0;0,7058823529411765
./audios/SP_D2_333_440.70151_442.01115.wav;440,70151;442,01115;mas [ela faz o curso aqui;mas ela faz o curso aqui;1,3096400000000017;mas ela tem pressa aqui;;[{'text': 'mas', 'timestamp': (0.06, 0.16)}, {'text': 'ela', 'timestamp': (0.2, 0.32)}, {'text': 'tem', 'timestamp': (0.5, 0.7)}, {'text': 'pressa', 'timestamp': (0.72, 0.9)}, {'text': 'aqui', 'timestamp': (0.98, 1.1)}];0,5;0,5;0,7;0,375
./audios/SP_D2_333_452.06585_453.5088.wav;452,06585;453,5088;[mas... [( ) ele carrega;mas ele carrega;1,4429499999999962;no interior do estado e não certo;;[{'text': 'no', 'timestamp': (0.02, 0.1)}, {'text': 'interior', 'timestamp': (0.14, 0.44)}, {'text': 'do', 'timestamp': (0.52, 0.58)}, {'text': 'estado', 'timestamp': (0.64, 0.88)}, {'text': 'e', 'timestamp': (0.9, 0.92)}, {'text': 'não', 'timestamp': (0.96, 1.04)}, {'text': 'certo', 'timestamp': (1.12, 1.34)}];2,3333333333333335;1,0;1,0;1,8666666666666667
./audios/SP_D2_333_453.5088_454.68707.wav;453,5088;454,68707;mas é vô/ voluntária né?;mas é vô voluntária né;1,1782699999999977;mas é voluntária né;;[{'text': 'mas', 'timestamp': (0.0, 0.08)}, {'text': 'é', 'timestamp': (0.16, 0.18)}, {'text': 'voluntária', 'timestamp': (0.48, 0.92)}, {'text': 'né', 'timestamp': (0.98, 1.02)}];0,2;0,2;0,19999999999999996;0,13636363636363635
./audios/SP_D2_333_518.15731_538.99135.wav;518,15731;538,99135;eu acho Helena mas eu acho também... [eu fico ( ) revoltada com a influência... excessiva por exemplo DO cinema... da história em quadrinhos... histórias que não têm nada que ver com (nós) mas absolutamente nada que ver com a nossa formação... [com a nossa história com a... [e então então vem tudo aquilo de cambulhada e im/ e im/... im::POSto sobre [nós;eu acho helena mas eu acho também eu fico revoltada com a influência excessiva por exemplo do cinema da história em quadrinhos histórias que não têm nada que ver com nós mas absolutamente nada que ver com a nossa formação com a nossa história com a e então então vem tudo aquilo de cambulhada e im e im imposto sobre nós;20,83403999999996;eu acho helena mas eu eu acho também eu fico pouco revoltada com a influência excessiva por exemplo do cinema da história em quadrinho são histórias que não têm nada que ver com a mas absolutamente nada que ver com a nossa formação com a nossa história como a nossa então então vem tudo aquilo de cambulhada to sobre nós;;[{'text': 'eu', 'timestamp': (0.1, 0.18)}, {'text': 'acho', 'timestamp': (0.24, 0.4)}, {'text': 'helena', 'timestamp': (0.44, 0.7)}, {'text': 'mas', 'timestamp': (0.78, 0.94)}, {'text': 'eu', 'timestamp': (1.02, 1.08)}, {'text': 'eu', 'timestamp': (1.32, 1.38)}, {'text': 'acho', 'timestamp': (1.5, 1.7)}, {'text': 'também', 'timestamp': (1.78, 2.08)}, {'text': 'eu', 'timestamp': (2.54, 2.58)}, {'text': 'fico', 'timestamp': (2.68, 2.84)}, {'text': 'pouco', 'timestamp': (2.92, 3.12)}, {'text': 'revoltada', 'timestamp': (3.2, 3.74)}, {'text': 'com', 'timestamp': (3.86, 3.98)}, {'text': 'a', 'timestamp': (4.1, 4.12)}, {'text': 'influência', 'timestamp': (4.26, 5.02)}, {'text': 'excessiva', 'timestamp': (5.54, 6.14)}, {'text': 'por', 'timestamp': (6.24, 6.3)}, {'text': 'exemplo', 'timestamp': (6.36, 6.64)}, {'text': 'do', 'timestamp': (6.84, 6.9)}, {'text': 'cinema', 'timestamp': (7.08, 7.56)}, {'text': 'da', 'timestamp': (8.0, 8.06)}, {'text': 'história', 'timestamp': (8.14, 8.42)}, {'text': 'em', 'timestamp': (8.44, 8.5)}, {'text': 'quadrinho', 'timestamp': (8.52, 8.84)}, {'text': 'são', 'timestamp': (8.92, 9.0)}, {'text': 'histórias', 'timestamp': (9.36, 9.76)}, {'text': 'que', 'timestamp': (9.8, 9.88)}, {'text': 'não', 'timestamp': (9.9, 9.98)}, {'text': 'têm', 'timestamp': (10.02, 10.1)}, {'text': 'nada', 'timestamp': (10.24, 10.44)}, {'text': 'que', 'timestamp': (10.54, 10.62)}, {'text': 'ver', 'timestamp': (10.66, 10.72)}, {'text': 'com', 'timestamp': (10.76, 10.84)}, {'text': 'a', 'timestamp': (10.9, 10.92)}, {'text': 'mas', 'timestamp': (10.96, 11.06)}, {'text': 'absolutamente', 'timestamp': (11.18, 11.62)}, {'text': 'nada', 'timestamp': (11.78, 11.96)}, {'text': 'que', 'timestamp': (12.06, 12.12)}, {'text': 'ver', 'timestamp': (12.2, 12.26)}, {'text': 'com', 'timestamp': (12.32, 12.38)}, {'text': 'a', 'timestamp': (12.44, 12.46)}, {'text': 'nossa', 'timestamp': (12.5, 12.72)}, {'text': 'formação', 'timestamp': (12.82, 13.3)}, {'text': 'com', 'timestamp': (13.74, 13.82)}, {'text': 'a', 'timestamp': (13.84, 13.88)}, {'text': 'nossa', 'timestamp': (13.94, 14.14)}, {'text': 'história', 'timestamp': (14.2, 14.74)}, {'text': 'como', 'timestamp': (14.82, 14.94)}, {'text': 'a', 'timestamp': (14.96, 14.98)}, {'text': 'nossa', 'timestamp': (15.0, 15.8)}, {'text': 'então', 'timestamp': (16.08, 16.32)}, {'text': 'então', 'timestamp': (16.5, 16.76)}, {'text': 'vem', 'timestamp': (16.9, 17.04)}, {'text': 'tudo', 'timestamp': (17.18, 17.34)}, {'text': 'aquilo', 'timestamp': (17.42, 17.66)}, {'text': 'de', 'timestamp': (17.72, 17.76)}, {'text': 'cambulhada', 'timestamp': (17.84, 18.42)}, {'text': 'to', 'timestamp': (18.9, 18.98)}, {'text': 'sobre', 'timestamp': (19.14, 19.32)}, {'text': 'nós', 'timestamp': (19.4, 19.6)}];0,19672131147540983;0,1875;0,2612021857923498;0,1125
./audios/SP_D2_333_541.01345_541.24515.wav;541,01345;541,24515;[é;é;0,23169999999993252;ele;;[{'text': 'ele', 'timestamp': (1.02, 1.2)}];1,0;1,0;1,0;3,0
./audios/SP_D2_333_541.44209_546.09313.wav;541,44209;546,09313;[agora quan/ quando há uma influência por exemplo você citou o italiano... o italiano está morando aqui;agora quan quando há uma influência por exemplo você citou o italiano o italiano está morando aqui;4,651039999999966;agora quando quando é uma influência por exemplo você situa o italiano o italiano está morando aqui;;[{'text': 'agora', 'timestamp': (0.06, 0.26)}, {'text': 'quando', 'timestamp': (0.36, 0.52)}, {'text': 'quando', 'timestamp': (0.62, 0.78)}, {'text': 'é', 'timestamp': (0.9, 0.92)}, {'text': 'uma', 'timestamp': (0.96, 1.04)}, {'text': 'influência', 'timestamp': (1.08, 1.56)}, {'text': 'por', 'timestamp': (1.6, 1.66)}, {'text': 'exemplo', 'timestamp': (1.68, 1.86)}, {'text': 'você', 'timestamp': (1.9, 2.02)}, {'text': 'situa', 'timestamp': (2.1, 2.34)}, {'text': 'o', 'timestamp': (2.42, 2.44)}, {'text': 'italiano', 'timestamp': (2.48, 2.9)}, {'text': 'o', 'timestamp': (3.34, 3.36)}, {'text': 'italiano', 'timestamp': (3.4, 3.7)}, {'text': 'está', 'timestamp': (3.72, 3.82)}, {'text': 'morando', 'timestamp': (3.9, 4.18)}, {'text': 'aqui', 'timestamp': (4.28, 4.48)}];0,17647058823529413;0,17647058823529413;0,32179930795847755;0,07142857142857142
./audios/SP_D2_333_546.09313_547.57431.wav;546,09313;547,57431;miLHAres... não é?;milhares não é;1,4811799999999948;milhares;;[{'text': 'milhares', 'timestamp': (0.04, 0.48)}];0,6666666666666666;0,6666666666666666;0,6666666666666667;0,42857142857142855
./audios/SP_D2_333_547.88_550.58972.wav;547,88;550,58972;e eles são brasi/ são são propri braziliani né?;e eles são brasi são são propri braziliani né;2,709720000000061;e eles são o seu próprio brasiliani né;;[{'text': 'e', 'timestamp': (0.04, 0.06)}, {'text': 'eles', 'timestamp': (0.22, 0.38)}, {'text': 'são', 'timestamp': (0.54, 0.76)}, {'text': 'o', 'timestamp': (1.28, 1.3)}, {'text': 'seu', 'timestamp': (1.32, 1.4)}, {'text': 'próprio', 'timestamp': (1.48, 1.72)}, {'text': 'brasiliani', 'timestamp': (1.78, 2.38)}, {'text': 'né', 'timestamp': (2.54, 2.6)}];0,5555555555555556;0,5555555555555556;0,7777777777777778;0,28888888888888886
./audios/SP_D2_333_551.26065_552.1824.wav;551,26065;552,1824;[propri braziliani;propri braziliani;0,9217499999999745;próprio pai diaria né;;[{'text': 'próprio', 'timestamp': (0.98, 1.22)}, {'text': 'pai', 'timestamp': (1.26, 1.34)}, {'text': 'diaria', 'timestamp': (1.38, 1.64)}, {'text': 'né', 'timestamp': (1.76, 1.8)}];2,0;1,0;1,0;0,6470588235294118
./audios/SP_D2_333_552.1824_557.70741.wav;552,1824;557,70741;de modo que é... é muito justo... é [essa::... [(esse) entrosamento é muito justo;de modo que é é muito justo é essa esse entrosamento é muito justo;5,525009999999952;de modo que é muito justo essa desempregosamento é muito justo;;[{'text': 'de', 'timestamp': (0.04, 0.1)}, {'text': 'modo', 'timestamp': (0.16, 0.32)}, {'text': 'que', 'timestamp': (0.42, 0.5)}, {'text': 'é', 'timestamp': (1.08, 1.1)}, {'text': 'muito', 'timestamp': (1.2, 1.34)}, {'text': 'justo', 'timestamp': (1.48, 1.84)}, {'text': 'essa', 'timestamp': (2.4, 2.9)}, {'text': 'desempregosamento', 'timestamp': (2.94, 4.4)}, {'text': 'é', 'timestamp': (4.48, 4.5)}, {'text': 'muito', 'timestamp': (4.6, 4.78)}, {'text': 'justo', 'timestamp': (5.0, 5.4)}];0,2857142857142857;0,2857142857142857;0,35064935064935066;0,16666666666666666
./audios/SP_D2_333_558.19303_562.48033.wav;558,19303;562,48033;[mas quando vem assim de uma maneira... éh imPOSta por assim dizer não é?;mas quando vem assim de uma maneira eh imposta por assim dizer não é;4,287299999999959;quando veio assim de uma maneira imposta por assim dizer não é;;[{'text': 'quando', 'timestamp': (0.54, 0.7)}, {'text': 'veio', 'timestamp': (0.78, 0.94)}, {'text': 'assim', 'timestamp': (0.98, 1.18)}, {'text': 'de', 'timestamp': (1.22, 1.26)}, {'text': 'uma', 'timestamp': (1.28, 1.38)}, {'text': 'maneira', 'timestamp': (1.42, 1.72)}, {'text': 'imposta', 'timestamp': (2.74, 3.32)}, {'text': 'por', 'timestamp': (3.42, 3.5)}, {'text': 'assim', 'timestamp': (3.54, 3.72)}, {'text': 'dizer', 'timestamp': (3.78, 4.02)}, {'text': 'não', 'timestamp': (4.1, 4.18)}, {'text': 'é', 'timestamp': (4.22, 4.24)}];0,21428571428571427;0,21428571428571427;0,27976190476190477;0,1323529411764706
./audios/SP_D2_333_687.66676_697.76446.wav;687,66676;697,76446;[papai mesmo tem nos nos livros dele ele tem muitas expressões... completamente:: caídas em desuso e:: portuguesas e portu/ e... de português clássico não é?;papai mesmo tem nos nos livros dele ele tem muitas expressões completamente caídas em desuso e portuguesas e portu e de português clássico não é;10,097700000000032;papai mesmo tem os livros dele e tem muitas expressões completamente caídas ideias uso e portuguesas e de português clássico né;;[{'text': 'papai', 'timestamp': (0.06, 0.3)}, {'text': 'mesmo', 'timestamp': (0.38, 0.56)}, {'text': 'tem', 'timestamp': (0.66, 0.92)}, {'text': 'os', 'timestamp': (1.02, 1.14)}, {'text': 'livros', 'timestamp': (1.2, 1.42)}, {'text': 'dele', 'timestamp': (1.48, 1.66)}, {'text': 'e', 'timestamp': (1.78, 1.82)}, {'text': 'tem', 'timestamp': (1.9, 2.02)}, {'text': 'muitas', 'timestamp': (2.22, 2.6)}, {'text': 'expressões', 'timestamp': (2.72, 3.3)}, {'text': 'completamente', 'timestamp': (3.84, 4.6)}, {'text': 'caídas', 'timestamp': (5.32, 5.66)}, {'text': 'ideias', 'timestamp': (5.72, 5.96)}, {'text': 'uso', 'timestamp': (6.08, 6.38)}, {'text': 'e', 'timestamp': (6.52, 6.54)}, {'text': 'portuguesas', 'timestamp': (7.02, 7.54)}, {'text': 'e', 'timestamp': (7.62, 7.64)}, {'text': 'de', 'timestamp': (7.96, 8.82)}, {'text': 'português', 'timestamp': (8.86, 9.18)}, {'text': 'clássico', 'timestamp': (9.28, 9.74)}, {'text': 'né', 'timestamp': (9.84, 9.9)}];0,36;0,36;0,5123809523809524;0,16666666666666666
./audios/SP_D2_333_698.14926_699.60575.wav;698,14926;699,60575;tem ( ) entre os caboclos;tem entre os caboclos;1,456489999999917;tem dois outros caboclos;;[{'text': 'tem', 'timestamp': (0.08, 0.16)}, {'text': 'dois', 'timestamp': (0.28, 0.4)}, {'text': 'outros', 'timestamp': (0.5, 0.68)}, {'text': 'caboclos', 'timestamp': (0.74, 1.22)}];0,5;0,5;0,75;0,42857142857142855
./audios/SP_D2_333_700.59977_701.48927.wav;700,59977;701,48927;tem muita [coisa ainda;tem muita coisa ainda;0,8894999999999982;tem quanta coisa aí muita e;;[{'text': 'tem', 'timestamp': (1.0, 1.06)}, {'text': 'quanta', 'timestamp': (1.12, 1.3)}, {'text': 'coisa', 'timestamp': (1.4, 1.54)}, {'text': 'aí', 'timestamp': (1.58, 1.66)}, {'text': 'muita', 'timestamp': (1.72, 1.86)}, {'text': 'e', 'timestamp': (1.96, 1.98)}];1,0;0,6666666666666666;0,8333333333333334;0,5238095238095238
./audios/SP_D2_333_706.36392_708.05204.wav;706,36392;708,05204;[e o:: e o emprego do vós não é?;e o e o emprego do vós não é;1,6881200000000263;e um cio em preto do vos né;;[{'text': 'e', 'timestamp': (0.04, 0.06)}, {'text': 'um', 'timestamp': (0.16, 0.2)}, {'text': 'cio', 'timestamp': (0.34, 0.56)}, {'text': 'em', 'timestamp': (0.62, 0.66)}, {'text': 'preto', 'timestamp': (0.76, 0.98)}, {'text': 'do', 'timestamp': (1.02, 1.08)}, {'text': 'vos', 'timestamp': (1.16, 1.4)}, {'text': 'né', 'timestamp': (1.54, 1.58)}];0,7777777777777778;0,7777777777777778;0,9444444444444444;0,35714285714285715
./audios/SP_D2_333_708.86821_711.47472.wav;708,86821;711,47472;[o emprego do vós... também;o emprego do vós também;2,606510000000071;o emprego do moço é também;;[{'text': 'o', 'timestamp': (0.04, 0.06)}, {'text': 'emprego', 'timestamp': (0.08, 0.32)}, {'text': 'do', 'timestamp': (0.38, 0.44)}, {'text': 'moço', 'timestamp': (0.5, 1.1)}, {'text': 'é', 'timestamp': (1.12, 1.14)}, {'text': 'também', 'timestamp': (2.2, 2.44)}];0,4;0,3333333333333333;0,4666666666666667;0,2608695652173913
./audios/SP_D2_333_711.47472_726.56.wav;711,47472;726,56;que aliás até algum... até o:: acho que o fim do século passado... éh mamãe sempre como:: contava que elas tinham umas amigas que eram sempre carinhosas eram umas velhinhas muito simpáticas então elas se vi/ iam visitá-las... e almoçavam com elas e elas diziam ''comei batati::nha;que aliás até algum até o acho que o fim do século passado eh mamãe sempre como contava que elas tinham umas amigas que eram sempre carinhosas eram umas velhinhas muito simpáticas então elas se vi iam visitálas e almoçavam com elas e elas diziam comei batatinha;15,085279999999898;e aliás até algum até o acho que o filho do século passado e mamãe sempre ficou contava que elas tinham umas amigas que eram asimo carinhosas viram umas velinhas muito simpáticas entre elas iam visitá las e usavam com elas elas diziam comer e batatinha;;[{'text': 'e', 'timestamp': (0.04, 0.06)}, {'text': 'aliás', 'timestamp': (0.1, 0.38)}, {'text': 'até', 'timestamp': (0.48, 0.64)}, {'text': 'algum', 'timestamp': (0.74, 1.0)}, {'text': 'até', 'timestamp': (1.76, 2.02)}, {'text': 'o', 'timestamp': (2.24, 2.26)}, {'text': 'acho', 'timestamp': (2.62, 2.72)}, {'text': 'que', 'timestamp': (2.74, 2.82)}, {'text': 'o', 'timestamp': (2.84, 2.86)}, {'text': 'filho', 'timestamp': (2.88, 3.0)}, {'text': 'do', 'timestamp': (3.04, 3.08)}, {'text': 'século', 'timestamp': (3.14, 3.38)}, {'text': 'passado', 'timestamp': (3.46, 3.86)}, {'text': 'e', 'timestamp': (4.54, 4.56)}, {'text': 'mamãe', 'timestamp': (4.68, 4.9)}, {'text': 'sempre', 'timestamp': (4.96, 5.1)}, {'text': 'ficou', 'timestamp': (5.12, 5.26)}, {'text': 'contava', 'timestamp': (5.96, 6.32)}, {'text': 'que', 'timestamp': (6.44, 6.52)}, {'text': 'elas', 'timestamp': (6.72, 6.86)}, {'text': 'tinham', 'timestamp': (6.92, 7.06)}, {'text': 'umas', 'timestamp': (7.16, 7.28)}, {'text': 'amigas', 'timestamp': (7.38, 7.66)}, {'text': 'que', 'timestamp': (7.72, 7.78)}, {'text': 'eram', 'timestamp': (7.8, 7.94)}, {'text': 'asimo', 'timestamp': (7.98, 8.22)}, {'text': 'carinhosas', 'timestamp': (8.24, 8.6)}, {'text': 'viram', 'timestamp': (8.74, 8.88)}, {'text': 'umas', 'timestamp': (8.92, 9.02)}, {'text': 'velinhas', 'timestamp': (9.08, 9.42)}, {'text': 'muito', 'timestamp': (9.48, 9.6)}, {'text': 'simpáticas', 'timestamp': (9.7, 10.2)}, {'text': 'entre', 'timestamp': (10.24, 10.4)}, {'text': 'elas', 'timestamp': (10.44, 10.52)}, {'text': 'iam', 'timestamp': (10.8, 10.9)}, {'text': 'visitá', 'timestamp': (10.98, 11.24)}, {'text': 'las', 'timestamp': (11.36, 11.46)}, {'text': 'e', 'timestamp': (12.04, 12.06)}, {'text': 'usavam', 'timestamp': (12.24, 12.52)}, {'text': 'com', 'timestamp': (12.6, 12.68)}, {'text': 'elas', 'timestamp': (12.74, 12.88)}, {'text': 'elas', 'timestamp': (12.92, 13.04)}, {'text': 'diziam', 'timestamp': (13.08, 13.26)}, {'text': 'comer', 'timestamp': (13.36, 13.7)}, {'text': 'e', 'timestamp': (13.72, 13.74)}, {'text': 'batatinha', 'timestamp': (13.8, 14.74)}];0,3404255319148936;0,3333333333333333;0,5263644773358003;0,1417624521072797
./audios/SP_D2_333_727.05737_728.16779.wav;727,05737;728,16779;[comei [batatinha'';comei batatinha;1,1104199999999764;comi batatinha;;[{'text': 'comi', 'timestamp': (0.04, 0.22)}, {'text': 'batatinha', 'timestamp': (0.38, 1.04)}];0,5;0,5;0,75;0,06666666666666667
./audios/SP_D2_333_728.16779_732.34814.wav;728,16779;732,34814;quer dizer ofereciam as coisas assim... nessa nessa... nessa linguagem;quer dizer ofereciam as coisas assim nessa nessa nessa linguagem;4,180349999999976;quer dizer eu oferecia as coisas assim nessa nessa nessa linguagem;;[{'text': 'quer', 'timestamp': (0.04, 0.14)}, {'text': 'dizer', 'timestamp': (0.16, 0.26)}, {'text': 'eu', 'timestamp': (0.28, 0.32)}, {'text': 'oferecia', 'timestamp': (0.34, 0.72)}, {'text': 'as', 'timestamp': (0.82, 0.88)}, {'text': 'coisas', 'timestamp': (0.96, 1.24)}, {'text': 'assim', 'timestamp': (1.3, 1.52)}, {'text': 'nessa', 'timestamp': (2.24, 2.5)}, {'text': 'nessa', 'timestamp': (2.76, 3.0)}, {'text': 'nessa', 'timestamp': (3.52, 3.74)}, {'text': 'linguagem', 'timestamp': (3.8, 4.12)}];0,2;0,18181818181818182;0,26363636363636356;0,0625
./audios/SP_D2_333_732.34814_734.34215.wav;732,34814;734,34215;usavam ainda normalmente essa linguagem;usavam ainda normalmente essa linguagem;1,994010000000003;usavam ainda normalmente essa linguagem;;[{'text': 'usavam', 'timestamp': (0.08, 0.36)}, {'text': 'ainda', 'timestamp': (0.42, 0.62)}, {'text': 'normalmente', 'timestamp': (0.74, 1.28)}, {'text': 'essa', 'timestamp': (1.4, 1.52)}, {'text': 'linguagem', 'timestamp': (1.6, 1.92)}];0,0;0,0;0,0;0,0
./audios/SP_D2_333_734.34215_735.10798.wav;734,34215;735,10798;isso não é tão;isso não é tão;0,7658300000000509;isso é no letna;;[{'text': 'isso', 'timestamp': (1.06, 1.2)}, {'text': 'é', 'timestamp': (1.26, 1.28)}, {'text': 'no', 'timestamp': (1.3, 1.36)}, {'text': 'letna', 'timestamp': (1.4, 1.68)}];0,75;0,75;0,9375;0,5
./audios/SP_D2_333_735.10798_736.06634.wav;735,10798;736,06634;é começo do século não é?;é começo do século não é;0,9583599999999706;e começa a ser atena;;[{'text': 'e', 'timestamp': (1.02, 1.04)}, {'text': 'começa', 'timestamp': (1.14, 1.36)}, {'text': 'a', 'timestamp': (1.38, 1.4)}, {'text': 'ser', 'timestamp': (1.5, 1.6)}, {'text': 'atena', 'timestamp': (1.64, 1.9)}];1,0;1,0;1,0;0,5833333333333334
./audios/SP_D2_333_736.96_737.43425.wav;736,96;737,43425;[ainda;ainda;0,47424999999998363;ainda;;[{'text': 'ainda', 'timestamp': (1.1, 1.36)}];0,0;0,0;0,0;0,0
./audios/SP_D2_333_738.85762_739.69094.wav;738,85762;739,69094;[usando vós;usando vós;0,8333199999999579;fazendo o vosso;;[{'text': 'fazendo', 'timestamp': (0.94, 1.24)}, {'text': 'o', 'timestamp': (1.28, 1.3)}, {'text': 'vosso', 'timestamp': (1.34, 1.72)}];1,5;1,0;1,0;0,9
./audios/SP_D2_333_798.83341_799.53417.wav;798,83341;799,53417;[madamia;madamia;0,7007600000000593;ladaria;;[{'text': 'ladaria', 'timestamp': (1.06, 1.56)}];1,0;1,0;1,0;0,2857142857142857
./audios/SP_D2_333_799.53417_800.06301.wav;799,53417;800,06301;delicioso;delicioso;0,5288399999999456;delicioso;;[{'text': 'delicioso', 'timestamp': (1.0, 1.5)}];0,0;0,0;0,0;0,0
./audios/SP_D2_333_875.92437_877.36.wav;875,92437;877,36;[mas no setor [musical é maravilhoso;mas no setor musical é maravilhoso;1,4356300000000601;se toda e cada maravilhoso;;[{'text': 'se', 'timestamp': (0.18, 0.22)}, {'text': 'toda', 'timestamp': (0.34, 0.46)}, {'text': 'e', 'timestamp': (0.58, 0.6)}, {'text': 'cada', 'timestamp': (0.66, 0.82)}, {'text': 'maravilhoso', 'timestamp': (0.9, 1.36)}];0,8333333333333334;0,8333333333333334;0,9666666666666667;0,47058823529411764
./audios/SP_D2_333_943.10418_943.32.wav;943,10418;943,32;é;é;0,2158200000000079;é;;[{'text': 'é', 'timestamp': (1.06, 1.08)}];0,0;0,0;0,0;0,0
./audios/SP_D2_333_945.97879_948.87902.wav;945,97879;948,87902;onde houve um progresso maravilhoso foi no setor da dança;onde houve um progresso maravilhoso foi no setor da dança;2,900229999999965;onde houve um progresso maravilhoso foi no setor da dança;;[{'text': 'onde', 'timestamp': (0.06, 0.18)}, {'text': 'houve', 'timestamp': (0.2, 0.34)}, {'text': 'um', 'timestamp': (0.4, 0.44)}, {'text': 'progresso', 'timestamp': (0.48, 0.82)}, {'text': 'maravilhoso', 'timestamp': (0.9, 1.44)}, {'text': 'foi', 'timestamp': (1.6, 1.68)}, {'text': 'no', 'timestamp': (1.74, 1.78)}, {'text': 'setor', 'timestamp': (1.86, 2.14)}, {'text': 'da', 'timestamp': (2.22, 2.26)}, {'text': 'dança', 'timestamp': (2.38, 2.72)}];0,0;0,0;0,0;0,0
./audios/SP_D2_333_949.38131_951.49034.wav;949,38131;951,49034;porque hoje a dança é profissional;porque hoje a dança é profissional;2,1090299999999615;porque hoje a dança é profissional;;[{'text': 'porque', 'timestamp': (0.06, 0.24)}, {'text': 'hoje', 'timestamp': (0.3, 0.48)}, {'text': 'a', 'timestamp': (0.56, 0.58)}, {'text': 'dança', 'timestamp': (0.68, 1.02)}, {'text': 'é', 'timestamp': (1.28, 1.3)}, {'text': 'profissional', 'timestamp': (1.46, 1.96)}];0,0;0,0;0,0;0,0
./audios/SP_D2_333_952.11036_953.3737.wav;952,11036;953,3737;é num nível [profissional;é num nível profissional;1,263339999999971;era o nível profissional;;[{'text': 'era', 'timestamp': (0.06, 0.18)}, {'text': 'o', 'timestamp': (0.24, 0.28)}, {'text': 'nível', 'timestamp': (0.36, 0.56)}, {'text': 'profissional', 'timestamp': (0.7, 1.2)}];0,5;0,5;0,75;0,20833333333333334
./audios/SP_D2_333_953.65119_955.81344.wav;953,65119;955,81344;[isto eu noto uma uma diferença enorme;isto eu noto uma uma diferença enorme;2,162249999999972;isso e lnot é uma diferença enorme;;[{'text': 'isso', 'timestamp': (0.06, 0.3)}, {'text': 'e', 'timestamp': (0.42, 0.46)}, {'text': 'lnot', 'timestamp': (0.68, 0.92)}, {'text': 'é', 'timestamp': (1.18, 1.2)}, {'text': 'uma', 'timestamp': (1.24, 1.3)}, {'text': 'diferença', 'timestamp': (1.34, 1.68)}, {'text': 'enorme', 'timestamp': (1.78, 2.1)}];0,5714285714285714;0,5714285714285714;0,8163265306122449;0,1891891891891892
./audios/SP_D2_333_955.81344_965.25873.wav;955,81344;965,25873;porque no tempo em que eu ainda fiz programa em televisão... eu ainda ficava --inclusive tive que fazer programa com... programa infantil--... e ficava desesperada de ter que apresentar números hô/... hoRRÍveis;porque no tempo em que eu ainda fiz programa em televisão eu ainda ficava inclusive tive que fazer programa com programa infantil e ficava desesperada de ter que apresentar números hô horríveis;9,44529;porque no tempo em que eu ainda fiz programa de televisão e eu ainda ficava inclusive tive que fazer programa com programa infantil ele ficava desesperado ter que apresentar números horríveis;;[{'text': 'porque', 'timestamp': (0.02, 0.2)}, {'text': 'no', 'timestamp': (0.26, 0.3)}, {'text': 'tempo', 'timestamp': (0.38, 0.54)}, {'text': 'em', 'timestamp': (0.6, 0.64)}, {'text': 'que', 'timestamp': (0.68, 0.74)}, {'text': 'eu', 'timestamp': (0.76, 0.82)}, {'text': 'ainda', 'timestamp': (0.86, 1.1)}, {'text': 'fiz', 'timestamp': (1.2, 1.32)}, {'text': 'programa', 'timestamp': (1.38, 1.64)}, {'text': 'de', 'timestamp': (1.68, 1.72)}, {'text': 'televisão', 'timestamp': (1.74, 2.14)}, {'text': 'e', 'timestamp': (2.74, 2.76)}, {'text': 'eu', 'timestamp': (2.78, 2.84)}, {'text': 'ainda', 'timestamp': (2.86, 3.0)}, {'text': 'ficava', 'timestamp': (3.06, 3.26)}, {'text': 'inclusive', 'timestamp': (3.42, 3.74)}, {'text': 'tive', 'timestamp': (3.84, 3.96)}, {'text': 'que', 'timestamp': (4.02, 4.1)}, {'text': 'fazer', 'timestamp': (4.14, 4.28)}, {'text': 'programa', 'timestamp': (4.38, 4.62)}, {'text': 'com', 'timestamp': (4.68, 4.74)}, {'text': 'programa', 'timestamp': (4.86, 5.4)}, {'text': 'infantil', 'timestamp': (5.44, 5.82)}, {'text': 'ele', 'timestamp': (6.24, 6.32)}, {'text': 'ficava', 'timestamp': (6.36, 6.6)}, {'text': 'desesperado', 'timestamp': (6.7, 7.22)}, {'text': 'ter', 'timestamp': (7.32, 7.38)}, {'text': 'que', 'timestamp': (7.44, 7.5)}, {'text': 'apresentar', 'timestamp': (7.52, 7.9)}, {'text': 'números', 'timestamp': (8.0, 8.28)}, {'text': 'horríveis', 'timestamp': (8.86, 9.36)}];0,1875;0,18181818181818182;0,2651209677419355;0,06735751295336788
./audios/SP_D2_333_965.25873_968.00413.wav;965,25873;968,00413;quer dizer aquilo que não era [não era... [era hoRRÍvel era hoRRÍvel;quer dizer aquilo que não era não era era horrível era horrível;2,745400000000018;quer dizer aqui o avião é tolerante era horrível horrível;;[{'text': 'quer', 'timestamp': (0.04, 0.12)}, {'text': 'dizer', 'timestamp': (0.14, 0.24)}, {'text': 'aqui', 'timestamp': (0.26, 0.36)}, {'text': 'o', 'timestamp': (0.44, 0.48)}, {'text': 'avião', 'timestamp': (0.58, 0.86)}, {'text': 'é', 'timestamp': (0.9, 0.92)}, {'text': 'tolerante', 'timestamp': (1.14, 1.6)}, {'text': 'era', 'timestamp': (1.7, 1.8)}, {'text': 'horrível', 'timestamp': (1.84, 2.22)}, {'text': 'horrível', 'timestamp': (2.34, 2.66)}];0,5833333333333334;0,5833333333333334;0,7916666666666666;0,30158730158730157
./audios/SP_D2_333_968.669_970.35457.wav;968,669;970,35457;e:: fi/ eu ficava desesperada;e fi eu ficava desesperada;1,6855699999999842;e eu ficava desesperada;;[{'text': 'e', 'timestamp': (0.1, 0.12)}, {'text': 'eu', 'timestamp': (0.8, 0.86)}, {'text': 'ficava', 'timestamp': (0.9, 1.12)}, {'text': 'desesperada', 'timestamp': (1.2, 1.62)}];0,2;0,2;0,19999999999999996;0,11538461538461539
./audios/SP_D2_333_970.35457_971.4907.wav;970,35457;971,4907;e todos os programas;e todos os programas;1,13612999999998;e todos os programas;;[{'text': 'e', 'timestamp': (0.04, 0.06)}, {'text': 'todos', 'timestamp': (0.18, 0.36)}, {'text': 'os', 'timestamp': (0.44, 0.48)}, {'text': 'programas', 'timestamp': (0.56, 1.0)}];0,0;0,0;0,0;0,0
./audios/SP_D2_333_971.4907_972.46852.wav;971,4907;972,46852;os programas comuns;os programas comuns;0,9778200000000652;seus programas como;;[{'text': 'seus', 'timestamp': (0.96, 1.2)}, {'text': 'programas', 'timestamp': (1.22, 1.54)}, {'text': 'como', 'timestamp': (1.6, 1.78)}];0,6666666666666666;0,6666666666666666;0,8888888888888888;0,3157894736842105
./audios/SP_D2_333_972.46852_973.13903.wav;972,46852;973,13903;programas de adultos;programas de adultos;0,6705100000000357;jogamos de adulta;;[{'text': 'jogamos', 'timestamp': (1.02, 1.26)}, {'text': 'de', 'timestamp': (1.3, 1.34)}, {'text': 'adulta', 'timestamp': (1.4, 1.72)}];0,6666666666666666;0,6666666666666666;0,8888888888888888;0,3
./audios/SP_D2_333_973.73371_975.84.wav;973,73371;975,84;[eram era tudo improviSAdo;eram era tudo improvisado;2,106290000000058;era era tudo improvisado;;[{'text': 'era', 'timestamp': (0.12, 0.28)}, {'text': 'era', 'timestamp': (0.36, 0.58)}, {'text': 'tudo', 'timestamp': (0.72, 0.92)}, {'text': 'improvisado', 'timestamp': (1.02, 1.9)}];0,25;0,25;0,4375;0,04
./audios/SP_D2_333_975.84_977.80862.wav;975,84;977,80862;tudo horrivelmente improvisado;tudo horrivelmente improvisado;1,9686199999999872;tudo horrivelmente improvisado;;[{'text': 'tudo', 'timestamp': (0.06, 0.24)}, {'text': 'horrivelmente', 'timestamp': (0.34, 1.06)}, {'text': 'improvisado', 'timestamp': (1.16, 1.76)}];0,0;0,0;0,0;0,0
./audios/SP_D2_333_977.99487_978.535.wav;977,99487;978,535;e hoje não;e hoje não;0,5401299999999765;eu hoje não;;[{'text': 'eu', 'timestamp': (1.06, 1.12)}, {'text': 'hoje', 'timestamp': (1.18, 1.34)}, {'text': 'não', 'timestamp': (1.42, 1.52)}];0,3333333333333333;0,3333333333333333;0,5555555555555556;0,1
./audios/SP_D2_333_978.535_982.35281.wav;978,535;982,35281;hoje é um nível já você vê todas... [é um nível [profissional não é?;hoje é um nível já você vê todas é um nível profissional não é;3,8178100000000086;hoje é o nível já você vê todas e é o vive propago;;[{'text': 'hoje', 'timestamp': (0.04, 0.22)}, {'text': 'é', 'timestamp': (0.24, 0.26)}, {'text': 'o', 'timestamp': (0.28, 0.3)}, {'text': 'nível', 'timestamp': (0.38, 0.66)}, {'text': 'já', 'timestamp': (0.82, 0.88)}, {'text': 'você', 'timestamp': (1.02, 1.16)}, {'text': 'vê', 'timestamp': (1.22, 1.26)}, {'text': 'todas', 'timestamp': (1.44, 1.74)}, {'text': 'e', 'timestamp': (2.22, 2.26)}, {'text': 'é', 'timestamp': (2.3, 2.34)}, {'text': 'o', 'timestamp': (2.38, 2.4)}, {'text': 'vive', 'timestamp': (2.48, 2.68)}, {'text': 'propago', 'timestamp': (2.86, 3.44)}];0,5;0,4666666666666667;0,6483516483516483;0,3548387096774194
./audios/SP_D2_333_983.22001_985.52.wav;983,22001;985,52;[é ( ) FanTÁS::tico;é fantástico;2,2999899999999798;o peso já me ficar reberáxico;;[{'text': 'o', 'timestamp': (0.2, 0.22)}, {'text': 'peso', 'timestamp': (0.3, 0.74)}, {'text': 'já', 'timestamp': (0.76, 0.8)}, {'text': 'me', 'timestamp': (0.84, 0.9)}, {'text': 'ficar', 'timestamp': (0.92, 1.1)}, {'text': 'reberáxico', 'timestamp': (1.24, 2.18)}];3,0;1,0;1,0;1,9166666666666667
./audios/SP_D2_333_994.97548_998.1687.wav;994,97548;998,1687;[eu eu não estou agora por [dentro da:: dos nomes;eu eu não estou agora por dentro da dos nomes;3,1932199999999966;se eu estou agora por dedo da dos nomes;;[{'text': 'se', 'timestamp': (0.06, 0.28)}, {'text': 'eu', 'timestamp': (0.46, 0.54)}, {'text': 'estou', 'timestamp': (0.76, 0.94)}, {'text': 'agora', 'timestamp': (1.0, 1.2)}, {'text': 'por', 'timestamp': (1.36, 1.44)}, {'text': 'dedo', 'timestamp': (1.52, 1.82)}, {'text': 'da', 'timestamp': (1.92, 2.0)}, {'text': 'dos', 'timestamp': (2.64, 2.74)}, {'text': 'nomes', 'timestamp': (2.82, 3.12)}];0,3;0,3;0,4555555555555556;0,2
./audios/SP_D2_333_998.1687_998.95246.wav;998,1687;998,95246;sabe que::;sabe que;0,7837600000000293;cê sabe que;;[{'text': 'cê', 'timestamp': (0.96, 1.02)}, {'text': 'sabe', 'timestamp': (1.06, 1.2)}, {'text': 'que', 'timestamp': (1.3, 1.38)}];0,5;0,3333333333333333;0,33333333333333337;0,375
./audios/SP_D2_333_1004.56182_1004.92452.wav;1004,56182;1004,92452;hum;uh;0,362700000000018;ah;;[{'text': 'ah', 'timestamp': (1.1, 1.2)}];1,0;1,0;1,0;0,5
./audios/SP_D2_333_1008.79414_1013.00566.wav;1008,79414;1013,00566;é es/ essas esses progressos... éh houve isso houve muito [progresso ( );é es essas esses progressos eh houve isso houve muito progresso;4,211520000000064;é e esses progressos isso o muito progresso chovia;;[{'text': 'é', 'timestamp': (0.4, 0.42)}, {'text': 'e', 'timestamp': (0.7, 0.72)}, {'text': 'esses', 'timestamp': (0.8, 1.02)}, {'text': 'progressos', 'timestamp': (1.1, 1.62)}, {'text': 'isso', 'timestamp': (2.6, 2.72)}, {'text': 'o', 'timestamp': (2.78, 2.8)}, {'text': 'muito', 'timestamp': (2.92, 3.04)}, {'text': 'progresso', 'timestamp': (3.1, 3.4)}, {'text': 'chovia', 'timestamp': (3.52, 4.18)}];0,5454545454545454;0,5;0,6363636363636365;0,42857142857142855
./audios/SP_D2_333_1067.3029_1067.51799.wav;1067,3029;1067,51799;é;é;0,21509000000014566;pé;;[{'text': 'pé', 'timestamp': (1.0, 1.06)}];1,0;1,0;1,0;1,0
./audios/SP_D2_333_1085.0802_1089.35025.wav;1085,0802;1089,35025;mas a tele/ a telenovela há uma granDEza... dentro dela Helena;mas a tele a telenovela há uma grandeza dentro dela helena;4,270049999999856;mas a telenovela é uma grandeza dentro dela e nela;;[{'text': 'mas', 'timestamp': (0.06, 0.2)}, {'text': 'a', 'timestamp': (0.78, 0.8)}, {'text': 'telenovela', 'timestamp': (0.88, 1.54)}, {'text': 'é', 'timestamp': (1.78, 1.8)}, {'text': 'uma', 'timestamp': (1.86, 1.94)}, {'text': 'grandeza', 'timestamp': (2.02, 2.78)}, {'text': 'dentro', 'timestamp': (3.14, 3.36)}, {'text': 'dela', 'timestamp': (3.48, 3.74)}, {'text': 'e', 'timestamp': (3.84, 3.86)}, {'text': 'nela', 'timestamp': (3.98, 4.16)}];0,45454545454545453;0,4166666666666667;0,5545454545454546;0,22413793103448276
./audios/SP_D2_333_1089.77712_1090.91836.wav;1089,77712;1090,91836;que é a grandeza do povo;que é a grandeza do povo;1,1412399999999252;que é a grandeza do povo;;[{'text': 'que', 'timestamp': (0.0, 0.08)}, {'text': 'é', 'timestamp': (0.1, 0.12)}, {'text': 'a', 'timestamp': (0.14, 0.16)}, {'text': 'grandeza', 'timestamp': (0.22, 0.6)}, {'text': 'do', 'timestamp': (0.66, 0.72)}, {'text': 'povo', 'timestamp': (0.92, 1.1)}];0,0;0,0;0,0;0,0
./audios/SP_D2_333_1090.91836_1092.18379.wav;1090,91836;1092,18379;eu acho isso uma coisa [maravilhosa;eu acho isso uma coisa maravilhosa;1,2654300000001513;eu acho isso uma coisa maravilhosa;;[{'text': 'eu', 'timestamp': (0.02, 0.1)}, {'text': 'acho', 'timestamp': (0.14, 0.22)}, {'text': 'isso', 'timestamp': (0.26, 0.36)}, {'text': 'uma', 'timestamp': (0.4, 0.48)}, {'text': 'coisa', 'timestamp': (0.54, 0.68)}, {'text': 'maravilhosa', 'timestamp': (0.74, 1.22)}];0,0;0,0;0,0;0,0
./audios/SP_D2_333_1092.18379_1093.68.wav;1092,18379;1093,68;eu estava em Santa Catarina;eu estava em santa catarina;1,4962100000000191;eu estava em se decanta;;[{'text': 'eu', 'timestamp': (0.0, 0.08)}, {'text': 'estava', 'timestamp': (0.1, 0.34)}, {'text': 'em', 'timestamp': (0.38, 0.44)}, {'text': 'se', 'timestamp': (0.46, 0.54)}, {'text': 'decanta', 'timestamp': (0.66, 0.96)}];0,4;0,4;0,64;0,37037037037037035
./audios/SP_D2_333_1093.96406_1102.61471.wav;1093,96406;1102,61471;[é pois é:: a aceitação... a::... a a i/ a:: a... a fraternização --digamos assim--... não é? do povo todo;é pois é a aceitação a a a i a a a fraternização digamos assim não é do povo todo;8,650650000000041;é pois é a aceitação a a a a fraternização digamos assim não é do povo todo;;[{'text': 'é', 'timestamp': (0.08, 0.1)}, {'text': 'pois', 'timestamp': (0.32, 0.52)}, {'text': 'é', 'timestamp': (0.66, 0.68)}, {'text': 'a', 'timestamp': (0.9, 0.92)}, {'text': 'aceitação', 'timestamp': (0.98, 1.8)}, {'text': 'a', 'timestamp': (2.52, 2.54)}, {'text': 'a', 'timestamp': (3.48, 3.52)}, {'text': 'a', 'timestamp': (3.9, 3.94)}, {'text': 'a', 'timestamp': (4.22, 4.24)}, {'text': 'fraternização', 'timestamp': (5.14, 6.26)}, {'text': 'digamos', 'timestamp': (6.4, 6.72)}, {'text': 'assim', 'timestamp': (6.8, 7.0)}, {'text': 'não', 'timestamp': (7.62, 7.7)}, {'text': 'é', 'timestamp': (7.74, 7.76)}, {'text': 'do', 'timestamp': (8.0, 8.06)}, {'text': 'povo', 'timestamp': (8.18, 8.38)}, {'text': 'todo', 'timestamp': (8.48, 8.6)}];0,15;0,15;0,15000000000000002;0,07407407407407407
./audios/SP_D2_333_1102.61471_1109.58437.wav;1102,61471;1109,58437;eu estive em Santa Catarina e sabe... aquela:: aquela::... ali perto daquela grande::: daquela grande laGOa?;eu estive em santa catarina e sabe aquela aquela ali perto daquela grande daquela grande lagoa;6,969659999999976;meu estilo e santa catarina e sabe aquela aquela ariperana grande daquela grande lagoa;;[{'text': 'meu', 'timestamp': (0.02, 0.1)}, {'text': 'estilo', 'timestamp': (0.16, 0.36)}, {'text': 'e', 'timestamp': (0.38, 0.4)}, {'text': 'santa', 'timestamp': (0.46, 0.62)}, {'text': 'catarina', 'timestamp': (0.68, 1.12)}, {'text': 'e', 'timestamp': (1.58, 1.6)}, {'text': 'sabe', 'timestamp': (1.66, 1.8)}, {'text': 'aquela', 'timestamp': (1.98, 2.3)}, {'text': 'aquela', 'timestamp': (2.84, 3.2)}, {'text': 'ariperana', 'timestamp': (4.14, 4.7)}, {'text': 'grande', 'timestamp': (4.78, 5.06)}, {'text': 'daquela', 'timestamp': (5.76, 6.02)}, {'text': 'grande', 'timestamp': (6.08, 6.28)}, {'text': 'lagoa', 'timestamp': (6.36, 6.8)}];0,375;0,375;0,5535714285714286;0,14893617021276595
./audios/SP_D2_333_1111.27306_1122.2971.wav;1111,27306;1122,2971;[( ) em Flori/ tsc em [Florianópolis onde::... onde estão as rendeiras sentadas a gente vai passando... de carro e olhando em todas as casas... há uma há uma rendeira trabalhando;em flori tsc em florianópolis onde onde estão as rendeiras sentadas a gente vai passando de carro e olhando em todas as casas há uma há uma rendeira trabalhando;11,024040000000014;que forem florianópolis onde estão as rendeiras sentadas a gente vai passando de carro e olhando em todas as casas a uma rendeira trabalhando;;[{'text': 'que', 'timestamp': (0.12, 0.44)}, {'text': 'forem', 'timestamp': (0.52, 1.26)}, {'text': 'florianópolis', 'timestamp': (1.3, 1.98)}, {'text': 'onde', 'timestamp': (3.66, 3.78)}, {'text': 'estão', 'timestamp': (3.84, 4.02)}, {'text': 'as', 'timestamp': (4.1, 4.16)}, {'text': 'rendeiras', 'timestamp': (4.24, 4.8)}, {'text': 'sentadas', 'timestamp': (4.92, 5.42)}, {'text': 'a', 'timestamp': (5.52, 5.54)}, {'text': 'gente', 'timestamp': (5.58, 5.72)}, {'text': 'vai', 'timestamp': (5.8, 5.88)}, {'text': 'passando', 'timestamp': (5.96, 6.34)}, {'text': 'de', 'timestamp': (6.9, 6.94)}, {'text': 'carro', 'timestamp': (7.02, 7.22)}, {'text': 'e', 'timestamp': (7.3, 7.32)}, {'text': 'olhando', 'timestamp': (7.34, 7.54)}, {'text': 'em', 'timestamp': (7.6, 7.64)}, {'text': 'todas', 'timestamp': (7.74, 7.98)}, {'text': 'as', 'timestamp': (8.08, 8.14)}, {'text': 'casas', 'timestamp': (8.28, 8.6)}, {'text': 'a', 'timestamp': (9.4, 9.42)}, {'text': 'uma', 'timestamp': (9.74, 9.82)}, {'text': 'rendeira', 'timestamp': (9.88, 10.24)}, {'text': 'trabalhando', 'timestamp': (10.32, 10.76)}];0,27586206896551724;0,27586206896551724;0,3663793103448276;0,14375
./audios/SP_D2_333_1122.55289_1125.56149.wav;1122,55289;1125,56149;é:: é uma é uma veLHA e:: uma senhora é uma menina;é é uma é uma velha e uma senhora é uma menina;3,008600000000115;é é uma é uma velha é uma senhora é uma menina;;[{'text': 'é', 'timestamp': (0.04, 0.06)}, {'text': 'é', 'timestamp': (0.46, 0.48)}, {'text': 'uma', 'timestamp': (0.6, 0.72)}, {'text': 'é', 'timestamp': (0.94, 0.96)}, {'text': 'uma', 'timestamp': (1.04, 1.14)}, {'text': 'velha', 'timestamp': (1.28, 1.6)}, {'text': 'é', 'timestamp': (1.8, 1.82)}, {'text': 'uma', 'timestamp': (1.9, 2.0)}, {'text': 'senhora', 'timestamp': (2.1, 2.38)}, {'text': 'é', 'timestamp': (2.42, 2.44)}, {'text': 'uma', 'timestamp': (2.48, 2.56)}, {'text': 'menina', 'timestamp': (2.62, 2.9)}];0,08333333333333333;0,08333333333333333;0,15972222222222232;0,021739130434782608
./audios/SP_D2_333_1125.89406_1128.53142.wav;1125,89406;1128,53142;mas todas as mulheres estão trabalhando em renda;mas todas as mulheres estão trabalhando em renda;2,637359999999944;mas todas as mulheres estão trabalhando em renda;;[{'text': 'mas', 'timestamp': (0.06, 0.16)}, {'text': 'todas', 'timestamp': (0.3, 0.52)}, {'text': 'as', 'timestamp': (0.6, 0.66)}, {'text': 'mulheres', 'timestamp': (0.74, 1.08)}, {'text': 'estão', 'timestamp': (1.18, 1.42)}, {'text': 'trabalhando', 'timestamp': (1.5, 1.92)}, {'text': 'em', 'timestamp': (2.0, 2.06)}, {'text': 'renda', 'timestamp': (2.14, 2.46)}];0,0;0,0;0,0;0,0
./audios/SP_D2_333_1129.08166_1131.74222.wav;1129,08166;1131,74222;e:: então u/ duas delas vieram falar conosco;e então u duas delas vieram falar conosco;2,6605600000000322;e então duas delas vieram falar conosco;;[{'text': 'e', 'timestamp': (0.06, 0.08)}, {'text': 'então', 'timestamp': (0.6, 0.82)}, {'text': 'duas', 'timestamp': (1.18, 1.34)}, {'text': 'delas', 'timestamp': (1.42, 1.6)}, {'text': 'vieram', 'timestamp': (1.64, 1.8)}, {'text': 'falar', 'timestamp': (1.88, 2.02)}, {'text': 'conosco', 'timestamp': (2.1, 2.52)}];0,125;0,125;0,125;0,04878048780487805
./audios/SP_D2_333_1132.29134_1138.27504.wav;1132,29134;1138,27504;então ela disse assim ''hã da/ dona:: ah faz favor de me dizer uma coisa... a senhora a senhora vê novela?'';então ela disse assim ah da dona ah faz favor de me dizer uma coisa a senhora a senhora vê novela;5,983699999999999;então ela dise assim a faça o favor que me dizia uma coisa a senhora a senhora vê novela;;[{'text': 'então', 'timestamp': (0.08, 0.38)}, {'text': 'ela', 'timestamp': (0.48, 0.58)}, {'text': 'dise', 'timestamp': (0.62, 0.72)}, {'text': 'assim', 'timestamp': (0.74, 0.9)}, {'text': 'a', 'timestamp': (1.94, 1.96)}, {'text': 'faça', 'timestamp': (2.68, 2.8)}, {'text': 'o', 'timestamp': (2.82, 2.84)}, {'text': 'favor', 'timestamp': (2.86, 2.98)}, {'text': 'que', 'timestamp': (3.02, 3.1)}, {'text': 'me', 'timestamp': (3.12, 3.18)}, {'text': 'dizia', 'timestamp': (3.22, 3.46)}, {'text': 'uma', 'timestamp': (3.48, 3.56)}, {'text': 'coisa', 'timestamp': (3.68, 3.9)}, {'text': 'a', 'timestamp': (4.38, 4.4)}, {'text': 'senhora', 'timestamp': (4.6, 4.78)}, {'text': 'a', 'timestamp': (4.92, 4.94)}, {'text': 'senhora', 'timestamp': (5.02, 5.2)}, {'text': 'vê', 'timestamp': (5.28, 5.32)}, {'text': 'novela', 'timestamp': (5.44, 5.86)}];0,38095238095238093;0,38095238095238093;0,5764411027568922;0,17525773195876287
./audios/SP_D2_333_1138.59104_1139.15147.wav;1138,59104;1139,15147;eu digo ''vejo'';eu digo vejo;0,5604299999999967;eu digo vejo;;[{'text': 'eu', 'timestamp': (1.08, 1.12)}, {'text': 'digo', 'timestamp': (1.18, 1.32)}, {'text': 'vejo', 'timestamp': (1.4, 1.66)}];0,0;0,0;0,0;0,0
./audios/SP_D2_333_1139.15147_1140.03421.wav;1139,15147;1140,03421;''que que a senhora está vendo?'';que que a senhora está vendo;0,8827400000000125;o que e senha tá vendo;;[{'text': 'o', 'timestamp': (0.92, 0.94)}, {'text': 'que', 'timestamp': (1.0, 1.06)}, {'text': 'e', 'timestamp': (1.12, 1.14)}, {'text': 'senha', 'timestamp': (1.2, 1.32)}, {'text': 'tá', 'timestamp': (1.4, 1.44)}, {'text': 'vendo', 'timestamp': (1.54, 1.74)}];0,6666666666666666;0,6666666666666666;0,8888888888888888;0,2857142857142857
./audios/SP_D2_333_1140.31264_1143.66068.wav;1140,31264;1143,66068;eu estava vendo aquela coisa naquela ocasião eu estava vendo uma novela da Tupi;eu estava vendo aquela coisa naquela ocasião eu estava vendo uma novela da tupi;3,3480399999998554;eu estava vendo naquela ocasião eu estava vendo o mano veado tupi;;[{'text': 'eu', 'timestamp': (0.0, 0.08)}, {'text': 'estava', 'timestamp': (0.14, 0.3)}, {'text': 'vendo', 'timestamp': (0.34, 0.48)}, {'text': 'naquela', 'timestamp': (1.24, 1.46)}, {'text': 'ocasião', 'timestamp': (1.52, 1.84)}, {'text': 'eu', 'timestamp': (1.86, 1.94)}, {'text': 'estava', 'timestamp': (1.96, 2.18)}, {'text': 'vendo', 'timestamp': (2.28, 2.42)}, {'text': 'o', 'timestamp': (2.44, 2.46)}, {'text': 'mano', 'timestamp': (2.52, 2.62)}, {'text': 'veado', 'timestamp': (2.66, 2.82)}, {'text': 'tupi', 'timestamp': (2.96, 3.16)}];0,35714285714285715;0,35714285714285715;0,5178571428571428;0,25316455696202533
./audios/SP_D2_333_1143.96_1147.15083.wav;1143,96;1147,15083;ela disse... ''escute uma coisa por favor me diga... a Maria morreu?'';ela disse escute uma coisa por favor me diga a maria morreu;3,1908300000000054;ele disse escute uma coisa por favor me diga a maria morreu;;[{'text': 'ele', 'timestamp': (0.04, 0.12)}, {'text': 'disse', 'timestamp': (0.16, 0.3)}, {'text': 'escute', 'timestamp': (0.64, 0.86)}, {'text': 'uma', 'timestamp': (0.94, 1.0)}, {'text': 'coisa', 'timestamp': (1.04, 1.16)}, {'text': 'por', 'timestamp': (1.26, 1.32)}, {'text': 'favor', 'timestamp': (1.38, 1.58)}, {'text': 'me', 'timestamp': (1.66, 1.72)}, {'text': 'diga', 'timestamp': (1.76, 1.9)}, {'text': 'a', 'timestamp': (2.18, 2.2)}, {'text': 'maria', 'timestamp': (2.26, 2.52)}, {'text': 'morreu', 'timestamp': (2.6, 3.02)}];0,08333333333333333;0,08333333333333333;0,15972222222222232;0,01694915254237288
./audios/SP_D2_333_1147.96221_1151.14634.wav;1147,96221;1151,14634;[eu achei esta frase uma coisa comovente maravilhosa;eu achei esta frase uma coisa comovente maravilhosa;3,1841300000000956;eu achei esta frase uma coisa comovente maravilhosa;;[{'text': 'eu', 'timestamp': (0.04, 0.1)}, {'text': 'achei', 'timestamp': (0.18, 0.42)}, {'text': 'esta', 'timestamp': (0.5, 0.68)}, {'text': 'frase', 'timestamp': (0.92, 1.18)}, {'text': 'uma', 'timestamp': (1.28, 1.36)}, {'text': 'coisa', 'timestamp': (1.46, 1.62)}, {'text': 'comovente', 'timestamp': (1.88, 2.62)}, {'text': 'maravilhosa', 'timestamp': (2.66, 3.14)}];0,0;0,0;0,0;0,0
./audios/SP_D2_333_1155.8_1156.67498.wav;1155,8;1156,67498;uma coisa [linda né?;uma coisa linda né;0,8749800000000505;a coisa é lidar;;[{'text': 'a', 'timestamp': (1.12, 1.14)}, {'text': 'coisa', 'timestamp': (1.2, 1.42)}, {'text': 'é', 'timestamp': (1.44, 1.46)}, {'text': 'lidar', 'timestamp': (1.54, 1.86)}];0,75;0,75;0,9375;0,4444444444444444
./audios/SP_D2_333_1157.1717_1157.67551.wav;1157,1717;1157,67551;[disse ''não'';disse não;0,5038099999999304;e se não;;[{'text': 'e', 'timestamp': (1.04, 1.06)}, {'text': 'se', 'timestamp': (1.14, 1.2)}, {'text': 'não', 'timestamp': (1.32, 1.46)}];1,0;0,6666666666666666;0,8333333333333334;0,3333333333333333
./audios/SP_D2_333_1157.67551_1168.85036.wav;1157,67551;1168,85036;aí eu respondi ''ah [não eu eu sei se a Maria morreu ou não morreu mas eu não vou dizer a você... porque lá em São Paulo está mais adianTAda... é uns dois... uns dois meses e eu vou tirar sua graça;aí eu respondi ah não eu eu sei se a maria morreu ou não morreu mas eu não vou dizer a você porque lá em são paulo está mais adiantada é uns dois uns dois meses e eu vou tirar sua graça;11,174849999999878;aí eu respondi não eu eu sei se a maria morreu não morreu mas eu não vou dizer a você porque lá em são paulo está mais adiantada os dois meses e eu vou tirar a sua graça;;[{'text': 'aí', 'timestamp': (0.1, 0.18)}, {'text': 'eu', 'timestamp': (0.28, 0.34)}, {'text': 'respondi', 'timestamp': (0.4, 0.64)}, {'text': 'não', 'timestamp': (0.88, 0.98)}, {'text': 'eu', 'timestamp': (1.48, 1.52)}, {'text': 'eu', 'timestamp': (1.66, 1.74)}, {'text': 'sei', 'timestamp': (2.04, 2.2)}, {'text': 'se', 'timestamp': (2.34, 2.4)}, {'text': 'a', 'timestamp': (2.44, 2.46)}, {'text': 'maria', 'timestamp': (2.52, 2.78)}, {'text': 'morreu', 'timestamp': (2.88, 3.12)}, {'text': 'não', 'timestamp': (3.22, 3.3)}, {'text': 'morreu', 'timestamp': (3.34, 3.58)}, {'text': 'mas', 'timestamp': (3.62, 3.7)}, {'text': 'eu', 'timestamp': (3.74, 3.8)}, {'text': 'não', 'timestamp': (3.84, 3.94)}, {'text': 'vou', 'timestamp': (3.96, 4.06)}, {'text': 'dizer', 'timestamp': (4.1, 4.24)}, {'text': 'a', 'timestamp': (4.28, 4.3)}, {'text': 'você', 'timestamp': (4.34, 4.56)}, {'text': 'porque', 'timestamp': (5.12, 5.34)}, {'text': 'lá', 'timestamp': (5.42, 5.46)}, {'text': 'em', 'timestamp': (5.52, 5.56)}, {'text': 'são', 'timestamp': (5.6, 5.7)}, {'text': 'paulo', 'timestamp': (5.82, 5.98)}, {'text': 'está', 'timestamp': (6.02, 6.14)}, {'text': 'mais', 'timestamp': (6.2, 6.34)}, {'text': 'adiantada', 'timestamp': (6.4, 6.94)}, {'text': 'os', 'timestamp': (8.68, 8.76)}, {'text': 'dois', 'timestamp': (8.8, 8.94)}, {'text': 'meses', 'timestamp': (9.02, 9.34)}, {'text': 'e', 'timestamp': (9.7, 9.72)}, {'text': 'eu', 'timestamp': (9.78, 9.92)}, {'text': 'vou', 'timestamp': (9.98, 10.06)}, {'text': 'tirar', 'timestamp': (10.14, 10.34)}, {'text': 'a', 'timestamp': (10.4, 10.42)}, {'text': 'sua', 'timestamp': (10.48, 10.6)}, {'text': 'graça', 'timestamp': (10.7, 11.04)}];0,16666666666666666;0,16279069767441862;0,18796992481203012;0,10810810810810811
./audios/SP_D2_333_1274.8184_1275.15596.wav;1274,8184;1275,15596;hum;uh;0,33755999999993946;bom;;[{'text': 'bom', 'timestamp': (1.06, 1.2)}];1,0;1,0;1,0;1,5
./audios/SP_D2_333_1286.51068_1291.48.wav;1286,51068;1291,48;aliás esse [intercâmbio... [de de novela já houve há muito tempo no rádio né?;aliás esse intercâmbio de de novela já houve há muito tempo no rádio né;4,969319999999925;aliás esse intercâmbio de de novela já houve há muito tempo no rádio né;;[{'text': 'aliás', 'timestamp': (0.08, 0.4)}, {'text': 'esse', 'timestamp': (0.58, 0.78)}, {'text': 'intercâmbio', 'timestamp': (0.86, 1.48)}, {'text': 'de', 'timestamp': (2.04, 2.1)}, {'text': 'de', 'timestamp': (2.46, 2.52)}, {'text': 'novela', 'timestamp': (2.58, 2.92)}, {'text': 'já', 'timestamp': (3.04, 3.1)}, {'text': 'houve', 'timestamp': (3.38, 3.54)}, {'text': 'há', 'timestamp': (3.56, 3.62)}, {'text': 'muito', 'timestamp': (3.68, 3.8)}, {'text': 'tempo', 'timestamp': (3.92, 4.12)}, {'text': 'no', 'timestamp': (4.24, 4.28)}, {'text': 'rádio', 'timestamp': (4.38, 4.68)}, {'text': 'né', 'timestamp': (4.74, 4.78)}];0,0;0,0;0,0;0,0
./audios/SP_D2_333_1291.48_1294.62577.wav;1291,48;1294,62577;no rádio se fez com a ArgentiNA... demais [né?;no rádio se fez com a argentina demais né;3,145770000000084;o rádio se fez com argentina de marca;;[{'text': 'o', 'timestamp': (0.12, 0.14)}, {'text': 'rádio', 'timestamp': (0.22, 0.48)}, {'text': 'se', 'timestamp': (0.58, 0.64)}, {'text': 'fez', 'timestamp': (0.76, 0.92)}, {'text': 'com', 'timestamp': (1.02, 1.12)}, {'text': 'argentina', 'timestamp': (1.22, 1.7)}, {'text': 'de', 'timestamp': (2.54, 2.6)}, {'text': 'marca', 'timestamp': (2.7, 3.02)}];0,4444444444444444;0,4444444444444444;0,6527777777777778;0,21951219512195122
./audios/SP_D2_333_1294.96226_1296.10593.wav;1294,96226;1296,10593;[outros rádios ( );outros rádios;1,1436699999999291;seguindo o mar do tana;;[{'text': 'seguindo', 'timestamp': (0.02, 0.26)}, {'text': 'o', 'timestamp': (0.3, 0.34)}, {'text': 'mar', 'timestamp': (0.4, 0.56)}, {'text': 'do', 'timestamp': (0.62, 0.68)}, {'text': 'tana', 'timestamp': (0.76, 1.0)}];2,5;1,0;1,0;1,3076923076923077
./audios/SP_D2_333_1296.50895_1297.86502.wav;1296,50895;1297,86502;não não eles trocavam;não não eles trocavam;1,3560700000000452;não não eles trocavam;;[{'text': 'não', 'timestamp': (0.02, 0.18)}, {'text': 'não', 'timestamp': (0.4, 0.5)}, {'text': 'eles', 'timestamp': (0.56, 0.72)}, {'text': 'trocavam', 'timestamp': (0.78, 1.22)}];0,0;0,0;0,0;0,0
./audios/SP_D2_333_1298.37151_1305.46921.wav;1298,37151;1305,46921;quer dizer inclusive nós assistimos aqui muita novela... com o nome do Osvaldo Viana... que era de uma de um argentino;quer dizer inclusive nós assistimos aqui muita novela com o nome do osvaldo viana que era de uma de um argentino;7,097700000000032;quer dizer inclusive nós assistimos aqui muita novela com o nome do do vale viana que era de um argentino;;[{'text': 'quer', 'timestamp': (0.04, 0.12)}, {'text': 'dizer', 'timestamp': (0.18, 0.34)}, {'text': 'inclusive', 'timestamp': (0.56, 0.98)}, {'text': 'nós', 'timestamp': (1.1, 1.24)}, {'text': 'assistimos', 'timestamp': (1.32, 1.8)}, {'text': 'aqui', 'timestamp': (1.88, 2.04)}, {'text': 'muita', 'timestamp': (2.18, 2.36)}, {'text': 'novela', 'timestamp': (2.48, 2.88)}, {'text': 'com', 'timestamp': (3.64, 3.76)}, {'text': 'o', 'timestamp': (3.86, 3.88)}, {'text': 'nome', 'timestamp': (3.92, 4.1)}, {'text': 'do', 'timestamp': (4.18, 4.28)}, {'text': 'do', 'timestamp': (4.3, 4.34)}, {'text': 'vale', 'timestamp': (4.4, 4.6)}, {'text': 'viana', 'timestamp': (4.66, 4.94)}, {'text': 'que', 'timestamp': (5.46, 5.54)}, {'text': 'era', 'timestamp': (5.64, 5.78)}, {'text': 'de', 'timestamp': (6.34, 6.38)}, {'text': 'um', 'timestamp': (6.42, 6.46)}, {'text': 'argentino', 'timestamp': (6.5, 6.94)}];0,19047619047619047;0,18181818181818182;0,22857142857142865;0,09821428571428571
./audios/SP_D2_333_1306.08_1310.64.wav;1306,08;1310,64;[e era levado lá com o... com o com o nome da pês/ da do do escritor lá;e era levado lá com o com o com o nome da pês da do do escritor lá;4,560000000000173;e era levado lá com o nome da da da do do escritor lá;;[{'text': 'e', 'timestamp': (0.08, 0.1)}, {'text': 'era', 'timestamp': (0.2, 0.28)}, {'text': 'levado', 'timestamp': (0.38, 0.66)}, {'text': 'lá', 'timestamp': (0.78, 0.82)}, {'text': 'com', 'timestamp': (1.88, 1.96)}, {'text': 'o', 'timestamp': (2.04, 2.06)}, {'text': 'nome', 'timestamp': (2.1, 2.26)}, {'text': 'da', 'timestamp': (2.4, 2.46)}, {'text': 'da', 'timestamp': (2.88, 2.94)}, {'text': 'da', 'timestamp': (3.08, 3.14)}, {'text': 'do', 'timestamp': (3.26, 3.34)}, {'text': 'do', 'timestamp': (3.5, 3.82)}, {'text': 'escritor', 'timestamp': (3.86, 4.16)}, {'text': 'lá', 'timestamp': (4.24, 4.3)}];0,2777777777777778;0,2777777777777778;0,3293650793650793;0,22727272727272727
./audios/SP_D2_333_1311.14_1311.76.wav;1311,14;1311,76;de lá;de lá;0,6199999999998909;de lá;;[{'text': 'de', 'timestamp': (1.1, 1.16)}, {'text': 'lá', 'timestamp': (1.26, 1.32)}];0,0;0,0;0,0;0,0
./audios/SP_D2_333_1312.1285_1313.44.wav;1312,1285;1313,44;e a gente não quem era;e a gente não quem era;1,3115000000000236;e a gente não sabia de quem era;;[{'text': 'e', 'timestamp': (0.04, 0.06)}, {'text': 'a', 'timestamp': (0.14, 0.16)}, {'text': 'gente', 'timestamp': (0.2, 0.34)}, {'text': 'não', 'timestamp': (0.42, 0.48)}, {'text': 'sabia', 'timestamp': (0.54, 0.74)}, {'text': 'de', 'timestamp': (0.76, 0.8)}, {'text': 'quem', 'timestamp': (0.84, 0.94)}, {'text': 'era', 'timestamp': (1.02, 1.16)}];0,3333333333333333;0,25;0,25;0,4090909090909091
./audios/SP_D2_333_1313.44_1314.81526.wav;1313,44;1314,81526;mas na verdade eles trocavam;mas na verdade eles trocavam;1,3752600000000257;mas na verdade eles trocavam;;[{'text': 'mas', 'timestamp': (0.08, 0.14)}, {'text': 'na', 'timestamp': (0.18, 0.22)}, {'text': 'verdade', 'timestamp': (0.28, 0.6)}, {'text': 'eles', 'timestamp': (0.7, 0.84)}, {'text': 'trocavam', 'timestamp': (0.88, 1.3)}];0,0;0,0;0,0;0,0
./audios/SP_D2_333_1315.01262_1316.36194.wav;1315,01262;1316,36194;e exibiam com o seu nome;e exibiam com o seu nome;1,3493200000000343;e exibiam com seu norio;;[{'text': 'e', 'timestamp': (0.06, 0.1)}, {'text': 'exibiam', 'timestamp': (0.2, 0.56)}, {'text': 'com', 'timestamp': (0.64, 0.72)}, {'text': 'seu', 'timestamp': (0.82, 0.92)}, {'text': 'norio', 'timestamp': (0.98, 1.26)}];0,3333333333333333;0,3333333333333333;0,4666666666666667;0,20833333333333334
./audios/SP_D2_333_1317.85463_1320.09254.wav;1317,85463;1320,09254;quer dizer na na televisão é uma novidade né?;quer dizer na na televisão é uma novidade né;2,2379100000000562;quer dizer na televisão há uma novidade né;;[{'text': 'quer', 'timestamp': (0.02, 0.1)}, {'text': 'dizer', 'timestamp': (0.14, 0.26)}, {'text': 'na', 'timestamp': (0.68, 0.74)}, {'text': 'televisão', 'timestamp': (0.82, 1.3)}, {'text': 'há', 'timestamp': (1.4, 1.44)}, {'text': 'uma', 'timestamp': (1.46, 1.54)}, {'text': 'novidade', 'timestamp': (1.6, 1.96)}, {'text': 'né', 'timestamp': (2.08, 2.12)}];0,2222222222222222;0,2222222222222222;0,3194444444444444;0,11363636363636363
./audios/SP_D2_333_1325.36148_1325.60135.wav;1325,36148;1325,60135;[é;é;0,23986999999988257;a;;[{'text': 'a', 'timestamp': (1.06, 1.08)}];1,0;1,0;1,0;1,0
./audios/SP_D2_333_1392.75571_1396.72416.wav;1392,75571;1396,72416;só este campo de trabalho... novo não é? para o nosso artista;só este campo de trabalho novo não é para o nosso artista;3,9684500000000753;só este campo de trabalho novo não é para o nosso artista;;[{'text': 'só', 'timestamp': (0.14, 0.2)}, {'text': 'este', 'timestamp': (0.34, 0.52)}, {'text': 'campo', 'timestamp': (0.7, 0.96)}, {'text': 'de', 'timestamp': (1.06, 1.1)}, {'text': 'trabalho', 'timestamp': (1.18, 1.58)}, {'text': 'novo', 'timestamp': (2.06, 2.42)}, {'text': 'não', 'timestamp': (2.54, 2.6)}, {'text': 'é', 'timestamp': (2.64, 2.66)}, {'text': 'para', 'timestamp': (2.8, 2.94)}, {'text': 'o', 'timestamp': (3.0, 3.02)}, {'text': 'nosso', 'timestamp': (3.1, 3.28)}, {'text': 'artista', 'timestamp': (3.34, 3.84)}];0,0;0,0;0,0;0,0
./audios/SP_D2_333_1396.72416_1407.45183.wav;1396,72416;1407,45183;agora ( ) fizerem a... a trilha sonora... em vez de pegar um disco... não é?... fazia (o fato de fazer escrever)... está sendo agora o:: Pecado Capital por exemplo;agora fizerem a a trilha sonora em vez de pegar um disco não é fazia o fato de fazer escrever está sendo agora o pecado capital por exemplo;10,72766999999999;agora feio fazer a trilha sonora em via de pegar um disco não eram antigamente se punia fazia fazer escrever como está sendo agora o pecado capital por ex;;[{'text': 'agora', 'timestamp': (0.0, 0.14)}, {'text': 'feio', 'timestamp': (0.22, 0.34)}, {'text': 'fazer', 'timestamp': (0.48, 0.66)}, {'text': 'a', 'timestamp': (0.76, 0.78)}, {'text': 'trilha', 'timestamp': (1.02, 1.24)}, {'text': 'sonora', 'timestamp': (1.32, 1.7)}, {'text': 'em', 'timestamp': (2.44, 2.48)}, {'text': 'via', 'timestamp': (2.5, 2.6)}, {'text': 'de', 'timestamp': (2.64, 2.68)}, {'text': 'pegar', 'timestamp': (2.74, 2.9)}, {'text': 'um', 'timestamp': (2.96, 3.0)}, {'text': 'disco', 'timestamp': (3.1, 3.44)}, {'text': 'não', 'timestamp': (4.36, 4.46)}, {'text': 'eram', 'timestamp': (4.5, 4.7)}, {'text': 'antigamente', 'timestamp': (4.76, 5.14)}, {'text': 'se', 'timestamp': (5.22, 5.26)}, {'text': 'punia', 'timestamp': (5.36, 5.6)}, {'text': 'fazia', 'timestamp': (6.02, 6.44)}, {'text': 'fazer', 'timestamp': (6.76, 7.28)}, {'text': 'escrever', 'timestamp': (7.34, 7.72)}, {'text': 'como', 'timestamp': (8.22, 8.34)}, {'text': 'está', 'timestamp': (8.38, 8.5)}, {'text': 'sendo', 'timestamp': (8.56, 8.7)}, {'text': 'agora', 'timestamp': (8.78, 9.06)}, {'text': 'o', 'timestamp': (9.18, 9.2)}, {'text': 'pecado', 'timestamp': (9.5, 9.74)}, {'text': 'capital', 'timestamp': (9.82, 10.12)}, {'text': 'por', 'timestamp': (10.2, 10.26)}, {'text': 'ex', 'timestamp': (10.32, 10.4)}];0,35714285714285715;0,3448275862068966;0,5554187192118227;0,3237410071942446
./audios/SP_D2_333_1407.45183_1410.52.wav;1407,45183;1410,52;eles encomendaram especialmente para aquele;eles encomendaram especialmente para aquele;3,068170000000009;eles encomendaram especialmente para aquele;;[{'text': 'eles', 'timestamp': (0.08, 0.22)}, {'text': 'encomendaram', 'timestamp': (0.28, 1.0)}, {'text': 'especialmente', 'timestamp': (1.28, 2.14)}, {'text': 'para', 'timestamp': (2.3, 2.44)}, {'text': 'aquele', 'timestamp': (2.48, 2.82)}];0,0;0,0;0,0;0,0
./audios/SP_D2_333_1410.64849_1413.45411.wav;1410,64849;1413,45411;está perfeitamente... [adeQUAdo;está perfeitamente adequado;2,8056199999998626;está perfeitamente adequado adequado;;[{'text': 'está', 'timestamp': (0.02, 0.16)}, {'text': 'perfeitamente', 'timestamp': (0.26, 1.1)}, {'text': 'adequado', 'timestamp': (1.32, 1.72)}, {'text': 'adequado', 'timestamp': (1.94, 2.58)}];0,3333333333333333;0,25;0,25;0,3333333333333333
./audios/SP_D2_333_1414.13402_1415.54422.wav;1414,13402;1415,54422;é muito mais interessante;é muito mais interessante;1,4102000000000317;é muito mais interessante;;[{'text': 'é', 'timestamp': (0.1, 0.12)}, {'text': 'muito', 'timestamp': (0.22, 0.36)}, {'text': 'mais', 'timestamp': (0.42, 0.54)}, {'text': 'interessante', 'timestamp': (0.58, 1.18)}];0,0;0,0;0,0;0,0
./audios/SP_D2_333_1417.2513_1419.48.wav;1417,2513;1419,48;[é uma grande oportunidade para os nossos [artistas não é?;é uma grande oportunidade para os nossos artistas não é;2,228700000000117;e é uma grande oportunidade para os nossos artistas;;[{'text': 'e', 'timestamp': (0.02, 0.04)}, {'text': 'é', 'timestamp': (0.08, 0.1)}, {'text': 'uma', 'timestamp': (0.16, 0.24)}, {'text': 'grande', 'timestamp': (0.28, 0.46)}, {'text': 'oportunidade', 'timestamp': (0.5, 1.06)}, {'text': 'para', 'timestamp': (1.16, 1.28)}, {'text': 'os', 'timestamp': (1.3, 1.36)}, {'text': 'nossos', 'timestamp': (1.4, 1.56)}, {'text': 'artistas', 'timestamp': (1.6, 2.02)}];0,3;0,2727272727272727;0,28888888888888886;0,14545454545454545
./audios/SP_D2_333_1429.84272_1436.14376.wav;1429,84272;1436,14376;Helena você escreveu qualquer coisa muito interessante sobre a a Marília Medalha e eu perdi essa sua::... ( );helena você escreveu qualquer coisa muito interessante sobre a a marília medalha e eu perdi essa sua;6,30103999999983;helena você escrever qualquer coisa muito interessante sobre a a marilha e dália e eu perdi essa sua;;[{'text': 'helena', 'timestamp': (0.04, 0.26)}, {'text': 'você', 'timestamp': (0.34, 0.46)}, {'text': 'escrever', 'timestamp': (0.54, 0.78)}, {'text': 'qualquer', 'timestamp': (0.82, 1.04)}, {'text': 'coisa', 'timestamp': (1.08, 1.22)}, {'text': 'muito', 'timestamp': (1.3, 1.4)}, {'text': 'interessante', 'timestamp': (1.46, 1.9)}, {'text': 'sobre', 'timestamp': (1.98, 2.12)}, {'text': 'a', 'timestamp': (2.36, 2.38)}, {'text': 'a', 'timestamp': (2.4, 2.42)}, {'text': 'marilha', 'timestamp': (2.78, 3.08)}, {'text': 'e', 'timestamp': (3.18, 3.2)}, {'text': 'dália', 'timestamp': (3.3, 3.64)}, {'text': 'e', 'timestamp': (3.8, 3.82)}, {'text': 'eu', 'timestamp': (3.94, 4.02)}, {'text': 'perdi', 'timestamp': (4.1, 4.36)}, {'text': 'essa', 'timestamp': (4.58, 4.78)}, {'text': 'sua', 'timestamp': (4.98, 5.14)}];0,23529411764705882;0,2222222222222222;0,3594771241830066;0,07
./audios/SP_D2_333_1436.14376_1437.51075.wav;1436,14376;1437,51075;o que foi que você disse sobre a Marília Medalha?;o que foi que você disse sobre a marília medalha;1,366989999999987;que foi que você disse a maria verdade;;[{'text': 'que', 'timestamp': (0.02, 0.1)}, {'text': 'foi', 'timestamp': (0.12, 0.18)}, {'text': 'que', 'timestamp': (0.2, 0.28)}, {'text': 'você', 'timestamp': (0.32, 0.44)}, {'text': 'disse', 'timestamp': (0.52, 0.68)}, {'text': 'a', 'timestamp': (0.78, 0.8)}, {'text': 'maria', 'timestamp': (0.84, 1.04)}, {'text': 'verdade', 'timestamp': (1.06, 1.3)}];0,4;0,4;0,55;0,3125
./audios/SP_D2_333_1437.51075_1441.56.wav;1437,51075;1441,56;o ( ) me disse que era... que estava muito interessante este seu:: esta sua crônica;o me disse que era que estava muito interessante este seu esta sua crônica;4,049250000000029;o homem disse que era que estava muito interessante essa sua croica;;[{'text': 'o', 'timestamp': (0.0, 0.02)}, {'text': 'homem', 'timestamp': (0.12, 0.24)}, {'text': 'disse', 'timestamp': (0.28, 0.42)}, {'text': 'que', 'timestamp': (0.44, 0.52)}, {'text': 'era', 'timestamp': (0.54, 0.62)}, {'text': 'que', 'timestamp': (1.08, 1.14)}, {'text': 'estava', 'timestamp': (1.16, 1.34)}, {'text': 'muito', 'timestamp': (1.44, 1.56)}, {'text': 'interessante', 'timestamp': (1.64, 2.08)}, {'text': 'essa', 'timestamp': (3.1, 3.24)}, {'text': 'sua', 'timestamp': (3.3, 3.4)}, {'text': 'croica', 'timestamp': (3.5, 3.86)}];0,35714285714285715;0,35714285714285715;0,5178571428571428;0,1891891891891892
./audios/SP_D2_333_1442.52394_1443.22042.wav;1442,52394;1443,22042;[o que que você comentou?;o que que você comentou;0,696480000000065;fitodermati;;[{'text': 'fitodermati', 'timestamp': (1.08, 1.56)}];1,0;1,0;1,0;0,8695652173913043
./audios/SP_D2_333_1525.15007_1525.84948.wav;1525,15007;1525,84948;[Ponteio;ponteio;0,6994100000001708;ele veio;;[{'text': 'ele', 'timestamp': (1.1, 1.22)}, {'text': 'veio', 'timestamp': (1.28, 1.62)}];2,0;1,0;1,0;0,7142857142857143
./audios/SP_D2_333_1528.26308_1528.63987.wav;1528,26308;1528,63987;Edu;edu;0,37679000000002816;edu;;[{'text': 'edu', 'timestamp': (1.04, 1.2)}];0,0;0,0;0,0;0,0
./audios/SP_D2_333_1529.58184_1530.12.wav;1529,58184;1530,12;[Edu Lobo;edu lobo;0,5381599999998343;e do luan;;[{'text': 'e', 'timestamp': (1.02, 1.04)}, {'text': 'do', 'timestamp': (1.08, 1.16)}, {'text': 'luan', 'timestamp': (1.2, 1.36)}];1,5;1,0;1,0;0,625
./audios/SP_D2_333_1533.37752_1535.28.wav;1533,37752;1535,28;você sabe a história dessa premiação como é que foi?;você sabe a história dessa premiação como é que foi;1,9024799999999686;você sabe a história dessa premiação como é que foi;;[{'text': 'você', 'timestamp': (0.02, 0.12)}, {'text': 'sabe', 'timestamp': (0.2, 0.32)}, {'text': 'a', 'timestamp': (0.34, 0.36)}, {'text': 'história', 'timestamp': (0.42, 0.64)}, {'text': 'dessa', 'timestamp': (0.66, 0.86)}, {'text': 'premiação', 'timestamp': (0.92, 1.32)}, {'text': 'como', 'timestamp': (1.38, 1.48)}, {'text': 'é', 'timestamp': (1.5, 1.52)}, {'text': 'que', 'timestamp': (1.58, 1.64)}, {'text': 'foi', 'timestamp': (1.68, 1.82)}];0,0;0,0;0,0;0,0
./audios/SP_D2_333_1536.04231_1541.271.wav;1536,04231;1541,271;[o::: o Buarque... [o o Buarque queriam dar o prêmio para ele;o o buarque o o buarque queriam dar o prêmio para ele;5,228689999999915;e eu também e o arqueiro o buarque e queria dar o prêmio pra ele;;[{'text': 'e', 'timestamp': (0.2, 0.22)}, {'text': 'eu', 'timestamp': (0.28, 0.38)}, {'text': 'também', 'timestamp': (0.58, 0.78)}, {'text': 'e', 'timestamp': (0.86, 0.88)}, {'text': 'o', 'timestamp': (1.0, 1.02)}, {'text': 'arqueiro', 'timestamp': (1.14, 2.68)}, {'text': 'o', 'timestamp': (2.9, 2.92)}, {'text': 'buarque', 'timestamp': (2.96, 3.3)}, {'text': 'e', 'timestamp': (3.32, 3.34)}, {'text': 'queria', 'timestamp': (3.4, 3.64)}, {'text': 'dar', 'timestamp': (3.86, 4.08)}, {'text': 'o', 'timestamp': (4.3, 4.34)}, {'text': 'prêmio', 'timestamp': (4.44, 4.68)}, {'text': 'pra', 'timestamp': (4.74, 4.84)}, {'text': 'ele', 'timestamp': (4.94, 5.1)}];0,6666666666666666;0,5333333333333333;0,7277777777777777;0,3584905660377358
./audios/SP_D2_333_1542.12696_1543.94667.wav;1542,12696;1543,94667;e ele brigou e disse [que não aceitaria;e ele brigou e disse que não aceitaria;1,8197099999999864;e ele brigou e disse que não aceitaria;;[{'text': 'e', 'timestamp': (0.04, 0.06)}, {'text': 'ele', 'timestamp': (0.1, 0.22)}, {'text': 'brigou', 'timestamp': (0.3, 0.54)}, {'text': 'e', 'timestamp': (0.58, 0.6)}, {'text': 'disse', 'timestamp': (0.66, 0.8)}, {'text': 'que', 'timestamp': (0.84, 0.92)}, {'text': 'não', 'timestamp': (0.98, 1.06)}, {'text': 'aceitaria', 'timestamp': (1.1, 1.72)}];0,0;0,0;0,0;0,0
./audios/SP_D2_333_1543.94667_1548.06418.wav;1543,94667;1548,06418;não isso não é fofoca de:: de bastidor mas eu::... [(estou te dando notícia) autêntica;não isso não é fofoca de de bastidor mas eu estou te dando notícia autêntica;4,117510000000038;não isso é uma foca de de invastidor mas eu considero você é autêntica;;[{'text': 'não', 'timestamp': (0.14, 0.28)}, {'text': 'isso', 'timestamp': (0.36, 0.52)}, {'text': 'é', 'timestamp': (0.6, 0.62)}, {'text': 'uma', 'timestamp': (0.88, 0.98)}, {'text': 'foca', 'timestamp': (1.06, 1.28)}, {'text': 'de', 'timestamp': (1.36, 1.4)}, {'text': 'de', 'timestamp': (1.56, 1.6)}, {'text': 'invastidor', 'timestamp': (1.66, 2.14)}, {'text': 'mas', 'timestamp': (2.24, 2.34)}, {'text': 'eu', 'timestamp': (2.42, 2.46)}, {'text': 'considero', 'timestamp': (3.02, 3.28)}, {'text': 'você', 'timestamp': (3.36, 3.48)}, {'text': 'é', 'timestamp': (3.5, 3.52)}, {'text': 'autêntica', 'timestamp': (3.56, 4.0)}];0,5333333333333333;0,5333333333333333;0,7666666666666666;0,35526315789473684
./audios/SP_D2_333_1548.45482_1549.38294.wav;1548,45482;1549,38294;e ele se negou;e ele se negou;0,9281200000000354;e ele se nega;;[{'text': 'e', 'timestamp': (1.08, 1.1)}, {'text': 'ele', 'timestamp': (1.22, 1.34)}, {'text': 'se', 'timestamp': (1.54, 1.6)}, {'text': 'nega', 'timestamp': (1.66, 1.92)}];0,25;0,25;0,4375;0,14285714285714285
./audios/SP_D2_333_1549.38294_1555.28.wav;1549,38294;1555,28;ele disse que NÃO receberia se não fosse... o::... se não recebesse TAMbém o [Ponteio;ele disse que não receberia se não fosse o se não recebesse também o ponteio;5,89706000000001;eles que não receberia se não fosse e se não recebesse também eu contei;;[{'text': 'eles', 'timestamp': (0.0, 0.18)}, {'text': 'que', 'timestamp': (0.2, 0.28)}, {'text': 'não', 'timestamp': (0.44, 0.6)}, {'text': 'receberia', 'timestamp': (0.72, 1.34)}, {'text': 'se', 'timestamp': (1.5, 1.54)}, {'text': 'não', 'timestamp': (1.64, 1.74)}, {'text': 'fosse', 'timestamp': (1.88, 2.18)}, {'text': 'e', 'timestamp': (2.78, 2.8)}, {'text': 'se', 'timestamp': (4.26, 4.32)}, {'text': 'não', 'timestamp': (4.36, 4.44)}, {'text': 'recebesse', 'timestamp': (4.48, 4.9)}, {'text': 'também', 'timestamp': (5.02, 5.3)}, {'text': 'eu', 'timestamp': (5.36, 5.44)}, {'text': 'contei', 'timestamp': (5.5, 5.8)}];0,3333333333333333;0,3333333333333333;0,5238095238095238;0,13157894736842105
./audios/SP_D2_333_1555.42512_1557.74185.wav;1555,42512;1557,74185;[e:: e Ponteio é uma música [maravilhosa ( );e e ponteio é uma música maravilhosa;2,316730000000007;e e fino ponteiras caralhada;;[{'text': 'e', 'timestamp': (0.26, 0.28)}, {'text': 'e', 'timestamp': (0.3, 0.32)}, {'text': 'fino', 'timestamp': (0.44, 0.7)}, {'text': 'ponteiras', 'timestamp': (0.82, 1.48)}, {'text': 'caralhada', 'timestamp': (1.5, 2.28)}];0,7142857142857143;0,7142857142857143;0,8857142857142857;0,5833333333333334
./audios/SP_D2_333_1557.74185_1558.68.wav;1557,74185;1558,68;aliás uma coisa linda;aliás uma coisa linda;0,9381499999999505;a mara morales ali;;[{'text': 'a', 'timestamp': (1.06, 1.08)}, {'text': 'mara', 'timestamp': (1.16, 1.28)}, {'text': 'morales', 'timestamp': (1.34, 1.64)}, {'text': 'ali', 'timestamp': (1.7, 1.84)}];1,0;1,0;1,0;0,7619047619047619
./audios/SP_D2_333_1560.09864_1562.2.wav;1560,09864;1562,2;[(pelo) mesmo tempo que foram premiadas as duas né?;pelo mesmo tempo que foram premiadas as duas né;2,1013600000001134;ao mesmo tempo foram premiadas as duas né;;[{'text': 'ao', 'timestamp': (0.1, 0.24)}, {'text': 'mesmo', 'timestamp': (0.28, 0.46)}, {'text': 'tempo', 'timestamp': (0.58, 0.76)}, {'text': 'foram', 'timestamp': (0.9, 1.02)}, {'text': 'premiadas', 'timestamp': (1.08, 1.46)}, {'text': 'as', 'timestamp': (1.54, 1.58)}, {'text': 'duas', 'timestamp': (1.66, 1.82)}, {'text': 'né', 'timestamp': (1.9, 1.94)}];0,2222222222222222;0,2222222222222222;0,3194444444444444;0,14893617021276595
./audios/SP_D2_333_1615.96558_1618.01298.wav;1615,96558;1618,01298;é família toda interessante inteligente;é família toda interessante inteligente;2,047399999999925;uma família toda interessante e inteligente;;[{'text': 'uma', 'timestamp': (0.02, 0.26)}, {'text': 'família', 'timestamp': (0.3, 0.58)}, {'text': 'toda', 'timestamp': (0.68, 0.82)}, {'text': 'interessante', 'timestamp': (0.9, 1.36)}, {'text': 'e', 'timestamp': (1.4, 1.42)}, {'text': 'inteligente', 'timestamp': (1.48, 1.96)}];0,4;0,3333333333333333;0,4666666666666667;0,1282051282051282
./audios/SP_D2_333_1618.01298_1620.15968.wav;1618,01298;1620,15968;ela o irmão... o irmão é maestro né?;ela o irmão o irmão é maestro né;2,14670000000001;e ela é o irmão irmão é maestro né;;[{'text': 'e', 'timestamp': (0.0, 0.02)}, {'text': 'ela', 'timestamp': (0.04, 0.16)}, {'text': 'é', 'timestamp': (0.18, 0.2)}, {'text': 'o', 'timestamp': (0.22, 0.26)}, {'text': 'irmão', 'timestamp': (0.34, 0.96)}, {'text': 'irmão', 'timestamp': (1.02, 1.28)}, {'text': 'é', 'timestamp': (1.38, 1.4)}, {'text': 'maestro', 'timestamp': (1.46, 1.84)}, {'text': 'né', 'timestamp': (1.94, 2.0)}];0,375;0,3;0,3194444444444444;0,1875
./audios/SP_D2_333_1620.83123_1623.52.wav;1620,83123;1623,52;[o irmão ela tem uma irmã que é poetisa que é muito inteligente também [(né?);o irmão ela tem uma irmã que é poetisa que é muito inteligente também né;2,688769999999977;a mão e ela tem uma irmã que é poetisa que é muito inteligente também;;[{'text': 'a', 'timestamp': (0.02, 0.04)}, {'text': 'mão', 'timestamp': (0.16, 0.26)}, {'text': 'e', 'timestamp': (0.34, 0.36)}, {'text': 'ela', 'timestamp': (0.4, 0.46)}, {'text': 'tem', 'timestamp': (0.54, 0.62)}, {'text': 'uma', 'timestamp': (0.68, 0.74)}, {'text': 'irmã', 'timestamp': (0.78, 0.9)}, {'text': 'que', 'timestamp': (0.98, 1.04)}, {'text': 'é', 'timestamp': (1.08, 1.1)}, {'text': 'poetisa', 'timestamp': (1.18, 1.58)}, {'text': 'que', 'timestamp': (1.6, 1.66)}, {'text': 'é', 'timestamp': (1.72, 1.74)}, {'text': 'muito', 'timestamp': (1.76, 1.86)}, {'text': 'inteligente', 'timestamp': (1.92, 2.26)}, {'text': 'também', 'timestamp': (2.32, 2.5)}];0,26666666666666666;0,25;0,3599999999999999;0,1111111111111111
./audios/SP_D2_333_1624.06654_1625.12.wav;1624,06654;1625,12;[jornalista e poetisa;jornalista e poetisa;1,053459999999859;jornalista e poetisa;;[{'text': 'jornalista', 'timestamp': (0.06, 0.44)}, {'text': 'e', 'timestamp': (0.5, 0.52)}, {'text': 'poetisa', 'timestamp': (0.58, 1.0)}];0,0;0,0;0,0;0,0
./audios/SP_D2_333_1629.9615_1631.6.wav;1629,9615;1631,6;[eu acho que ela modificou e ele é irmão dela;eu acho que ela modificou e ele é irmão dela;1,6385000000000218;eu ah que ele modificou a mão dela;;[{'text': 'eu', 'timestamp': (0.0, 0.04)}, {'text': 'ah', 'timestamp': (0.08, 0.12)}, {'text': 'que', 'timestamp': (0.16, 0.22)}, {'text': 'ele', 'timestamp': (0.24, 0.32)}, {'text': 'modificou', 'timestamp': (0.36, 0.88)}, {'text': 'a', 'timestamp': (0.92, 0.94)}, {'text': 'mão', 'timestamp': (1.1, 1.22)}, {'text': 'dela', 'timestamp': (1.28, 1.48)}];0,6;0,6;0,8;0,2727272727272727
./audios/SP_D2_333_1640.35729_1641.84098.wav;1640,35729;1641,84098;[eu acho que ela modificou seu [nome;eu acho que ela modificou seu nome;1,4836900000000242;acho que ela multiplicou se;;[{'text': 'acho', 'timestamp': (0.06, 0.16)}, {'text': 'que', 'timestamp': (0.18, 0.26)}, {'text': 'ela', 'timestamp': (0.3, 0.38)}, {'text': 'multiplicou', 'timestamp': (0.44, 0.92)}, {'text': 'se', 'timestamp': (0.96, 1.12)}];0,5714285714285714;0,5714285714285714;0,7428571428571429;0,4117647058823529
./audios/SP_D2_333_1641.84098_1642.99687.wav;1641,84098;1642,99687;ela tem (o direito);ela tem o direito;1,1558899999999994;ela adere;;[{'text': 'ela', 'timestamp': (0.1, 0.18)}, {'text': 'adere', 'timestamp': (0.3, 0.54)}];0,75;0,75;0,875;0,5882352941176471
./audios/SP_D2_333_1643.36359_1644.93088.wav;1643,36359;1644,93088;( ) (nome);nome;1,5672899999999572;como que a pelo brasileiro;;[{'text': 'como', 'timestamp': (0.16, 0.28)}, {'text': 'que', 'timestamp': (0.4, 0.52)}, {'text': 'a', 'timestamp': (0.54, 0.56)}, {'text': 'pelo', 'timestamp': (0.62, 0.8)}, {'text': 'brasileiro', 'timestamp': (0.94, 1.34)}];5,0;1,0;1,0;5,75
./audios/SP_D2_333_1646.079_1646.66813.wav;1646,079;1646,66813;tenho impressão;tenho impressão;0,5891300000000683;livre-se;;[{'text': 'livre-se', 'timestamp': (1.04, 1.44)}];1,0;1,0;1,0;0,7333333333333333
./audios/SP_D2_333_1651.76_1652.41496.wav;1651,76;1652,41496;[poetisa;poetisa;0,6549600000000737;poetisa;;[{'text': 'poetisa', 'timestamp': (1.04, 1.52)}];0,0;0,0;0,0;0,0
./audios/SP_D2_333_1676.03572_1676.82521.wav;1676,03572;1676,82521;Rainha Diaba;rainha diaba;0,789489999999887;aiaziaba;;[{'text': 'aiaziaba', 'timestamp': (1.04, 1.58)}];1,0;1,0;1,0;0,4166666666666667
./audios/SP_D2_333_1714.75338_1716.04079.wav;1714,75338;1716,04079;[vamos esperar A Muralha não?;vamos esperar a muralha não;1,287409999999909;vamos esperar a muralha né;;[{'text': 'vamos', 'timestamp': (0.04, 0.18)}, {'text': 'esperar', 'timestamp': (0.24, 0.56)}, {'text': 'a', 'timestamp': (0.62, 0.64)}, {'text': 'muralha', 'timestamp': (0.7, 1.04)}, {'text': 'né', 'timestamp': (1.1, 1.14)}];0,2;0,2;0,3599999999999999;0,07407407407407407
./audios/SP_D2_333_1716.85779_1717.60056.wav;1716,85779;1717,60056;[Deus quiser;deus quiser;0,7427700000000641;meus dias e as;;[{'text': 'meus', 'timestamp': (1.0, 1.16)}, {'text': 'dias', 'timestamp': (1.2, 1.36)}, {'text': 'e', 'timestamp': (1.42, 1.44)}, {'text': 'as', 'timestamp': (1.58, 1.72)}];2,0;1,0;1,0;0,7272727272727273
./audios/SP_D2_333_1718.6_1718.91268.wav;1718,6;1718,91268;é;é;0,3126800000000003;é;;[{'text': 'é', 'timestamp': (1.08, 1.1)}];0,0;0,0;0,0;0,0
./audios/SP_D2_333_1719.727_1724.67958.wav;1719,727;1724,67958;[( ) Dinah está com::... boas esperanças de levar agora A [Muralha;dinah está com boas esperanças de levar agora a muralha;4,952579999999898;a medida mas está com boas esperanças de levar agora a;;[{'text': 'a', 'timestamp': (0.54, 0.58)}, {'text': 'medida', 'timestamp': (0.64, 1.04)}, {'text': 'mas', 'timestamp': (1.28, 1.46)}, {'text': 'está', 'timestamp': (1.5, 1.62)}, {'text': 'com', 'timestamp': (1.74, 1.86)}, {'text': 'boas', 'timestamp': (2.66, 2.84)}, {'text': 'esperanças', 'timestamp': (2.92, 3.5)}, {'text': 'de', 'timestamp': (3.56, 3.62)}, {'text': 'levar', 'timestamp': (3.74, 4.0)}, {'text': 'agora', 'timestamp': (4.1, 4.26)}, {'text': 'a', 'timestamp': (4.3, 4.34)}];0,4;0,3333333333333333;0,4181818181818181;0,3090909090909091
./audios/SP_D2_333_1729.60046_1729.89725.wav;1729,60046;1729,89725;é;é;0,29678999999987354;é;;[{'text': 'é', 'timestamp': (1.04, 1.06)}];0,0;0,0;0,0;0,0
./audios/SP_D2_333_1798.25244_1800.82294.wav;1798,25244;1800,82294;[(Helena)... um belo filme foi Orfeu do Carnaval;helena um belo filme foi orfeu do carnaval;2,570500000000038;aprendendo belo filme foi orfeu do carnaval;;[{'text': 'aprendendo', 'timestamp': (0.0, 0.86)}, {'text': 'belo', 'timestamp': (0.9, 1.06)}, {'text': 'filme', 'timestamp': (1.18, 1.44)}, {'text': 'foi', 'timestamp': (1.48, 1.58)}, {'text': 'orfeu', 'timestamp': (1.6, 1.9)}, {'text': 'do', 'timestamp': (1.94, 1.98)}, {'text': 'carnaval', 'timestamp': (2.04, 2.46)}];0,25;0,25;0,3571428571428572;0,19047619047619047
./audios/SP_D2_333_1803.70348_1805.54775.wav;1803,70348;1805,54775;[já é antigo já faz (há) muito tempo é;já é antigo já faz há muito tempo é;1,8442700000000514;e o antigo já fala há muito tempo é;;[{'text': 'e', 'timestamp': (0.06, 0.08)}, {'text': 'o', 'timestamp': (0.12, 0.14)}, {'text': 'antigo', 'timestamp': (0.18, 0.52)}, {'text': 'já', 'timestamp': (0.62, 0.68)}, {'text': 'fala', 'timestamp': (0.8, 0.98)}, {'text': 'há', 'timestamp': (1.02, 1.06)}, {'text': 'muito', 'timestamp': (1.12, 1.28)}, {'text': 'tempo', 'timestamp': (1.42, 1.62)}, {'text': 'é', 'timestamp': (1.72, 1.74)}];0,3333333333333333;0,3333333333333333;0,5555555555555556;0,14285714285714285
./audios/SP_D2_333_1807.49399_1808.87019.wav;1807,49399;1808,87019;coprodução ( ) [com a Argentina?;coprodução com a argentina;1,3762000000001535;como agora você vê;;[{'text': 'como', 'timestamp': (0.1, 0.36)}, {'text': 'agora', 'timestamp': (0.56, 0.8)}, {'text': 'você', 'timestamp': (0.9, 1.08)}, {'text': 'vê', 'timestamp': (1.2, 1.26)}];1,0;1,0;1,0;0,7692307692307693
./audios/SP_D2_333_1811.66036_1812.11977.wav;1811,66036;1812,11977;[francesa?;francesa;0,45940999999993437;se a cor;;[{'text': 'se', 'timestamp': (1.18, 1.24)}, {'text': 'a', 'timestamp': (1.3, 1.32)}, {'text': 'cor', 'timestamp': (1.4, 1.58)}];3,0;1,0;1,0;0,875
./audios/SP_D2_333_1812.46425_1813.89438.wav;1812,46425;1813,89438;[(foi) muito [bonito aquele filme;foi muito bonito aquele filme;1,4301299999999628;eu bueno pode que tá no mi;;[{'text': 'eu', 'timestamp': (0.1, 0.22)}, {'text': 'bueno', 'timestamp': (0.24, 0.46)}, {'text': 'pode', 'timestamp': (0.5, 0.74)}, {'text': 'que', 'timestamp': (0.78, 0.88)}, {'text': 'tá', 'timestamp': (0.92, 0.98)}, {'text': 'no', 'timestamp': (1.04, 1.08)}, {'text': 'mi', 'timestamp': (1.14, 1.2)}];1,4;1,0;1,0;0,6551724137931034
./audios/SP_D2_333_1882.79545_1884.31215.wav;1882,79545;1884,31215;mas foi muito depois de [da;mas foi muito depois de da;1,5166999999999007;isso foi muito depois de tempos;;[{'text': 'isso', 'timestamp': (0.0, 0.14)}, {'text': 'foi', 'timestamp': (0.16, 0.24)}, {'text': 'muito', 'timestamp': (0.3, 0.44)}, {'text': 'depois', 'timestamp': (0.54, 0.92)}, {'text': 'de', 'timestamp': (0.94, 1.0)}, {'text': 'tempos', 'timestamp': (1.06, 1.36)}];0,3333333333333333;0,3333333333333333;0,5555555555555556;0,34615384615384615
./audios/SP_D2_333_2015.36448_2018.73994.wav;2015,36448;2018,73994;[esse esse filme foi baseado no conto do Aníbal Machado ou não?;esse esse filme foi baseado no conto do aníbal machado ou não;3,3754599999999755;se foi baseado no conto do adilamachado ou não;;[{'text': 'se', 'timestamp': (0.22, 0.56)}, {'text': 'foi', 'timestamp': (0.64, 1.12)}, {'text': 'baseado', 'timestamp': (1.24, 1.6)}, {'text': 'no', 'timestamp': (1.72, 1.78)}, {'text': 'conto', 'timestamp': (1.88, 2.1)}, {'text': 'do', 'timestamp': (2.18, 2.24)}, {'text': 'adilamachado', 'timestamp': (2.3, 3.02)}, {'text': 'ou', 'timestamp': (3.12, 3.16)}, {'text': 'não', 'timestamp': (3.2, 3.3)}];0,4166666666666667;0,4166666666666667;0,5462962962962963;0,29508196721311475
./audios/SP_D2_333_2020.36079_2021.47133.wav;2020,36079;2021,47133;[eu acho que eu faço confusão;eu acho que eu faço confusão;1,1105400000001282;eu acho que eu faço confusão;;[{'text': 'eu', 'timestamp': (0.06, 0.16)}, {'text': 'acho', 'timestamp': (0.22, 0.32)}, {'text': 'que', 'timestamp': (0.34, 0.4)}, {'text': 'eu', 'timestamp': (0.42, 0.48)}, {'text': 'faço', 'timestamp': (0.52, 0.64)}, {'text': 'confusão', 'timestamp': (0.7, 1.06)}];0,0;0,0;0,0;0,0
./audios/SP_D2_333_2021.83088_2030.45387.wav;2021,83088;2030,45387;[houve um filme que foi baseado em três contos um deles de Machado de Assis... outro de Machado de de::... Aníbal Machado... e o terceiro eu não me lembro quem era o escritor;houve um filme que foi baseado em três contos um deles de machado de assis outro de machado de de aníbal machado e o terceiro eu não me lembro quem era o escritor;8,622990000000073;houve um filme que foi baseado em três contas um deles de machado de assis o outro de machado adia machado e o terceiro e não me lembro quem era o escritor;;[{'text': 'houve', 'timestamp': (0.06, 0.22)}, {'text': 'um', 'timestamp': (0.28, 0.32)}, {'text': 'filme', 'timestamp': (0.46, 0.66)}, {'text': 'que', 'timestamp': (0.76, 0.82)}, {'text': 'foi', 'timestamp': (0.98, 1.1)}, {'text': 'baseado', 'timestamp': (1.18, 1.46)}, {'text': 'em', 'timestamp': (1.54, 1.58)}, {'text': 'três', 'timestamp': (1.66, 1.84)}, {'text': 'contas', 'timestamp': (1.94, 2.16)}, {'text': 'um', 'timestamp': (2.24, 2.3)}, {'text': 'deles', 'timestamp': (2.36, 2.54)}, {'text': 'de', 'timestamp': (2.58, 2.62)}, {'text': 'machado', 'timestamp': (2.66, 2.92)}, {'text': 'de', 'timestamp': (2.96, 3.0)}, {'text': 'assis', 'timestamp': (3.06, 3.38)}, {'text': 'o', 'timestamp': (4.02, 4.04)}, {'text': 'outro', 'timestamp': (4.1, 4.26)}, {'text': 'de', 'timestamp': (4.3, 4.34)}, {'text': 'machado', 'timestamp': (4.36, 4.66)}, {'text': 'adia', 'timestamp': (5.5, 5.76)}, {'text': 'machado', 'timestamp': (5.82, 6.14)}, {'text': 'e', 'timestamp': (7.02, 7.04)}, {'text': 'o', 'timestamp': (7.08, 7.1)}, {'text': 'terceiro', 'timestamp': (7.16, 7.44)}, {'text': 'e', 'timestamp': (7.48, 7.5)}, {'text': 'não', 'timestamp': (7.54, 7.62)}, {'text': 'me', 'timestamp': (7.66, 7.7)}, {'text': 'lembro', 'timestamp': (7.76, 7.92)}, {'text': 'quem', 'timestamp': (7.96, 8.1)}, {'text': 'era', 'timestamp': (8.12, 8.24)}, {'text': 'o', 'timestamp': (8.26, 8.28)}, {'text': 'escritor', 'timestamp': (8.3, 8.56)}];0,18181818181818182;0,17647058823529413;0,25757575757575757;0,08641975308641975
./audios/SP_D2_333_2030.45387_2032.99508.wav;2030,45387;2032,99508;eram três escritores nó/ três CONtos de escritores nossos;eram três escritores nó três contos de escritores nossos;2,5412099999998645;em três escritores nos três quantos escritores nossos;;[{'text': 'em', 'timestamp': (0.0, 0.16)}, {'text': 'três', 'timestamp': (0.22, 0.34)}, {'text': 'escritores', 'timestamp': (0.38, 0.7)}, {'text': 'nos', 'timestamp': (0.76, 0.9)}, {'text': 'três', 'timestamp': (0.96, 1.1)}, {'text': 'quantos', 'timestamp': (1.26, 1.5)}, {'text': 'escritores', 'timestamp': (1.54, 1.98)}, {'text': 'nossos', 'timestamp': (2.06, 2.38)}];0,4444444444444444;0,4444444444444444;0,6527777777777778;0,17857142857142858
./audios/SP_D2_333_2033.81937_2036.14802.wav;2033,81937;2036,14802;um deles era A Morte do da [Porta-Estandarte;um deles era a morte do da portaestandarte;2,3286500000001524;o deles era a morte da porta e;;[{'text': 'o', 'timestamp': (0.08, 0.1)}, {'text': 'deles', 'timestamp': (0.2, 0.44)}, {'text': 'era', 'timestamp': (0.52, 0.62)}, {'text': 'a', 'timestamp': (0.66, 0.68)}, {'text': 'morte', 'timestamp': (0.76, 0.96)}, {'text': 'da', 'timestamp': (1.04, 1.28)}, {'text': 'porta', 'timestamp': (1.4, 1.92)}, {'text': 'e', 'timestamp': (2.0, 2.02)}];0,5;0,5;0,75;0,3333333333333333
./audios/SP_D2_333_2036.78504_2037.69267.wav;2036,78504;2037,69267;de Aníbal Machado;de aníbal machado;0,9076299999999264;queria ba machado;;[{'text': 'queria', 'timestamp': (0.96, 1.22)}, {'text': 'ba', 'timestamp': (1.26, 1.36)}, {'text': 'machado', 'timestamp': (1.38, 1.74)}];0,6666666666666666;0,6666666666666666;0,8888888888888888;0,4117647058823529
./audios/SP_D2_333_2038.40404_2039.24.wav;2038,40404;2039,24;[( ) esse filme?;esse filme;0,8359600000001137;dessa sentimento;;[{'text': 'dessa', 'timestamp': (1.04, 1.34)}, {'text': 'sentimento', 'timestamp': (1.4, 1.84)}];1,0;1,0;1,0;1,0
./audios/SP_D2_333_2040.754_2041.6163.wav;2040,754;2041,6163;[muito bonito também;muito bonito também;0,8623000000000047;são muito bonitos também;;[{'text': 'são', 'timestamp': (0.98, 1.06)}, {'text': 'muito', 'timestamp': (1.12, 1.24)}, {'text': 'bonitos', 'timestamp': (1.32, 1.56)}, {'text': 'também', 'timestamp': (1.62, 1.82)}];0,6666666666666666;0,5;0,6666666666666667;0,2631578947368421
./audios/SP_D2_333_2045.40847_2050.97084.wav;2045,40847;2050,97084;[foi feito pelo [pelo::... pelo francês o:: filho [do::... o Camus;foi feito pelo pelo pelo francês o filho do o camus;5,5623699999998735;foi feito pelo pelo quem fez o polo francesa um filho do o caminho gabi;;[{'text': 'foi', 'timestamp': (0.1, 0.2)}, {'text': 'feito', 'timestamp': (0.34, 0.56)}, {'text': 'pelo', 'timestamp': (0.76, 0.96)}, {'text': 'pelo', 'timestamp': (1.3, 2.08)}, {'text': 'quem', 'timestamp': (2.3, 2.4)}, {'text': 'fez', 'timestamp': (2.5, 2.6)}, {'text': 'o', 'timestamp': (2.66, 2.68)}, {'text': 'polo', 'timestamp': (2.74, 2.88)}, {'text': 'francesa', 'timestamp': (2.92, 3.42)}, {'text': 'um', 'timestamp': (3.52, 3.62)}, {'text': 'filho', 'timestamp': (3.76, 3.96)}, {'text': 'do', 'timestamp': (4.04, 4.1)}, {'text': 'o', 'timestamp': (4.46, 4.48)}, {'text': 'caminho', 'timestamp': (4.56, 4.9)}, {'text': 'gabi', 'timestamp': (5.24, 5.4)}];0,6363636363636364;0,4666666666666667;0,6121212121212121;0,49019607843137253
./audios/SP_D2_333_2052.14617_2052.51558.wav;2052,14617;2052,51558;[(é);é;0,3694100000002436;a;;[{'text': 'a', 'timestamp': (1.1, 1.12)}];1,0;1,0;1,0;1,0
./audios/SP_D2_333_2052.51558_2053.01148.wav;2052,51558;2053,01148;parente;parente;0,4958999999998923;careta;;[{'text': 'careta', 'timestamp': (1.06, 1.36)}];1,0;1,0;1,0;0,42857142857142855
./audios/SP_D2_333_2086.90967_2097.13977.wav;2086,90967;2097,13977;Agora Helena... ah::... filme água com açúcar --digamos assim--... para a gente ver certas coisas que a gente vê:: americanas principalmente... antes A Moreninha né?;agora helena ah filme água com açúcar digamos assim para a gente ver certas coisas que a gente vê americanas principalmente antes a moreninha né;10,23010000000022;agora elena filme água com açúcar digamos assim para a gente ver certas coisas que a gente vê americanas principalmente antes a moreninha né;;[{'text': 'agora', 'timestamp': (0.12, 0.32)}, {'text': 'elena', 'timestamp': (0.4, 1.14)}, {'text': 'filme', 'timestamp': (2.04, 2.26)}, {'text': 'água', 'timestamp': (2.66, 2.82)}, {'text': 'com', 'timestamp': (2.88, 2.94)}, {'text': 'açúcar', 'timestamp': (2.96, 3.42)}, {'text': 'digamos', 'timestamp': (3.68, 3.94)}, {'text': 'assim', 'timestamp': (4.04, 4.32)}, {'text': 'para', 'timestamp': (4.94, 5.08)}, {'text': 'a', 'timestamp': (5.1, 5.12)}, {'text': 'gente', 'timestamp': (5.14, 5.28)}, {'text': 'ver', 'timestamp': (5.44, 5.6)}, {'text': 'certas', 'timestamp': (5.78, 6.02)}, {'text': 'coisas', 'timestamp': (6.1, 6.22)}, {'text': 'que', 'timestamp': (6.26, 6.32)}, {'text': 'a', 'timestamp': (6.38, 6.4)}, {'text': 'gente', 'timestamp': (6.42, 6.58)}, {'text': 'vê', 'timestamp': (6.72, 6.78)}, {'text': 'americanas', 'timestamp': (7.24, 7.8)}, {'text': 'principalmente', 'timestamp': (7.88, 8.42)}, {'text': 'antes', 'timestamp': (9.18, 9.38)}, {'text': 'a', 'timestamp': (9.48, 9.5)}, {'text': 'moreninha', 'timestamp': (9.52, 9.96)}, {'text': 'né', 'timestamp': (10.02, 10.06)}];0,08;0,08;0,11833333333333329;0,027777777777777776
./audios/SP_D2_333_2098.12419_2100.88469.wav;2098,12419;2100,88469;[A Moreninha [foi um filme LIMpo... [não é?;a moreninha foi um filme limpo não é;2,7604999999998654;agora ele era o filme limpo é;;[{'text': 'agora', 'timestamp': (0.06, 0.24)}, {'text': 'ele', 'timestamp': (0.26, 0.42)}, {'text': 'era', 'timestamp': (0.48, 0.58)}, {'text': 'o', 'timestamp': (0.78, 0.8)}, {'text': 'filme', 'timestamp': (0.88, 1.04)}, {'text': 'limpo', 'timestamp': (1.26, 1.64)}, {'text': 'é', 'timestamp': (2.52, 2.54)}];0,625;0,625;0,8392857142857143;0,4722222222222222
./audios/SP_D2_333_2101.2_2105.07921.wav;2101,2;2105,07921;um filme:: ah ah profissionalmente:: [limpo bem feito não é?;um filme ah ah profissionalmente limpo bem feito não é;3,8792100000000573;o filme profissionalmente bem feito não é;;[{'text': 'o', 'timestamp': (0.1, 0.14)}, {'text': 'filme', 'timestamp': (0.18, 0.38)}, {'text': 'profissionalmente', 'timestamp': (1.24, 1.9)}, {'text': 'bem', 'timestamp': (2.84, 2.96)}, {'text': 'feito', 'timestamp': (3.1, 3.48)}, {'text': 'não', 'timestamp': (3.62, 3.7)}, {'text': 'é', 'timestamp': (3.74, 3.76)}];0,4;0,4;0,48571428571428577;0,25925925925925924
./audios/SP_D2_333_2105.07921_2110.95073.wav;2105,07921;2110,95073;[como como paisagem como como... como TUdo... como... pesquisa de;como como paisagem como como como tudo como pesquisa de;5,871520000000146;paisagem made como como como tudo como a pesquisa;;[{'text': 'paisagem', 'timestamp': (0.7, 1.14)}, {'text': 'made', 'timestamp': (1.18, 1.7)}, {'text': 'como', 'timestamp': (1.86, 2.02)}, {'text': 'como', 'timestamp': (2.22, 2.4)}, {'text': 'como', 'timestamp': (3.38, 3.52)}, {'text': 'tudo', 'timestamp': (3.64, 3.86)}, {'text': 'como', 'timestamp': (3.98, 4.1)}, {'text': 'a', 'timestamp': (4.82, 4.84)}, {'text': 'pesquisa', 'timestamp': (4.92, 5.4)}];0,5;0,45454545454545453;0,6000000000000001;0,34545454545454546
./audios/SP_D2_333_2129.14954_2130.24.wav;2129,14954;2130,24;[a ópera rock ( ) vem aí;a ópera rock vem aí;1,0904599999998936;a pedalada via;;[{'text': 'a', 'timestamp': (0.1, 0.12)}, {'text': 'pedalada', 'timestamp': (0.16, 0.6)}, {'text': 'via', 'timestamp': (0.68, 0.84)}];0,8;0,8;0,9333333333333333;0,5789473684210527
./audios/SP_D2_333_2130.71358_2131.84.wav;2130,71358;2131,84;[já está aí o (Tomy) né?;já está aí o tomy né;1,1264200000000528;já está aí o tome né;;[{'text': 'já', 'timestamp': (0.06, 0.12)}, {'text': 'está', 'timestamp': (0.22, 0.32)}, {'text': 'aí', 'timestamp': (0.36, 0.46)}, {'text': 'o', 'timestamp': (0.56, 0.58)}, {'text': 'tome', 'timestamp': (0.68, 0.86)}, {'text': 'né', 'timestamp': (0.92, 0.98)}];0,16666666666666666;0,16666666666666666;0,30555555555555547;0,05
./audios/SP_D2_333_2145.62632_2147.0.wav;2145,62632;2147,0;acho que nós já já [estamos;acho que nós já já estamos;1,3736800000001494;acho que já vi este os;;[{'text': 'acho', 'timestamp': (0.0, 0.1)}, {'text': 'que', 'timestamp': (0.12, 0.24)}, {'text': 'já', 'timestamp': (0.48, 0.54)}, {'text': 'vi', 'timestamp': (0.72, 0.78)}, {'text': 'este', 'timestamp': (0.82, 1.02)}, {'text': 'os', 'timestamp': (1.16, 1.26)}];0,6666666666666666;0,6666666666666666;0,8888888888888888;0,3076923076923077
./audios/SP_D2_333_2147.79495_2148.16833.wav;2147,79495;2148,16833;[(e não?);e não;0,3733799999999974;se não;;[{'text': 'se', 'timestamp': (0.98, 1.04)}, {'text': 'não', 'timestamp': (1.1, 1.22)}];0,5;0,5;0,75;0,2
./audios/SP_D2_333_2247.56_2250.90658.wav;2247,56;2250,90658;[não sabe um espetáculo que não [deixou de ser interessante foi sobre Augusto dos Anjos;não sabe um espetáculo que não deixou de ser interessante foi sobre augusto dos anjos;3,3465799999999035;não sabe uma espetáculo deixou de ser interessante foi sobre agosto dos anos;;[{'text': 'não', 'timestamp': (0.08, 0.2)}, {'text': 'sabe', 'timestamp': (0.3, 0.46)}, {'text': 'uma', 'timestamp': (0.54, 0.64)}, {'text': 'espetáculo', 'timestamp': (0.66, 1.1)}, {'text': 'deixou', 'timestamp': (1.28, 1.46)}, {'text': 'de', 'timestamp': (1.5, 1.54)}, {'text': 'ser', 'timestamp': (1.58, 1.64)}, {'text': 'interessante', 'timestamp': (1.7, 2.1)}, {'text': 'foi', 'timestamp': (2.16, 2.22)}, {'text': 'sobre', 'timestamp': (2.26, 2.48)}, {'text': 'agosto', 'timestamp': (2.5, 2.72)}, {'text': 'dos', 'timestamp': (2.76, 2.86)}, {'text': 'anos', 'timestamp': (2.9, 3.18)}];0,3333333333333333;0,3333333333333333;0,4871794871794872;0,1411764705882353
./audios/SP_D2_333_2252.45973_2253.16994.wav;2252,45973;2253,16994;[Augusto dos Anjos;augusto dos anjos;0,7102100000001883;a outros anos;;[{'text': 'a', 'timestamp': (1.06, 1.08)}, {'text': 'outros', 'timestamp': (1.18, 1.42)}, {'text': 'anos', 'timestamp': (1.48, 1.66)}];1,0;1,0;1,0;0,4117647058823529
./audios/SP_D2_333_2253.16994_2253.99507.wav;2253,16994;2253,99507;foi interessante;foi interessante;0,8251299999997173;foi interessante;;[{'text': 'foi', 'timestamp': (1.08, 1.16)}, {'text': 'interessante', 'timestamp': (1.2, 1.72)}];0,0;0,0;0,0;0,0
./audios/SP_D2_333_2254.47311_2255.28.wav;2254,47311;2255,28;[(foi) interessante;foi interessante;0,8068900000002941;isto foi interessante;;[{'text': 'isto', 'timestamp': (0.96, 1.08)}, {'text': 'foi', 'timestamp': (1.12, 1.18)}, {'text': 'interessante', 'timestamp': (1.24, 1.76)}];0,5;0,3333333333333333;0,33333333333333337;0,3125
./audios/SP_D2_333_2256.45908_2256.81771.wav;2256,45908;2256,81771;foi;foi;0,3586299999997209;o;;[{'text': 'o', 'timestamp': (1.12, 1.14)}];1,0;1,0;1,0;0,6666666666666666
./audios/SP_D2_333_2449.13621_2450.60392.wav;2449,13621;2450,60392;[não tenho ido a teatro também não;não tenho ido a teatro também não;1,4677099999998973;não tem vez a teatro também não;;[{'text': 'não', 'timestamp': (0.1, 0.2)}, {'text': 'tem', 'timestamp': (0.22, 0.32)}, {'text': 'vez', 'timestamp': (0.38, 0.44)}, {'text': 'a', 'timestamp': (0.54, 0.56)}, {'text': 'teatro', 'timestamp': (0.64, 0.9)}, {'text': 'também', 'timestamp': (0.98, 1.18)}, {'text': 'não', 'timestamp': (1.26, 1.38)}];0,2857142857142857;0,2857142857142857;0,4897959183673469;0,18181818181818182
./audios/SP_D2_333_2450.86627_2451.35281.wav;2450,86627;2451,35281;não tenho ido;não tenho ido;0,4865399999998772;não veio;;[{'text': 'não', 'timestamp': (1.04, 1.14)}, {'text': 'veio', 'timestamp': (1.22, 1.46)}];0,6666666666666666;0,6666666666666666;0,8333333333333334;0,46153846153846156
./audios/SP_D2_333_2451.35281_2454.04.wav;2451,35281;2454,04;também o... o prô/ o problema é o mesmo né?;também o o prô o problema é o mesmo né;2,6871900000001006;também o o o problema é o mesmo né;;[{'text': 'também', 'timestamp': (0.06, 0.28)}, {'text': 'o', 'timestamp': (0.36, 0.38)}, {'text': 'o', 'timestamp': (1.28, 1.3)}, {'text': 'o', 'timestamp': (1.44, 1.46)}, {'text': 'problema', 'timestamp': (1.6, 1.9)}, {'text': 'é', 'timestamp': (1.94, 1.96)}, {'text': 'o', 'timestamp': (2.0, 2.04)}, {'text': 'mesmo', 'timestamp': (2.1, 2.38)}, {'text': 'né', 'timestamp': (2.46, 2.52)}];0,1;0,1;0,09999999999999998;0,10526315789473684
./audios/SP_D2_333_2459.49533_2460.82833.wav;2459,49533;2460,82833;não tenho ido quase a teatro não;não tenho ido quase a teatro não;1,332999999999629;tem vido quase ao teatro no;;[{'text': 'tem', 'timestamp': (0.04, 0.14)}, {'text': 'vido', 'timestamp': (0.2, 0.32)}, {'text': 'quase', 'timestamp': (0.4, 0.58)}, {'text': 'ao', 'timestamp': (0.6, 0.68)}, {'text': 'teatro', 'timestamp': (0.72, 1.0)}, {'text': 'no', 'timestamp': (1.08, 1.24)}];0,7142857142857143;0,7142857142857143;0,9047619047619048;0,3125
./audios/SP_D2_333_2467.28077_2469.1401.wav;2467,28077;2469,1401;(eu) já três vezes assaltada na rua né?;eu já três vezes assaltada na rua né;1,8593300000002273;eu dizia três vezes a dada na rua né;;[{'text': 'eu', 'timestamp': (0.06, 0.1)}, {'text': 'dizia', 'timestamp': (0.14, 0.28)}, {'text': 'três', 'timestamp': (0.32, 0.52)}, {'text': 'vezes', 'timestamp': (0.6, 0.86)}, {'text': 'a', 'timestamp': (0.9, 0.92)}, {'text': 'dada', 'timestamp': (1.06, 1.2)}, {'text': 'na', 'timestamp': (1.26, 1.3)}, {'text': 'rua', 'timestamp': (1.4, 1.56)}, {'text': 'né', 'timestamp': (1.62, 1.68)}];0,375;0,3333333333333333;0,5;0,2777777777777778
./audios/SP_D2_333_2469.34571_2471.3769.wav;2469,34571;2471,3769;[não não dá vontade nem de sair mais né?;não não dá vontade nem de sair mais né;2,0311900000001515;não da vontade nem de sair mais né;;[{'text': 'não', 'timestamp': (0.36, 0.46)}, {'text': 'da', 'timestamp': (0.5, 0.56)}, {'text': 'vontade', 'timestamp': (0.68, 1.02)}, {'text': 'nem', 'timestamp': (1.12, 1.24)}, {'text': 'de', 'timestamp': (1.28, 1.34)}, {'text': 'sair', 'timestamp': (1.4, 1.58)}, {'text': 'mais', 'timestamp': (1.66, 1.82)}, {'text': 'né', 'timestamp': (1.86, 1.98)}];0,2222222222222222;0,2222222222222222;0,3194444444444444;0,13157894736842105
./audios/SP_D2_333_2477.56592_2477.88138.wav;2477,56592;2477,88138;[é;é;0,3154599999998027;a;;[{'text': 'a', 'timestamp': (1.04, 1.06)}];1,0;1,0;1,0;1,0
./audios/SP_D2_333_2658.81142_2662.95329.wav;2658,81142;2662,95329;[(e) de certa maneira preservando... a nossa [nacionalidade;e de certa maneira preservando a nossa nacionalidade;4,141869999999926;de certa maneira preservando a nossa nacionalidade a nossa;;[{'text': 'de', 'timestamp': (0.02, 0.22)}, {'text': 'certa', 'timestamp': (0.34, 0.56)}, {'text': 'maneira', 'timestamp': (0.64, 0.92)}, {'text': 'preservando', 'timestamp': (1.06, 1.92)}, {'text': 'a', 'timestamp': (2.9, 2.92)}, {'text': 'nossa', 'timestamp': (2.96, 3.16)}, {'text': 'nacionalidade', 'timestamp': (3.22, 3.76)}, {'text': 'a', 'timestamp': (3.82, 3.84)}, {'text': 'nossa', 'timestamp': (3.88, 4.06)}];0,375;0,3;0,3194444444444444;0,19230769230769232
./audios/SP_D2_333_2664.39751_2669.14923.wav;2664,39751;2669,14923;[e o nosso sentimento... a nossa maneira de ser... de falar...;e o nosso sentimento a nossa maneira de ser de falar;4,751720000000205;que é o nosso sentimento a nossa maneira de ser de falar;;[{'text': 'que', 'timestamp': (0.0, 0.08)}, {'text': 'é', 'timestamp': (0.14, 0.16)}, {'text': 'o', 'timestamp': (0.2, 0.22)}, {'text': 'nosso', 'timestamp': (0.3, 0.5)}, {'text': 'sentimento', 'timestamp': (0.6, 1.28)}, {'text': 'a', 'timestamp': (1.68, 1.7)}, {'text': 'nossa', 'timestamp': (1.74, 1.96)}, {'text': 'maneira', 'timestamp': (2.04, 2.34)}, {'text': 'de', 'timestamp': (2.4, 2.44)}, {'text': 'ser', 'timestamp': (2.58, 2.74)}, {'text': 'de', 'timestamp': (3.92, 3.98)}, {'text': 'falar', 'timestamp': (4.04, 4.3)}];0,18181818181818182;0,16666666666666666;0,24242424242424243;0,07692307692307693
./audios/SP_D2_333_2670.05638_2670.39596.wav;2670,05638;2670,39596;[éh...;eh;0,3395799999998417;anos;;[{'text': 'anos', 'timestamp': (1.18, 1.34)}];1,0;1,0;1,0;2,0
./audios/SP_D2_333_2671.19031_2672.08.wav;2671,19031;2672,08;a nossa música;a nossa música;0,8896899999999732;a nossa música;;[{'text': 'a', 'timestamp': (1.02, 1.04)}, {'text': 'nossa', 'timestamp': (1.08, 1.32)}, {'text': 'música', 'timestamp': (1.42, 1.8)}];0,0;0,0;0,0;0,0
./audios/SP_D2_333_2693.18417_2693.97617.wav;2693,18417;2693,97617;[(exatamente);exatamente;0,7919999999999163;eu acho que o;;[{'text': 'eu', 'timestamp': (0.98, 1.04)}, {'text': 'acho', 'timestamp': (1.14, 1.38)}, {'text': 'que', 'timestamp': (1.48, 1.56)}, {'text': 'o', 'timestamp': (1.66, 1.68)}];4,0;1,0;1,0;1,0
./audios/SP_D2_333_2723.81054_2729.21625.wav;2723,81054;2729,21625;ontem ontem... o Jornal da Globo deu uma cara de homem impressionante;ontem ontem o jornal da globo deu uma cara de homem impressionante;5,405709999999999;o ontem ontem o jornal da globo de uma cara de homem impressionante;;[{'text': 'o', 'timestamp': (0.26, 0.28)}, {'text': 'ontem', 'timestamp': (0.38, 0.6)}, {'text': 'ontem', 'timestamp': (0.8, 1.1)}, {'text': 'o', 'timestamp': (1.92, 1.94)}, {'text': 'jornal', 'timestamp': (2.0, 2.28)}, {'text': 'da', 'timestamp': (2.34, 2.4)}, {'text': 'globo', 'timestamp': (2.48, 2.78)}, {'text': 'de', 'timestamp': (3.0, 3.04)}, {'text': 'uma', 'timestamp': (3.34, 3.4)}, {'text': 'cara', 'timestamp': (3.6, 3.78)}, {'text': 'de', 'timestamp': (3.9, 3.94)}, {'text': 'homem', 'timestamp': (4.02, 4.26)}, {'text': 'impressionante', 'timestamp': (4.38, 5.08)}];0,16666666666666666;0,15384615384615385;0,22435897435897445;0,045454545454545456
./audios/SP_D2_333_2729.70992_2729.92985.wav;2729,70992;2729,92985;é;é;0,21993000000020402;é;;[{'text': 'é', 'timestamp': (1.04, 1.06)}];0,0;0,0;0,0;0,0
./audios/SP_D2_333_2729.92985_2730.81235.wav;2729,92985;2730,81235;os migrantes né?;os migrantes né;0,8825000000001637;os migrantes né;;[{'text': 'os', 'timestamp': (1.04, 1.08)}, {'text': 'migrantes', 'timestamp': (1.18, 1.58)}, {'text': 'né', 'timestamp': (1.64, 1.68)}];0,0;0,0;0,0;0,0
./audios/SP_D2_333_2731.70153_2733.37196.wav;2731,70153;2733,37196;[os baianos agora pela seca né?;os baianos agora pela seca né;1,670430000000124;baianos agora pela secara;;[{'text': 'baianos', 'timestamp': (0.02, 0.44)}, {'text': 'agora', 'timestamp': (0.5, 0.72)}, {'text': 'pela', 'timestamp': (0.8, 0.94)}, {'text': 'secara', 'timestamp': (1.08, 1.46)}];0,5;0,5;0,625;0,20689655172413793
./audios/SP_D2_333_2733.8119_2734.72171.wav;2733,8119;2734,72171;coisa impressionante;coisa impressionante;0,9098099999996521;pois o pensionista;;[{'text': 'pois', 'timestamp': (1.0, 1.2)}, {'text': 'o', 'timestamp': (1.28, 1.3)}, {'text': 'pensionista', 'timestamp': (1.38, 1.9)}];1,5;1,0;1,0;0,45
./audios/SP_D2_333_2734.72171_2735.80831.wav;2734,72171;2735,80831;uma cara patética;uma cara patética;1,0866000000000895;uma cara patética sim;;[{'text': 'uma', 'timestamp': (0.06, 0.18)}, {'text': 'cara', 'timestamp': (0.22, 0.38)}, {'text': 'patética', 'timestamp': (0.4, 0.9)}, {'text': 'sim', 'timestamp': (0.98, 1.06)}];0,3333333333333333;0,25;0,25;0,23529411764705882
./audios/SP_D2_333_2750.62962_2751.84515.wav;2750,62962;2751,84515;[em dois minutos;em dois minutos;1,2155299999999443;maslinúteis;;[{'text': 'maslinúteis', 'timestamp': (0.18, 1.04)}];1,0;1,0;1,0;0,6666666666666666
./audios/SP_D2_333_2802.30076_2809.02312.wav;2802,30076;2809,02312;mas o que eu [acho de (suma) importância é que se faça hoje um jornalismo... (com) todas as suas formas... que se faça um jornalismo VERtical;mas o que eu acho de suma importância é que se faça hoje um jornalismo com todas as suas formas que se faça um jornalismo vertical;6,722359999999753;mas o que se trama porcento é que se faça hoje o jornalismo com todas as suas formas e se faça o jornalismo vertical;;[{'text': 'mas', 'timestamp': (0.04, 0.14)}, {'text': 'o', 'timestamp': (0.22, 0.24)}, {'text': 'que', 'timestamp': (0.28, 0.42)}, {'text': 'se', 'timestamp': (0.54, 0.64)}, {'text': 'trama', 'timestamp': (0.74, 1.02)}, {'text': 'porcento', 'timestamp': (1.08, 1.46)}, {'text': 'é', 'timestamp': (1.58, 1.6)}, {'text': 'que', 'timestamp': (1.64, 1.7)}, {'text': 'se', 'timestamp': (1.78, 1.82)}, {'text': 'faça', 'timestamp': (1.94, 2.14)}, {'text': 'hoje', 'timestamp': (2.26, 2.4)}, {'text': 'o', 'timestamp': (2.42, 2.44)}, {'text': 'jornalismo', 'timestamp': (2.5, 2.98)}, {'text': 'com', 'timestamp': (3.08, 3.16)}, {'text': 'todas', 'timestamp': (3.36, 3.58)}, {'text': 'as', 'timestamp': (3.66, 3.7)}, {'text': 'suas', 'timestamp': (3.78, 3.94)}, {'text': 'formas', 'timestamp': (4.06, 4.42)}, {'text': 'e', 'timestamp': (4.94, 4.96)}, {'text': 'se', 'timestamp': (5.02, 5.08)}, {'text': 'faça', 'timestamp': (5.12, 5.26)}, {'text': 'o', 'timestamp': (5.3, 5.32)}, {'text': 'jornalismo', 'timestamp': (5.38, 5.84)}, {'text': 'vertical', 'timestamp': (5.98, 6.56)}];0,3076923076923077;0,3076923076923077;0,48076923076923084;0,19230769230769232
./audios/SP_D2_333_2809.44031_2811.63767.wav;2809,44031;2811,63767;[isto é indo às causas indo às fontes;isto é indo às causas indo às fontes;2,197360000000117;isto é indo as causas indo as fontes;;[{'text': 'isto', 'timestamp': (0.04, 0.18)}, {'text': 'é', 'timestamp': (0.26, 0.28)}, {'text': 'indo', 'timestamp': (0.4, 0.6)}, {'text': 'as', 'timestamp': (0.66, 0.74)}, {'text': 'causas', 'timestamp': (0.88, 1.2)}, {'text': 'indo', 'timestamp': (1.26, 1.38)}, {'text': 'as', 'timestamp': (1.42, 1.46)}, {'text': 'fontes', 'timestamp': (1.58, 2.0)}];0,25;0,25;0,4375;0,05555555555555555
./audios/SP_D2_333_2812.03501_2818.65364.wav;2812,03501;2818,65364;e não apenas essa coisa que que justamente... esse sistema da da aGÊNcia... é que é que [torna ( );e não apenas essa coisa que que justamente esse sistema da da agência é que é que torna;6,618629999999939;e não é apenas essa coisa sobre que que justamente esse sistema da agência da agência que é aqui toco possível;;[{'text': 'e', 'timestamp': (0.04, 0.06)}, {'text': 'não', 'timestamp': (0.1, 0.16)}, {'text': 'é', 'timestamp': (0.18, 0.2)}, {'text': 'apenas', 'timestamp': (0.3, 0.54)}, {'text': 'essa', 'timestamp': (0.6, 0.76)}, {'text': 'coisa', 'timestamp': (0.84, 1.0)}, {'text': 'sobre', 'timestamp': (1.02, 1.16)}, {'text': 'que', 'timestamp': (1.18, 1.34)}, {'text': 'que', 'timestamp': (1.46, 1.54)}, {'text': 'justamente', 'timestamp': (1.7, 2.1)}, {'text': 'esse', 'timestamp': (2.64, 2.78)}, {'text': 'sistema', 'timestamp': (2.86, 3.26)}, {'text': 'da', 'timestamp': (3.4, 3.64)}, {'text': 'agência', 'timestamp': (3.72, 4.3)}, {'text': 'da', 'timestamp': (4.52, 4.58)}, {'text': 'agência', 'timestamp': (4.62, 4.9)}, {'text': 'que', 'timestamp': (5.18, 5.28)}, {'text': 'é', 'timestamp': (5.44, 5.46)}, {'text': 'aqui', 'timestamp': (5.54, 5.66)}, {'text': 'toco', 'timestamp': (5.76, 6.04)}, {'text': 'possível', 'timestamp': (6.06, 6.5)}];0,3888888888888889;0,3181818181818182;0,40476190476190477;0,3563218390804598
./audios/SP_D2_333_2818.65364_2820.92.wav;2818,65364;2820,92;superficial [completamente... [não é?;superficial completamente não é;2,266360000000077;superficial completamente a;;[{'text': 'superficial', 'timestamp': (0.08, 0.68)}, {'text': 'completamente', 'timestamp': (0.8, 1.4)}, {'text': 'a', 'timestamp': (2.04, 2.06)}];0,5;0,5;0,6666666666666667;0,16129032258064516
./audios/SP_D2_333_2820.92_2822.56344.wav;2820,92;2822,56344;então não vai nunca às causas;então não vai nunca às causas;1,6434399999998277;então não vai nunca as causas;;[{'text': 'então', 'timestamp': (0.14, 0.34)}, {'text': 'não', 'timestamp': (0.44, 0.52)}, {'text': 'vai', 'timestamp': (0.6, 0.7)}, {'text': 'nunca', 'timestamp': (0.8, 0.98)}, {'text': 'as', 'timestamp': (1.06, 1.12)}, {'text': 'causas', 'timestamp': (1.22, 1.56)}];0,16666666666666666;0,16666666666666666;0,30555555555555547;0,034482758620689655
./audios/SP_D2_333_2822.56344_2826.60713.wav;2822,56344;2826,60713;[não não há um não há um... [um debate mais [profundo... [uma::;não não há um não há um um debate mais profundo uma;4,04368999999997;não há não há um debate mais profundo não a gente tá se fazendo;;[{'text': 'não', 'timestamp': (0.2, 0.3)}, {'text': 'há', 'timestamp': (0.34, 0.4)}, {'text': 'não', 'timestamp': (0.68, 0.76)}, {'text': 'há', 'timestamp': (0.8, 0.86)}, {'text': 'um', 'timestamp': (0.94, 1.0)}, {'text': 'debate', 'timestamp': (1.52, 1.94)}, {'text': 'mais', 'timestamp': (1.96, 2.08)}, {'text': 'profundo', 'timestamp': (2.16, 2.58)}, {'text': 'não', 'timestamp': (2.6, 2.66)}, {'text': 'a', 'timestamp': (2.74, 2.76)}, {'text': 'gente', 'timestamp': (2.78, 2.92)}, {'text': 'tá', 'timestamp': (3.02, 3.06)}, {'text': 'se', 'timestamp': (3.18, 3.24)}, {'text': 'fazendo', 'timestamp': (3.34, 3.6)}];0,75;0,5294117647058824;0,6190476190476191;0,6666666666666666
./audios/SP_D2_333_2826.60713_2826.92104.wav;2826,60713;2826,92104;é;é;0,31391000000030544;a época;;[{'text': 'a', 'timestamp': (1.0, 1.02)}, {'text': 'época', 'timestamp': (1.1, 1.4)}];2,0;1,0;1,0;6,0
./audios/SP_D2_333_2845.83597_2846.92249.wav;2845,83597;2846,92249;isso é [muito importante;isso é muito importante;1,0865199999998367;isso é muito importante está;;[{'text': 'isso', 'timestamp': (0.08, 0.2)}, {'text': 'é', 'timestamp': (0.22, 0.24)}, {'text': 'muito', 'timestamp': (0.3, 0.42)}, {'text': 'importante', 'timestamp': (0.46, 0.82)}, {'text': 'está', 'timestamp': (0.92, 1.06)}];0,25;0,2;0,19999999999999996;0,21739130434782608
./audios/SP_D2_333_2864.92706_2865.30428.wav;2864,92706;2865,30428;é;é;0,377219999999852;é;;[{'text': 'é', 'timestamp': (1.08, 1.1)}];0,0;0,0;0,0;0,0
./audios/SP_D2_333_2877.21668_2878.8084.wav;2877,21668;2878,8084;[nós estamos exportando cachorros não é?;nós estamos exportando cachorros não é;1,5917199999998957;a cidade se matando e so;;[{'text': 'a', 'timestamp': (0.04, 0.08)}, {'text': 'cidade', 'timestamp': (0.22, 0.42)}, {'text': 'se', 'timestamp': (0.44, 0.52)}, {'text': 'matando', 'timestamp': (0.56, 0.92)}, {'text': 'e', 'timestamp': (0.98, 1.0)}, {'text': 'so', 'timestamp': (1.1, 1.34)}];1,0;1,0;1,0;0,7105263157894737
./audios/SP_D2_333_2898.25956_2899.27861.wav;2898,25956;2899,27861;hum mastim;uh mastim;1,0190499999998792;as tio;;[{'text': 'as', 'timestamp': (0.54, 0.62)}, {'text': 'tio', 'timestamp': (0.68, 0.88)}];1,0;1,0;1,0;0,6666666666666666
./audios/SP_D2_333_3018.87393_3019.91278.wav;3018,87393;3019,91278;[(é que) ele é uma boa pessoa;é que ele é uma boa pessoa;1,0388499999999112;que era uma boa pessoa;;[{'text': 'que', 'timestamp': (0.16, 0.22)}, {'text': 'era', 'timestamp': (0.24, 0.34)}, {'text': 'uma', 'timestamp': (0.36, 0.44)}, {'text': 'boa', 'timestamp': (0.5, 0.62)}, {'text': 'pessoa', 'timestamp': (0.68, 0.98)}];0,42857142857142855;0,42857142857142855;0,5428571428571429;0,23076923076923078
./audios/SP_D2_333_3020.18617_3022.16651.wav;3020,18617;3022,16651;[apenas eu lamento [que não haja;apenas eu lamento que não haja;1,9803400000000693;apenas eu lamento não haja;;[{'text': 'apenas', 'timestamp': (0.04, 0.52)}, {'text': 'eu', 'timestamp': (0.64, 0.7)}, {'text': 'lamento', 'timestamp': (0.76, 1.18)}, {'text': 'não', 'timestamp': (1.4, 1.52)}, {'text': 'haja', 'timestamp': (1.58, 1.82)}];0,16666666666666666;0,16666666666666666;0,16666666666666663;0,13333333333333333
./audios/SP_D2_333_3022.16651_3022.93967.wav;3022,16651;3022,93967;( ) [(acaba);acaba;0,773160000000189;a lugar acaba;;[{'text': 'a', 'timestamp': (1.02, 1.06)}, {'text': 'lugar', 'timestamp': (1.08, 1.28)}, {'text': 'acaba', 'timestamp': (1.36, 1.62)}];2,0;0,6666666666666666;0,6666666666666667;1,6
./audios/SP_D2_333_3023.49607_3024.7556.wav;3023,49607;3024,7556;[depois eu tenho [( );depois eu tenho;1,2595299999998133;só que veio;;[{'text': 'só', 'timestamp': (0.82, 0.88)}, {'text': 'que', 'timestamp': (0.98, 1.04)}, {'text': 'veio', 'timestamp': (1.12, 1.22)}];1,0;1,0;1,0;0,7333333333333333
./audios/SP_D2_333_3048.40754_3048.65783.wav;3048,40754;3048,65783;não;não;0,25028999999994994;não;;[{'text': 'não', 'timestamp': (1.02, 1.16)}];0,0;0,0;0,0;0,0
./audios/SP_D2_333_3048.77103_3049.36727.wav;3048,77103;3049,36727;[não é Baú;não é baú;0,5962400000003072;não é baú;;[{'text': 'não', 'timestamp': (1.04, 1.14)}, {'text': 'é', 'timestamp': (1.2, 1.22)}, {'text': 'baú', 'timestamp': (1.3, 1.46)}];0,0;0,0;0,0;0,0
./audios/SP_D2_333_3049.36727_3049.65879.wav;3049,36727;3049,65879;[não;não;0,29151999999976397;não;;[{'text': 'não', 'timestamp': (1.08, 1.2)}];0,0;0,0;0,0;0,0
./audios/SP_D2_333_3050.28314_3050.6.wav;3050,28314;3050,6;[não;não;0,316859999999906;idade;;[{'text': 'idade', 'timestamp': (1.02, 1.3)}];1,0;1,0;1,0;1,6666666666666667
./audios/SP_D2_333_3052.02789_3053.37344.wav;3052,02789;3053,37344;[o Baú ele é honesto;o baú ele é honesto;1,345550000000003;paul era é honesto;;[{'text': 'paul', 'timestamp': (0.12, 0.32)}, {'text': 'era', 'timestamp': (0.38, 0.5)}, {'text': 'é', 'timestamp': (0.68, 0.7)}, {'text': 'honesto', 'timestamp': (0.72, 1.16)}];0,6;0,6;0,8;0,3684210526315789
./audios/SP_D2_333_3054.18633_3054.98077.wav;3054,18633;3054,98077;[é mais ou menos;é mais ou menos;0,7944400000001224;e vai no meio;;[{'text': 'e', 'timestamp': (1.16, 1.18)}, {'text': 'vai', 'timestamp': (1.3, 1.44)}, {'text': 'no', 'timestamp': (1.5, 1.54)}, {'text': 'meio', 'timestamp': (1.62, 1.82)}];1,0;1,0;1,0;0,4666666666666667
./audios/SP_D2_333_3054.98077_3055.57642.wav;3054,98077;3055,57642;não [( );não;0,5956499999997504;não eles depois;;[{'text': 'não', 'timestamp': (1.04, 1.18)}, {'text': 'eles', 'timestamp': (1.28, 1.44)}, {'text': 'depois', 'timestamp': (1.46, 1.98)}];2,0;0,6666666666666666;0,6666666666666667;4,0
./audios/SP_D2_333_3058.45058_3059.01.wav;3058,45058;3059,01;[é mas;é mas;0,5594200000000455;essa tira;;[{'text': 'essa', 'timestamp': (1.1, 1.32)}, {'text': 'tira', 'timestamp': (1.4, 1.74)}];1,0;1,0;1,0;1,6
./audios/SP_D2_333_3059.85608_3061.66625.wav;3059,85608;3061,66625;[é ele tira dinheiro [mas parece é ( );é ele tira dinheiro mas parece é;1,8101700000001983;e ele tinha vi nos parece a;;[{'text': 'e', 'timestamp': (0.06, 0.08)}, {'text': 'ele', 'timestamp': (0.18, 0.28)}, {'text': 'tinha', 'timestamp': (0.38, 0.54)}, {'text': 'vi', 'timestamp': (0.56, 0.68)}, {'text': 'nos', 'timestamp': (0.78, 0.86)}, {'text': 'parece', 'timestamp': (0.92, 1.38)}, {'text': 'a', 'timestamp': (1.58, 1.6)}];0,7142857142857143;0,7142857142857143;0,9183673469387755;0,40625
./audios/SP_D2_333_3062.09517_3064.15251.wav;3062,09517;3064,15251;[tenho ouvido dizer que não é ( );tenho ouvido dizer que não é;2,05733999999984;tem ouvido em laço né ou não não isso é;;[{'text': 'tem', 'timestamp': (0.06, 0.14)}, {'text': 'ouvido', 'timestamp': (0.16, 0.36)}, {'text': 'em', 'timestamp': (0.62, 0.7)}, {'text': 'laço', 'timestamp': (0.78, 1.04)}, {'text': 'né', 'timestamp': (1.1, 1.16)}, {'text': 'ou', 'timestamp': (1.36, 1.4)}, {'text': 'não', 'timestamp': (1.48, 1.56)}, {'text': 'não', 'timestamp': (1.62, 1.7)}, {'text': 'isso', 'timestamp': (1.82, 1.92)}, {'text': 'é', 'timestamp': (1.94, 1.96)}];1,1666666666666667;0,7;0,85;0,8214285714285714
./audios/SP_D2_333_3064.15251_3067.53225.wav;3064,15251;3067,53225;não não é isso não me interessa aí nesse ponto a economia popular não interessa tanto;não não é isso não me interessa aí nesse ponto a economia popular não interessa tanto;3,379740000000311;não não é isso não me interessa aí nesse ponto a economia para não interessa tanto;;[{'text': 'não', 'timestamp': (0.04, 0.16)}, {'text': 'não', 'timestamp': (0.28, 0.36)}, {'text': 'é', 'timestamp': (0.44, 0.46)}, {'text': 'isso', 'timestamp': (0.56, 0.68)}, {'text': 'não', 'timestamp': (0.8, 0.88)}, {'text': 'me', 'timestamp': (0.9, 0.94)}, {'text': 'interessa', 'timestamp': (0.98, 1.28)}, {'text': 'aí', 'timestamp': (1.32, 1.44)}, {'text': 'nesse', 'timestamp': (1.58, 1.74)}, {'text': 'ponto', 'timestamp': (1.82, 1.96)}, {'text': 'a', 'timestamp': (1.98, 2.0)}, {'text': 'economia', 'timestamp': (2.06, 2.3)}, {'text': 'para', 'timestamp': (2.38, 2.54)}, {'text': 'não', 'timestamp': (2.6, 2.68)}, {'text': 'interessa', 'timestamp': (2.72, 3.02)}, {'text': 'tanto', 'timestamp': (3.1, 3.26)}];0,0625;0,0625;0,12109375;0,058823529411764705
./audios/SP_D2_333_3067.90512_3070.39138.wav;3067,90512;3070,39138;o que me revolta profundamente é o programa Cinderela;o que me revolta profundamente é o programa cinderela;2,4862600000001294;o que me revolta profundamente é o programa cinderela;;[{'text': 'o', 'timestamp': (0.02, 0.04)}, {'text': 'que', 'timestamp': (0.08, 0.16)}, {'text': 'me', 'timestamp': (0.2, 0.26)}, {'text': 'revolta', 'timestamp': (0.34, 0.6)}, {'text': 'profundamente', 'timestamp': (0.7, 1.32)}, {'text': 'é', 'timestamp': (1.44, 1.46)}, {'text': 'o', 'timestamp': (1.5, 1.52)}, {'text': 'programa', 'timestamp': (1.56, 1.82)}, {'text': 'cinderela', 'timestamp': (1.94, 2.38)}];0,0;0,0;0,0;0,0
./audios/SP_D2_333_3071.09795_3073.83866.wav;3071,09795;3073,83866;[aquele aquele programa aquilo é abaixo da crítica;aquele aquele programa aquilo é abaixo da crítica;2,7407100000000355;aquele programa que é basta crítica;;[{'text': 'aquele', 'timestamp': (0.08, 0.86)}, {'text': 'programa', 'timestamp': (0.98, 1.34)}, {'text': 'que', 'timestamp': (1.5, 1.66)}, {'text': 'é', 'timestamp': (1.72, 1.74)}, {'text': 'basta', 'timestamp': (1.92, 2.18)}, {'text': 'crítica', 'timestamp': (2.32, 2.64)}];0,5;0,5;0,6666666666666667;0,3469387755102041
./audios/SP_D2_333_3074.06402_3079.68479.wav;3074,06402;3079,68479;eu não posso [compreender como é que as autoridades... como é que o Ministério da Educação não não interveio [não interveio ainda;eu não posso compreender como é que as autoridades como é que o ministério da educação não não interveio não interveio ainda;5,620769999999993;eu não posso compreender como as autoridades como é que o ministério da educação não intervem interveio ainda;;[{'text': 'eu', 'timestamp': (0.04, 0.1)}, {'text': 'não', 'timestamp': (0.14, 0.22)}, {'text': 'posso', 'timestamp': (0.32, 0.5)}, {'text': 'compreender', 'timestamp': (0.58, 0.96)}, {'text': 'como', 'timestamp': (1.04, 1.14)}, {'text': 'as', 'timestamp': (1.28, 1.34)}, {'text': 'autoridades', 'timestamp': (1.38, 1.96)}, {'text': 'como', 'timestamp': (2.38, 2.46)}, {'text': 'é', 'timestamp': (2.5, 2.52)}, {'text': 'que', 'timestamp': (2.56, 2.62)}, {'text': 'o', 'timestamp': (2.64, 2.66)}, {'text': 'ministério', 'timestamp': (2.74, 3.12)}, {'text': 'da', 'timestamp': (3.14, 3.2)}, {'text': 'educação', 'timestamp': (3.22, 3.66)}, {'text': 'não', 'timestamp': (3.86, 4.2)}, {'text': 'intervem', 'timestamp': (4.26, 4.86)}, {'text': 'interveio', 'timestamp': (4.9, 5.22)}, {'text': 'ainda', 'timestamp': (5.28, 5.52)}];0,22727272727272727;0,22727272727272727;0,2702020202020202;0,12903225806451613
./audios/SP_D2_333_3080.27108_3083.76123.wav;3080,27108;3083,76123;[porque aquilo é uma coisa que não tem não tem:: não tem classificação;porque aquilo é uma coisa que não tem não tem não tem classificação;3,490150000000085;porque aquilo é uma coisa que não tem classificação;;[{'text': 'porque', 'timestamp': (0.04, 0.24)}, {'text': 'aquilo', 'timestamp': (0.34, 0.62)}, {'text': 'é', 'timestamp': (0.68, 0.7)}, {'text': 'uma', 'timestamp': (0.76, 0.84)}, {'text': 'coisa', 'timestamp': (0.92, 1.08)}, {'text': 'que', 'timestamp': (1.14, 1.44)}, {'text': 'não', 'timestamp': (2.14, 2.54)}, {'text': 'tem', 'timestamp': (2.62, 2.68)}, {'text': 'classificação', 'timestamp': (2.78, 3.38)}];0,3076923076923077;0,3076923076923077;0,3076923076923077;0,23880597014925373
./audios/SP_D2_333_3087.00637_3088.04676.wav;3087,00637;3088,04676;[é uma coisa horrível;é uma coisa horrível;1,0403900000001158;e a mãe o jato;;[{'text': 'e', 'timestamp': (0.18, 0.22)}, {'text': 'a', 'timestamp': (0.24, 0.26)}, {'text': 'mãe', 'timestamp': (0.34, 0.44)}, {'text': 'o', 'timestamp': (0.62, 0.64)}, {'text': 'jato', 'timestamp': (0.7, 0.94)}];1,25;1,0;1,0;0,75
./audios/SP_D2_333_3088.04676_3089.83356.wav;3088,04676;3089,83356;é a exposição da [desgraça;é a exposição da desgraça;1,7867999999998574;ante a posição da desgraça;;[{'text': 'ante', 'timestamp': (0.02, 0.16)}, {'text': 'a', 'timestamp': (0.26, 0.28)}, {'text': 'posição', 'timestamp': (0.3, 0.82)}, {'text': 'da', 'timestamp': (0.92, 0.98)}, {'text': 'desgraça', 'timestamp': (1.06, 1.5)}];0,4;0,4;0,64;0,24
./audios/SP_D2_333_3090.62788_3091.46752.wav;3090,62788;3091,46752;[(Deus);deus;0,8396400000001449;para escrever;;[{'text': 'para', 'timestamp': (0.96, 1.06)}, {'text': 'escrever', 'timestamp': (1.16, 1.74)}];2,0;1,0;1,0;3,0
./audios/SP_D2_333_3118.56529_3119.42285.wav;3118,56529;3119,42285;[mais miseráveis;mais miseráveis;0,8575599999999213;as vezes era certo;;[{'text': 'as', 'timestamp': (1.16, 1.22)}, {'text': 'vezes', 'timestamp': (1.3, 1.48)}, {'text': 'era', 'timestamp': (1.5, 1.6)}, {'text': 'certo', 'timestamp': (1.7, 1.94)}];2,0;1,0;1,0;0,8666666666666667
./audios/SP_D2_333_3119.75611_3125.32294.wav;3119,75611;3125,32294;não além [do mais... ficam as outras duas ali... aquela recebendo TUdo e as outras duas ali não recebendo [nada;não além do mais ficam as outras duas ali aquela recebendo tudo e as outras duas ali não recebendo nada;5,566830000000209;não além demais ficam as outras duas ali aquela recebendo tudo e as outras duas ali não recebendo nada;;[{'text': 'não', 'timestamp': (0.04, 0.14)}, {'text': 'além', 'timestamp': (0.26, 0.46)}, {'text': 'demais', 'timestamp': (0.54, 0.96)}, {'text': 'ficam', 'timestamp': (1.1, 1.28)}, {'text': 'as', 'timestamp': (1.38, 1.44)}, {'text': 'outras', 'timestamp': (1.52, 1.76)}, {'text': 'duas', 'timestamp': (1.88, 2.14)}, {'text': 'ali', 'timestamp': (2.22, 2.36)}, {'text': 'aquela', 'timestamp': (2.66, 2.94)}, {'text': 'recebendo', 'timestamp': (3.02, 3.34)}, {'text': 'tudo', 'timestamp': (3.54, 3.72)}, {'text': 'e', 'timestamp': (3.96, 3.98)}, {'text': 'as', 'timestamp': (4.04, 4.1)}, {'text': 'outras', 'timestamp': (4.16, 4.36)}, {'text': 'duas', 'timestamp': (4.46, 4.64)}, {'text': 'ali', 'timestamp': (4.74, 4.84)}, {'text': 'não', 'timestamp': (4.94, 5.04)}, {'text': 'recebendo', 'timestamp': (5.06, 5.32)}, {'text': 'nada', 'timestamp': (5.36, 5.5)}];0,1;0,1;0,1473684210526316;0,019417475728155338
./audios/SP_D2_333_3125.5905_3130.84269.wav;3125,5905;3130,84269;[e TOdas as outras miLHAres de crianças... também tendo o mesmo sentimento de frustração;e todas as outras milhares de crianças também tendo o mesmo sentimento de frustração;5,252190000000155;e todas as outras milhares de crianças também têm o mesmo sentimento de frustração;;[{'text': 'e', 'timestamp': (0.06, 0.08)}, {'text': 'todas', 'timestamp': (0.26, 0.54)}, {'text': 'as', 'timestamp': (0.62, 0.7)}, {'text': 'outras', 'timestamp': (0.78, 1.02)}, {'text': 'milhares', 'timestamp': (1.12, 1.6)}, {'text': 'de', 'timestamp': (1.7, 1.74)}, {'text': 'crianças', 'timestamp': (1.82, 2.36)}, {'text': 'também', 'timestamp': (3.36, 3.62)}, {'text': 'têm', 'timestamp': (3.72, 3.82)}, {'text': 'o', 'timestamp': (3.92, 3.94)}, {'text': 'mesmo', 'timestamp': (3.96, 4.1)}, {'text': 'sentimento', 'timestamp': (4.18, 4.56)}, {'text': 'de', 'timestamp': (4.62, 4.66)}, {'text': 'frustração', 'timestamp': (4.72, 5.18)}];0,07142857142857142;0,07142857142857142;0,1377551020408163;0,047619047619047616
./audios/SP_D2_333_3131.13896_3134.11694.wav;3131,13896;3134,11694;quer dizer isto é cri-mi-noso não há outra expressão;quer dizer isto é criminoso não há outra expressão;2,9779799999996612;quer dizer isso é criminoso não há outra expressão;;[{'text': 'quer', 'timestamp': (0.0, 0.1)}, {'text': 'dizer', 'timestamp': (0.12, 0.24)}, {'text': 'isso', 'timestamp': (0.42, 0.62)}, {'text': 'é', 'timestamp': (0.68, 0.7)}, {'text': 'criminoso', 'timestamp': (0.94, 1.8)}, {'text': 'não', 'timestamp': (1.9, 1.98)}, {'text': 'há', 'timestamp': (2.06, 2.12)}, {'text': 'outra', 'timestamp': (2.28, 2.46)}, {'text': 'expressão', 'timestamp': (2.5, 2.88)}];0,1111111111111111;0,1111111111111111;0,2098765432098766;0,02
./audios/SP_D2_333_3134.27476_3135.0608.wav;3134,27476;3135,0608;[isto é um crime;isto é um crime;0,786040000000412;este crime;;[{'text': 'este', 'timestamp': (1.04, 1.18)}, {'text': 'crime', 'timestamp': (1.44, 1.64)}];0,75;0,75;0,875;0,4666666666666667
./audios/SP_D2_333_3135.78003_3141.69606.wav;3135,78003;3141,69606;[é um crime contra à infância e devia... [mê/ merecer uma atitude do [governo;é um crime contra à infância e devia mê merecer uma atitude do governo;5,916030000000319;é um crime contra a infância e devia acho criminoso merecer uma atitude do governo;;[{'text': 'é', 'timestamp': (0.12, 0.14)}, {'text': 'um', 'timestamp': (0.22, 0.26)}, {'text': 'crime', 'timestamp': (0.38, 0.62)}, {'text': 'contra', 'timestamp': (0.8, 1.02)}, {'text': 'a', 'timestamp': (1.04, 1.06)}, {'text': 'infância', 'timestamp': (1.14, 1.76)}, {'text': 'e', 'timestamp': (2.1, 2.12)}, {'text': 'devia', 'timestamp': (2.32, 2.64)}, {'text': 'acho', 'timestamp': (3.08, 3.26)}, {'text': 'criminoso', 'timestamp': (3.32, 3.88)}, {'text': 'merecer', 'timestamp': (4.02, 4.44)}, {'text': 'uma', 'timestamp': (4.56, 4.66)}, {'text': 'atitude', 'timestamp': (4.72, 5.14)}, {'text': 'do', 'timestamp': (5.4, 5.44)}, {'text': 'governo', 'timestamp': (5.5, 5.78)}];0,21428571428571427;0,2;0,3142857142857143;0,2
./audios/SP_D2_333_3151.49684_3154.80698.wav;3151,49684;3154,80698;[você se lembra o [caso do::... [do Flávio?;você se lembra o caso do do flávio;3,3101400000000467;você se lembra o gato diagramas mundo flávio;;[{'text': 'você', 'timestamp': (0.12, 0.26)}, {'text': 'se', 'timestamp': (0.36, 0.42)}, {'text': 'lembra', 'timestamp': (0.48, 0.72)}, {'text': 'o', 'timestamp': (0.8, 0.82)}, {'text': 'gato', 'timestamp': (0.96, 1.22)}, {'text': 'diagramas', 'timestamp': (1.38, 1.96)}, {'text': 'mundo', 'timestamp': (2.12, 2.38)}, {'text': 'flávio', 'timestamp': (2.76, 3.1)}];0,375;0,375;0,609375;0,38235294117647056
./audios/SP_D2_333_3155.26698_3156.41985.wav;3155,26698;3156,41985;[lembra-se do caso do Flávio?;lembrase do caso do flávio;1,1528700000003482;lembra-se o caso do lábio;;[{'text': 'lembra-se', 'timestamp': (0.04, 0.3)}, {'text': 'o', 'timestamp': (0.34, 0.36)}, {'text': 'caso', 'timestamp': (0.38, 0.52)}, {'text': 'do', 'timestamp': (0.56, 0.62)}, {'text': 'lábio', 'timestamp': (0.8, 1.06)}];0,6;0,6;0,84;0,15384615384615385
./audios/SP_D2_333_3156.88275_3157.56823.wav;3156,88275;3157,56823;[que acabou?;que acabou;0,685479999999643;o cabo;;[{'text': 'o', 'timestamp': (1.04, 1.06)}, {'text': 'cabo', 'timestamp': (1.16, 1.4)}];1,0;1,0;1,0;0,5
./audios/SP_D2_333_3158.09051_3159.18658.wav;3158,09051;3159,18658;[acabou (o programa);acabou o programa;1,0960700000000543;que por sinal lá agora;;[{'text': 'que', 'timestamp': (0.04, 0.1)}, {'text': 'por', 'timestamp': (0.16, 0.32)}, {'text': 'sinal', 'timestamp': (0.36, 0.58)}, {'text': 'lá', 'timestamp': (0.64, 0.68)}, {'text': 'agora', 'timestamp': (0.76, 1.04)}];1,6666666666666667;1,0;1,0;1,0588235294117647
./audios/SP_D2_333_3164.62208_3164.9158.wav;3164,62208;3164,9158;[é;é;0,2937200000001212;e no;;[{'text': 'e', 'timestamp': (1.06, 1.08)}, {'text': 'no', 'timestamp': (1.22, 1.3)}];2,0;1,0;1,0;4,0
./audios/SP_D2_333_3173.72249_3173.95725.wav;3173,72249;3173,95725;éh;eh;0,23475999999982378;a;;[{'text': 'a', 'timestamp': (1.04, 1.06)}];1,0;1,0;1,0;1,0
./audios/SP_D2_333_3233.11677_3235.56023.wav;3233,11677;3235,56023;[éh o aspecto econômico para começo de [conversa né?;eh o aspecto econômico para começo de conversa né;2,443459999999959;é o aspecto econômico pra comer se compara né;;[{'text': 'é', 'timestamp': (0.08, 0.1)}, {'text': 'o', 'timestamp': (0.26, 0.28)}, {'text': 'aspecto', 'timestamp': (0.34, 0.58)}, {'text': 'econômico', 'timestamp': (0.62, 1.08)}, {'text': 'pra', 'timestamp': (1.14, 1.26)}, {'text': 'comer', 'timestamp': (1.3, 1.46)}, {'text': 'se', 'timestamp': (1.5, 1.6)}, {'text': 'compara', 'timestamp': (1.64, 2.06)}, {'text': 'né', 'timestamp': (2.14, 2.18)}];0,5555555555555556;0,5555555555555556;0,8024691358024691;0,20408163265306123
./audios/SP_D2_333_3250.46625_3253.26228.wav;3250,46625;3253,26228;[e no e no [barraco mesmo que ( ) [barracos têm;e no e no barraco mesmo que barracos têm;2,7960299999999734;atrasar mesmo porque dos atores;;[{'text': 'atrasar', 'timestamp': (0.56, 1.08)}, {'text': 'mesmo', 'timestamp': (1.2, 1.36)}, {'text': 'porque', 'timestamp': (1.42, 1.58)}, {'text': 'dos', 'timestamp': (1.8, 2.08)}, {'text': 'atores', 'timestamp': (2.18, 2.58)}];0,8888888888888888;0,8888888888888888;0,9777777777777777;0,7
./audios/SP_D2_333_3253.72953_3253.95865.wav;3253,72953;3253,95865;[é;é;0,22911999999996624;ver;;[{'text': 'ver', 'timestamp': (1.12, 1.3)}];1,0;1,0;1,0;3,0
./audios/SP_D2_333_3307.44558_3309.63087.wav;3307,44558;3309,63087;[ah sim naturalmente nem há nem há dúvida;ah sim naturalmente nem há nem há dúvida;2,1852899999998954;ah assim naturalmente nem nem a dúvida;;[{'text': 'ah', 'timestamp': (0.1, 0.16)}, {'text': 'assim', 'timestamp': (0.2, 0.46)}, {'text': 'naturalmente', 'timestamp': (0.54, 1.02)}, {'text': 'nem', 'timestamp': (1.1, 1.2)}, {'text': 'nem', 'timestamp': (1.44, 1.54)}, {'text': 'a', 'timestamp': (1.6, 1.64)}, {'text': 'dúvida', 'timestamp': (1.7, 1.96)}];0,375;0,375;0,5535714285714286;0,175
./audios/SP_D2_333_3309.9904_3310.76017.wav;3309,9904;3310,76017;nem há dúvida;nem há dúvida;0,7697699999998804;e a música;;[{'text': 'e', 'timestamp': (1.1, 1.12)}, {'text': 'a', 'timestamp': (1.22, 1.24)}, {'text': 'música', 'timestamp': (1.3, 1.6)}];1,0;1,0;1,0;0,5384615384615384
./audios/SP_D2_333_84.44296_85.76072.wav;84,44296;85,76072;eu estava na Tupi;eu estava na tupi;1,317760000000007;eu estava na tupi;;[{'text': 'eu', 'timestamp': (0.04, 0.1)}, {'text': 'estava', 'timestamp': (0.16, 0.54)}, {'text': 'na', 'timestamp': (0.7, 0.76)}, {'text': 'tupi', 'timestamp': (0.88, 1.14)}];0,0;0,0;0,0;0,0
./audios/SP_D2_333_85.76072_86.86023.wav;85,76072;86,86023;trabalhando como::;trabalhando como;1,099509999999995;trabalhando como;;[{'text': 'trabalhando', 'timestamp': (0.06, 0.48)}, {'text': 'como', 'timestamp': (0.64, 0.82)}];0,0;0,0;0,0;0,0
./audios/SP_D2_333_86.86023_88.39242.wav;86,86023;88,39242;como funcionária da Tupi;como funcionária da tupi;1,53219;o funcionário da tupi;;[{'text': 'o', 'timestamp': (0.22, 0.24)}, {'text': 'funcionário', 'timestamp': (0.34, 0.88)}, {'text': 'da', 'timestamp': (0.94, 1.0)}, {'text': 'tupi', 'timestamp': (1.08, 1.3)}];0,5;0,5;0,75;0,16666666666666666
./audios/SP_D2_333_88.75702_89.46295.wav;88,75702;89,46295;da rádio;da rádio;0,7059300000000093;da rádio;;[{'text': 'da', 'timestamp': (1.12, 1.16)}, {'text': 'rádio', 'timestamp': (1.26, 1.58)}];0,0;0,0;0,0;0,0
./audios/SP_D2_333_89.81203_90.18439.wav;89,81203;90,18439;Tupi;tupi;0,37236000000000047;tupi;;[{'text': 'tupi', 'timestamp': (1.04, 1.22)}];0,0;0,0;0,0;0,0
./audios/SP_D2_333_90.58002_92.27889.wav;90,58002;92,27889;quando foi lançada a primeira;quando foi lançada a primeira;1,6988699999999994;quando foi lançada a primeira;;[{'text': 'quando', 'timestamp': (0.08, 0.34)}, {'text': 'foi', 'timestamp': (0.6, 0.72)}, {'text': 'lançada', 'timestamp': (0.76, 1.12)}, {'text': 'a', 'timestamp': (1.16, 1.18)}, {'text': 'primeira', 'timestamp': (1.26, 1.56)}];0,0;0,0;0,0;0,0
./audios/SP_D2_333_92.58143_93.40465.wav;92,58143;93,40465;(primeira) televisão;primeira televisão;0,8232200000000063;be a televisão;;[{'text': 'be', 'timestamp': (1.1, 1.16)}, {'text': 'a', 'timestamp': (1.2, 1.24)}, {'text': 'televisão', 'timestamp': (1.28, 1.72)}];1,0;0,6666666666666666;0,8333333333333334;0,3333333333333333
./audios/SP_D2_333_94.24323_96.2448.wav;94,24323;96,2448;de modo que eu vi nascer propriamente a t/ [a;de modo que eu vi nascer propriamente a t a;2,001570000000001;de modo que eu vi nascer novamente até;;[{'text': 'de', 'timestamp': (0.06, 0.1)}, {'text': 'modo', 'timestamp': (0.12, 0.22)}, {'text': 'que', 'timestamp': (0.28, 0.34)}, {'text': 'eu', 'timestamp': (0.36, 0.44)}, {'text': 'vi', 'timestamp': (0.56, 0.62)}, {'text': 'nascer', 'timestamp': (0.84, 1.2)}, {'text': 'novamente', 'timestamp': (1.28, 1.62)}, {'text': 'até', 'timestamp': (1.72, 1.82)}];0,4;0,4;0,55;0,18604651162790697
./audios/SP_D2_333_96.54734_97.03606.wav;96,54734;97,03606;[televisão;televisão;0,4887200000000007;sigues;;[{'text': 'sigues', 'timestamp': (1.0, 1.4)}];1,0;1,0;1,0;0,8888888888888888
./audios/SP_D2_333_97.21448_97.44721.wav;97,21448;97,44721;é;é;0,23273000000000366;é;;[{'text': 'é', 'timestamp': (1.04, 1.06)}];0,0;0,0;0,0;0,0
./audios/SP_D2_333_97.44721_98.07556.wav;97,44721;98,07556;( ) eu eu;eu eu;0,6283499999999975;temer eu;;[{'text': 'temer', 'timestamp': (1.0, 1.3)}, {'text': 'eu', 'timestamp': (1.44, 1.52)}];0,5;0,5;0,75;0,8
./audios/SP_D2_333_98.43656_99.05742.wav;98,43656;99,05742;eu vi nascer;eu vi nascer;0,6208599999999933;eu vi nascer;;[{'text': 'eu', 'timestamp': (1.06, 1.12)}, {'text': 'vi', 'timestamp': (1.16, 1.22)}, {'text': 'nascer', 'timestamp': (1.3, 1.6)}];0,0;0,0;0,0;0,0
./audios/SP_D2_333_99.05742_99.71292.wav;99,05742;99,71292;eu estava lá;eu estava lá;0,6555000000000035;eu estava lá;;[{'text': 'eu', 'timestamp': (0.98, 1.04)}, {'text': 'estava', 'timestamp': (1.08, 1.36)}, {'text': 'lá', 'timestamp': (1.46, 1.52)}];0,0;0,0;0,0;0,0
./audios/SP_D2_333_100.45317_100.88701.wav;100,45317;100,88701;ah;ah;0,43384000000000356;ah;;[{'text': 'ah', 'timestamp': (1.06, 1.18)}];0,0;0,0;0,0;0,0
./audios/SP_D2_333_101.12764_101.79974.wav;101,12764;101,79974;todo momento;todo momento;0,6721000000000004;todo momento;;[{'text': 'todo', 'timestamp': (1.08, 1.22)}, {'text': 'momento', 'timestamp': (1.3, 1.6)}];0,0;0,0;0,0;0,0
./audios/SP_D2_333_101.79974_102.05502.wav;101,79974;102,05502;né?;né;0,25527999999999906;a;;[{'text': 'a', 'timestamp': (1.06, 1.08)}];1,0;1,0;1,0;1,0
./audios/SP_D2_333_102.89293_103.64407.wav;102,89293;103,64407;e:::;e;0,7511399999999924;e;;[{'text': 'e', 'timestamp': (1.1, 1.12)}];0,0;0,0;0,0;0,0
./audios/SP_D2_333_103.64407_105.37336.wav;103,64407;105,37336;uma coisa que eu gostaria de::;uma coisa que eu gostaria de;1,729290000000006;uma coisa que eu gostaria de;;[{'text': 'uma', 'timestamp': (0.04, 0.12)}, {'text': 'coisa', 'timestamp': (0.18, 0.3)}, {'text': 'que', 'timestamp': (0.38, 0.44)}, {'text': 'eu', 'timestamp': (0.46, 0.5)}, {'text': 'gostaria', 'timestamp': (0.54, 0.96)}, {'text': 'de', 'timestamp': (1.1, 1.16)}];0,0;0,0;0,0;0,0
./audios/SP_D2_333_105.37336_106.31469.wav;105,37336;106,31469;lembrar a você;lembrar a você;0,9413299999999936;lembrar a vocês;;[{'text': 'lembrar', 'timestamp': (1.12, 1.36)}, {'text': 'a', 'timestamp': (1.42, 1.46)}, {'text': 'vocês', 'timestamp': (1.54, 1.9)}];0,3333333333333333;0,3333333333333333;0,5555555555555556;0,07142857142857142
./audios/SP_D2_333_106.31469_107.75154.wav;106,31469;107,75154;justamente a respeito de linguagem;justamente a respeito de linguagem;1,4368500000000068;você mete a respeito de linguagem;;[{'text': 'você', 'timestamp': (0.0, 0.1)}, {'text': 'mete', 'timestamp': (0.14, 0.26)}, {'text': 'a', 'timestamp': (0.28, 0.3)}, {'text': 'respeito', 'timestamp': (0.34, 0.58)}, {'text': 'de', 'timestamp': (0.62, 0.68)}, {'text': 'linguagem', 'timestamp': (0.76, 1.24)}];0,4;0,3333333333333333;0,4666666666666667;0,17647058823529413
./audios/SP_D2_333_108.2_108.7612.wav;108,2;108,7612;é o seguinte;é o seguinte;0,5611999999999995;e seguir;;[{'text': 'e', 'timestamp': (1.02, 1.04)}, {'text': 'seguir', 'timestamp': (1.2, 1.46)}];1,0;1,0;1,0;0,5
./audios/SP_D2_333_108.7612_109.49472.wav;108,7612;109,49472;que eu noto;que eu noto;0,7335199999999986;que eu noto;;[{'text': 'que', 'timestamp': (0.96, 1.08)}, {'text': 'eu', 'timestamp': (1.12, 1.16)}, {'text': 'noto', 'timestamp': (1.24, 1.58)}];0,0;0,0;0,0;0,0
./audios/SP_D2_333_109.78118_112.26449.wav;109,78118;112,26449;que muito paulista fica um pouco chocado;que muito paulista fica um pouco chocado;2,483309999999989;que muito paulista fica um pouco chocado;;[{'text': 'que', 'timestamp': (0.06, 0.12)}, {'text': 'muito', 'timestamp': (0.26, 0.42)}, {'text': 'paulista', 'timestamp': (0.54, 1.18)}, {'text': 'fica', 'timestamp': (1.34, 1.5)}, {'text': 'um', 'timestamp': (1.56, 1.6)}, {'text': 'pouco', 'timestamp': (1.68, 1.86)}, {'text': 'chocado', 'timestamp': (1.94, 2.34)}];0,0;0,0;0,0;0,0
./audios/SP_D2_333_112.59435_113.93526.wav;112,59435;113,93526;com a linguajar carioca;com a linguajar carioca;1,3409099999999938;com o linguajar canioca;;[{'text': 'com', 'timestamp': (0.02, 0.1)}, {'text': 'o', 'timestamp': (0.12, 0.14)}, {'text': 'linguajar', 'timestamp': (0.2, 0.58)}, {'text': 'canioca', 'timestamp': (0.68, 1.18)}];0,5;0,5;0,75;0,08695652173913043
./audios/SP_D2_333_114.44472_116.47628.wav;114,44472;116,47628;com os esses e os erres [do carioca;com os esses e os erres do carioca;2,031559999999999;com os esses e setas estaca;;[{'text': 'com', 'timestamp': (0.06, 0.12)}, {'text': 'os', 'timestamp': (0.2, 0.24)}, {'text': 'esses', 'timestamp': (0.34, 0.62)}, {'text': 'e', 'timestamp': (0.68, 0.7)}, {'text': 'setas', 'timestamp': (0.84, 1.12)}, {'text': 'estaca', 'timestamp': (1.2, 1.78)}];0,5;0,5;0,6666666666666667;0,35294117647058826
./audios/SP_D2_333_116.68_118.45849.wav;116,68;118,45849;que eram justamente um dos;que eram justamente um dos;1,7784899999999908;e era justamente um dos;;[{'text': 'e', 'timestamp': (0.04, 0.06)}, {'text': 'era', 'timestamp': (0.16, 0.3)}, {'text': 'justamente', 'timestamp': (0.56, 1.08)}, {'text': 'um', 'timestamp': (1.36, 1.42)}, {'text': 'dos', 'timestamp': (1.54, 1.64)}];0,4;0,4;0,64;0,11538461538461539
./audios/SP_D2_333_118.45849_120.42425.wav;118,45849;120,42425;um dos defeitos muito grandes do rádio;um dos defeitos muito grandes do rádio;1,965760000000003;por um dos defeitos muito grandes do rádio;;[{'text': 'por', 'timestamp': (0.0, 0.06)}, {'text': 'um', 'timestamp': (0.1, 0.16)}, {'text': 'dos', 'timestamp': (0.2, 0.28)}, {'text': 'defeitos', 'timestamp': (0.32, 0.82)}, {'text': 'muito', 'timestamp': (0.88, 1.0)}, {'text': 'grandes', 'timestamp': (1.1, 1.38)}, {'text': 'do', 'timestamp': (1.44, 1.5)}, {'text': 'rádio', 'timestamp': (1.58, 1.92)}];0,14285714285714285;0,125;0,125;0,10526315789473684
./audios/SP_D2_333_120.8022_121.89672.wav;120,8022;121,89672;daquele tempo que era;daquele tempo que era;1,0945200000000028;naquele tempo que era;;[{'text': 'naquele', 'timestamp': (0.04, 0.26)}, {'text': 'tempo', 'timestamp': (0.36, 0.56)}, {'text': 'que', 'timestamp': (0.68, 0.78)}, {'text': 'era', 'timestamp': (0.84, 0.92)}];0,25;0,25;0,4375;0,047619047619047616
./audios/SP_D2_333_122.13585_125.49899.wav;122,13585;125,49899;quando:: um:: um locutor ia fazer um teste;quando um um locutor ia fazer um teste;3,3631400000000014;quando um locutor ia fazer um teste;;[{'text': 'quando', 'timestamp': (0.06, 0.32)}, {'text': 'um', 'timestamp': (1.34, 1.38)}, {'text': 'locutor', 'timestamp': (1.44, 1.92)}, {'text': 'ia', 'timestamp': (2.16, 2.26)}, {'text': 'fazer', 'timestamp': (2.38, 2.62)}, {'text': 'um', 'timestamp': (2.7, 2.74)}, {'text': 'teste', 'timestamp': (2.92, 3.2)}];0,125;0,125;0,125;0,07894736842105263
./audios/SP_D2_333_125.94067_127.83534.wav;125,94067;127,83534;o:: o chefe dizia a ele;o o chefe dizia a ele;1,894670000000005;o o chefe dizia a ele;;[{'text': 'o', 'timestamp': (0.14, 0.16)}, {'text': 'o', 'timestamp': (0.82, 0.84)}, {'text': 'chefe', 'timestamp': (0.96, 1.18)}, {'text': 'dizia', 'timestamp': (1.28, 1.48)}, {'text': 'a', 'timestamp': (1.5, 1.52)}, {'text': 'ele', 'timestamp': (1.6, 1.74)}];0,0;0,0;0,0;0,0
./audios/SP_D2_333_128.06938_129.50574.wav;128,06938;129,50574;''diga aí os efe;diga aí os efe;1,4363600000000076;diga aí o zep;;[{'text': 'diga', 'timestamp': (0.08, 0.3)}, {'text': 'aí', 'timestamp': (0.38, 0.5)}, {'text': 'o', 'timestamp': (0.76, 0.78)}, {'text': 'zep', 'timestamp': (1.02, 1.24)}];0,5;0,5;0,75;0,2857142857142857
./audios/SP_D2_333_129.50574_130.96465.wav;129,50574;130,96465;os esses e os erres'';os esses e os erres;1,458910000000003;e uns esses de uns ébris;;[{'text': 'e', 'timestamp': (0.04, 0.06)}, {'text': 'uns', 'timestamp': (0.12, 0.24)}, {'text': 'esses', 'timestamp': (0.36, 0.6)}, {'text': 'de', 'timestamp': (0.64, 0.7)}, {'text': 'uns', 'timestamp': (0.76, 0.88)}, {'text': 'ébris', 'timestamp': (0.98, 1.32)}];1,0;0,8333333333333334;0,9666666666666667;0,5263157894736842
./audios/SP_D2_333_131.15522_132.02871.wav;131,15522;132,02871;esse era o teste;esse era o teste;0,8734899999999755;esse era o pert;;[{'text': 'esse', 'timestamp': (1.06, 1.18)}, {'text': 'era', 'timestamp': (1.24, 1.32)}, {'text': 'o', 'timestamp': (1.34, 1.36)}, {'text': 'pert', 'timestamp': (1.44, 1.66)}];0,25;0,25;0,4375;0,1875
./audios/SP_D2_333_132.92092_134.10708.wav;132,92092;134,10708;para saber se ele tinha;para saber se ele tinha;1,186160000000001;para saber se ele tinha;;[{'text': 'para', 'timestamp': (0.08, 0.22)}, {'text': 'saber', 'timestamp': (0.32, 0.54)}, {'text': 'se', 'timestamp': (0.64, 0.68)}, {'text': 'ele', 'timestamp': (0.74, 0.84)}, {'text': 'tinha', 'timestamp': (0.92, 1.08)}];0,0;0,0;0,0;0,0
./audios/SP_D2_333_134.26116_134.57937.wav;134,26116;134,57937;ah::;ah;0,31821000000002186;a;;[{'text': 'a', 'timestamp': (1.04, 1.06)}];1,0;1,0;1,0;0,5
./audios/SP_D2_333_134.57937_136.01859.wav;134,57937;136,01859;boa dicção para falar em rádio;boa dicção para falar em rádio;1,4392199999999775;boa dicção pra falar em rádio;;[{'text': 'boa', 'timestamp': (0.08, 0.24)}, {'text': 'dicção', 'timestamp': (0.26, 0.6)}, {'text': 'pra', 'timestamp': (0.66, 0.78)}, {'text': 'falar', 'timestamp': (0.84, 0.98)}, {'text': 'em', 'timestamp': (1.02, 1.08)}, {'text': 'rádio', 'timestamp': (1.14, 1.38)}];0,16666666666666666;0,16666666666666666;0,30555555555555547;0,03333333333333333
./audios/SP_D2_333_136.57998_136.7905.wav;136,57998;136,7905;não é?;não é;0,21052000000000248;vai;;[{'text': 'vai', 'timestamp': (1.02, 1.52)}];1,0;1,0;1,0;1,0
./audios/SP_D2_333_136.7905_138.08868.wav;136,7905;138,08868;então ele caprichava;então ele caprichava;1,298180000000002;então ele caprichava;;[{'text': 'então', 'timestamp': (0.08, 0.3)}, {'text': 'ele', 'timestamp': (0.4, 0.5)}, {'text': 'caprichava', 'timestamp': (0.62, 1.18)}];0,0;0,0;0,0;0,0
./audios/SP_D2_333_138.27269_140.27291.wav;138,27269;140,27291;é isso que o Chico Anísio está;é isso que o chico anísio está;2,0002199999999846;é isso que o chiquadizmo está;;[{'text': 'é', 'timestamp': (0.06, 0.08)}, {'text': 'isso', 'timestamp': (0.22, 0.42)}, {'text': 'que', 'timestamp': (0.56, 0.62)}, {'text': 'o', 'timestamp': (0.72, 0.74)}, {'text': 'chiquadizmo', 'timestamp': (0.9, 1.52)}, {'text': 'está', 'timestamp': (1.58, 1.82)}];0,2857142857142857;0,2857142857142857;0,40476190476190477;0,23333333333333334
./audios/SP_D2_333_140.69192_141.4716.wav;140,69192;141,4716;ah ah ah;ah ah ah;0,7796799999999848;a a;;[{'text': 'a', 'timestamp': (1.08, 1.1)}, {'text': 'a', 'timestamp': (1.46, 1.5)}];1,0;1,0;1,0;0,625
./audios/SP_D2_333_141.4716_142.27779.wav;141,4716;142,27779;caçoando;caçoando;0,8061900000000151;caçoando;;[{'text': 'caçoando', 'timestamp': (1.06, 1.64)}];0,0;0,0;0,0;0,0
./audios/SP_D2_333_142.54299_143.57195.wav;142,54299;143,57195;[na no programa dele;na no programa dele;1,0289599999999837;na no programa dele;;[{'text': 'na', 'timestamp': (0.02, 0.18)}, {'text': 'no', 'timestamp': (0.28, 0.34)}, {'text': 'programa', 'timestamp': (0.4, 0.68)}, {'text': 'dele', 'timestamp': (0.76, 0.92)}];0,0;0,0;0,0;0,0
./audios/SP_D2_333_143.70985_144.38188.wav;143,70985;144,38188;[do Chico Anísio;do chico anísio;0,6720300000000066;o xiquanísio;;[{'text': 'o', 'timestamp': (1.02, 1.04)}, {'text': 'xiquanísio', 'timestamp': (1.12, 1.64)}];1,0;1,0;1,0;0,4
./audios/SP_D2_333_144.75246_144.97522.wav;144,75246;144,97522;não é?;não é;0,22275999999999385;o;;[{'text': 'o', 'timestamp': (1.08, 1.1)}];1,0;1,0;1,0;0,8
./audios/SP_D2_333_145.12108_145.70851.wav;145,12108;145,70851;ele;ele;0,5874299999999835;a erige;;[{'text': 'a', 'timestamp': (1.04, 1.06)}, {'text': 'erige', 'timestamp': (1.18, 1.48)}];2,0;1,0;1,0;1,6666666666666667
./audios/SP_D2_333_145.8782_146.37699.wav;145,8782;146,37699;ca/ éh;ca eh;0,49879000000001383;ca a;;[{'text': 'ca', 'timestamp': (1.02, 1.1)}, {'text': 'a', 'timestamp': (1.36, 1.38)}];0,5;0,5;0,75;0,4
./audios/SP_D2_333_146.69066_147.0249.wav;146,69066;147,0249;éh;eh;0,3342399999999941;é;;[{'text': 'é', 'timestamp': (1.1, 1.12)}];1,0;1,0;1,0;1,0
./audios/SP_D2_333_147.0249_148.2333.wav;147,0249;148,2333;ele inSISte;ele insiste;1,2084000000000117;insistir;;[{'text': 'insistir', 'timestamp': (0.08, 1.02)}];1,0;1,0;1,0;0,5454545454545454
./audios/SP_D2_333_148.55211_150.54726.wav;148,55211;150,54726;DORme em cima dos esses e dos [erres;dorme em cima dos esses e dos erres;1,9951499999999953;dorme em cima dos eps e dos ebas;;[{'text': 'dorme', 'timestamp': (0.06, 0.38)}, {'text': 'em', 'timestamp': (0.46, 0.5)}, {'text': 'cima', 'timestamp': (0.62, 0.78)}, {'text': 'dos', 'timestamp': (0.86, 0.98)}, {'text': 'eps', 'timestamp': (1.06, 1.36)}, {'text': 'e', 'timestamp': (1.38, 1.4)}, {'text': 'dos', 'timestamp': (1.48, 1.58)}, {'text': 'ebas', 'timestamp': (1.66, 1.92)}];0,25;0,25;0,4375;0,17142857142857143
./audios/SP_D2_333_150.54726_150.73752.wav;150,54726;150,73752;né?;né;0,190259999999995;resta;;[{'text': 'resta', 'timestamp': (1.0, 1.24)}];1,0;1,0;1,0;2,5
./audios/SP_D2_333_151.67536_152.0.wav;151,67536;152,0;e::;e;0,32463999999998805;e;;[{'text': 'e', 'timestamp': (1.06, 1.08)}];0,0;0,0;0,0;0,0
./audios/SP_D2_333_152.0_153.6341.wav;152,0;153,6341;mas eu eu noto que agora;mas eu eu noto que agora;1,6340999999999894;mas eu eu noto que agora;;[{'text': 'mas', 'timestamp': (0.06, 0.16)}, {'text': 'eu', 'timestamp': (0.22, 0.28)}, {'text': 'eu', 'timestamp': (0.46, 0.52)}, {'text': 'noto', 'timestamp': (0.64, 0.86)}, {'text': 'que', 'timestamp': (0.94, 1.02)}, {'text': 'agora', 'timestamp': (1.1, 1.44)}];0,0;0,0;0,0;0,0
./audios/SP_D2_333_153.9933_155.34457.wav;153,9933;155,34457;sobretudo na nossa família;sobretudo na nossa família;1,3512699999999995;sobre tudo na nossa família;;[{'text': 'sobre', 'timestamp': (0.12, 0.26)}, {'text': 'tudo', 'timestamp': (0.32, 0.42)}, {'text': 'na', 'timestamp': (0.46, 0.52)}, {'text': 'nossa', 'timestamp': (0.58, 0.8)}, {'text': 'família', 'timestamp': (0.9, 1.28)}];0,5;0,4;0,55;0,038461538461538464
./audios/SP_D2_333_155.34457_156.78992.wav;155,34457;156,78992;que nós temos muita preocupação;que nós temos muita preocupação;1,4453499999999906;que nós temos muita preocupação;;[{'text': 'que', 'timestamp': (0.04, 0.12)}, {'text': 'nós', 'timestamp': (0.14, 0.22)}, {'text': 'temos', 'timestamp': (0.3, 0.46)}, {'text': 'muita', 'timestamp': (0.52, 0.64)}, {'text': 'preocupação', 'timestamp': (0.72, 1.3)}];0,0;0,0;0,0;0,0
./audios/SP_D2_333_157.14056_160.11964.wav;157,14056;160,11964;da da linguagem simples e da linguagem::;da da linguagem simples e da linguagem;2,9790800000000104;da da linguagem simples da linguagem;;[{'text': 'da', 'timestamp': (0.06, 0.1)}, {'text': 'da', 'timestamp': (0.34, 0.4)}, {'text': 'linguagem', 'timestamp': (0.5, 1.02)}, {'text': 'simples', 'timestamp': (1.34, 1.66)}, {'text': 'da', 'timestamp': (1.8, 1.86)}, {'text': 'linguagem', 'timestamp': (1.94, 2.52)}];0,14285714285714285;0,14285714285714285;0,1428571428571429;0,05263157894736842
./audios/SP_D2_333_160.48739_161.15936.wav;160,48739;161,15936;[correta;correta;0,6719699999999875;rosata;;[{'text': 'rosata', 'timestamp': (1.04, 1.52)}];1,0;1,0;1,0;0,5714285714285714
./audios/SP_D2_333_161.33896_161.54422.wav;161,33896;161,54422;é;é;0,20526000000000977;é;;[{'text': 'é', 'timestamp': (1.02, 1.04)}];0,0;0,0;0,0;0,0
./audios/SP_D2_333_161.94618_162.56195.wav;161,94618;162,56195;exata;exata;0,6157699999999977;exata;;[{'text': 'exata', 'timestamp': (1.06, 1.48)}];0,0;0,0;0,0;0,0
./audios/SP_D2_333_162.84_166.41455.wav;162,84;166,41455;nós ficamos um pouco chocados com o esse e o erre exagerados;nós ficamos um pouco chocados com o esse e o erre exagerados;3,574549999999988;nós ficamos um pouco chocados com o ser exagerado;;[{'text': 'nós', 'timestamp': (0.06, 0.18)}, {'text': 'ficamos', 'timestamp': (0.26, 0.58)}, {'text': 'um', 'timestamp': (0.64, 0.7)}, {'text': 'pouco', 'timestamp': (0.84, 1.08)}, {'text': 'chocados', 'timestamp': (1.22, 1.72)}, {'text': 'com', 'timestamp': (1.86, 1.96)}, {'text': 'o', 'timestamp': (2.06, 2.08)}, {'text': 'ser', 'timestamp': (2.42, 2.9)}, {'text': 'exagerado', 'timestamp': (3.04, 3.5)}];0,4166666666666667;0,4166666666666667;0,5462962962962963;0,18333333333333332
./audios/SP_D2_333_166.41455_167.42242.wav;166,41455;167,42242;dos dos [cariocas;dos dos cariocas;1,007869999999997;esses gasquerias;;[{'text': 'esses', 'timestamp': (0.02, 0.52)}, {'text': 'gasquerias', 'timestamp': (0.64, 0.98)}];1,0;1,0;1,0;0,6875
./audios/SP_D2_333_167.42242_169.14901.wav;167,42242;169,14901;que são mesmo um preciosismo inútil;que são mesmo um preciosismo inútil;1,7265900000000158;isso mesmo o preciosismo inútil;;[{'text': 'isso', 'timestamp': (0.06, 0.22)}, {'text': 'mesmo', 'timestamp': (0.36, 0.52)}, {'text': 'o', 'timestamp': (0.54, 0.58)}, {'text': 'preciosismo', 'timestamp': (0.62, 1.24)}, {'text': 'inútil', 'timestamp': (1.32, 1.64)}];0,5;0,5;0,7;0,2
./audios/SP_D2_333_169.14901_169.36128.wav;169,14901;169,36128;né?;né;0,21226999999998952;vá;;[{'text': 'vá', 'timestamp': (0.98, 1.04)}];1,0;1,0;1,0;1,0
./audios/SP_D2_333_181.99873_182.48781.wav;181,99873;182,48781;[adotam;adotam;0,4890800000000013;adotam;;[{'text': 'adotam', 'timestamp': (1.04, 1.4)}];0,0;0,0;0,0;0,0
./audios/SP_D2_333_247.45635_248.45163.wav;247,45635;248,45163;[é artificial;é artificial;0,9952800000000082;tacio;;[{'text': 'tacio', 'timestamp': (1.4, 1.72)}];1,0;1,0;1,0;0,75
./audios/SP_D2_333_288.76008_289.74814.wav;288,76008;289,74814;[ela nunca morou aqui;ela nunca morou aqui;0,9880599999999617;ela nunca morou aqui;;[{'text': 'ela', 'timestamp': (1.02, 1.18)}, {'text': 'nunca', 'timestamp': (1.26, 1.42)}, {'text': 'morou', 'timestamp': (1.5, 1.68)}, {'text': 'aqui', 'timestamp': (1.74, 1.88)}];0,0;0,0;0,0;0,0
./audios/SP_D2_333_289.74814_289.95837.wav;289,74814;289,95837;[não é?;não é;0,21023000000002412;é;;[{'text': 'é', 'timestamp': (1.08, 1.1)}];0,5;0,5;0,5;0,8
./audios/SP_D2_333_290.66633_292.4.wav;290,66633;292,4;[Maria Fernanda nunca [morou em São Paulo?;maria fernanda nunca morou em são paulo;1,733669999999961;maria fernanda e uma vistoria;;[{'text': 'maria', 'timestamp': (0.16, 0.32)}, {'text': 'fernanda', 'timestamp': (0.38, 0.7)}, {'text': 'e', 'timestamp': (0.82, 0.86)}, {'text': 'uma', 'timestamp': (0.94, 1.02)}, {'text': 'vistoria', 'timestamp': (1.08, 1.68)}];0,7142857142857143;0,7142857142857143;0,8857142857142857;0,48717948717948717
./audios/SP_D2_333_350.02161_351.11881.wav;350,02161;351,11881;mas isso é um pouco utópico;mas isso é um pouco utópico;1,0971999999999866;mas isso é um pouco tópico;;[{'text': 'mas', 'timestamp': (0.0, 0.08)}, {'text': 'isso', 'timestamp': (0.14, 0.24)}, {'text': 'é', 'timestamp': (0.28, 0.3)}, {'text': 'um', 'timestamp': (0.32, 0.36)}, {'text': 'pouco', 'timestamp': (0.4, 0.58)}, {'text': 'tópico', 'timestamp': (0.74, 1.04)}];0,16666666666666666;0,16666666666666666;0,30555555555555547;0,037037037037037035
./audios/SP_D2_333_351.11881_351.44481.wav;351,11881;351,44481;Helena;helena;0,32600000000002183;helena;;[{'text': 'helena', 'timestamp': (0.98, 1.3)}];0,0;0,0;0,0;0,0
./audios/SP_D2_333_351.44481_353.82137.wav;351,44481;353,82137;você veja outros países por exemplo como têm;você veja outros países por exemplo como têm;2,3765599999999836;você veja outros países por exemplo como tem;;[{'text': 'você', 'timestamp': (0.08, 0.2)}, {'text': 'veja', 'timestamp': (0.3, 0.5)}, {'text': 'outros', 'timestamp': (0.66, 0.84)}, {'text': 'países', 'timestamp': (0.9, 1.2)}, {'text': 'por', 'timestamp': (1.26, 1.34)}, {'text': 'exemplo', 'timestamp': (1.36, 1.56)}, {'text': 'como', 'timestamp': (1.66, 1.78)}, {'text': 'tem', 'timestamp': (1.96, 2.22)}];0,125;0,125;0,234375;0,022727272727272728
./audios/SP_D2_333_354.33171_354.93956.wav;354,33171;354,93956;ah::;ah;0,6078499999999849;ah;;[{'text': 'ah', 'timestamp': (1.08, 1.48)}];0,0;0,0;0,0;0,0
./audios/SP_D2_333_354.93956_356.5007.wav;354,93956;356,5007;na Itália na França;na itália na frança;1,561140000000023;na itália na frança;;[{'text': 'na', 'timestamp': (0.04, 0.12)}, {'text': 'itália', 'timestamp': (0.16, 0.64)}, {'text': 'na', 'timestamp': (0.72, 0.78)}, {'text': 'frança', 'timestamp': (0.86, 1.36)}];0,0;0,0;0,0;0,0
./audios/SP_D2_333_357.10531_360.60633.wav;357,10531;360,60633;[( ) e quase às vezes não se na Espanha a a;e quase às vezes não se na espanha a a;3,5010200000000395;convenção é quase às vezes não se na espanha a;;[{'text': 'convenção', 'timestamp': (0.0, 0.46)}, {'text': 'é', 'timestamp': (0.58, 0.6)}, {'text': 'quase', 'timestamp': (0.92, 1.14)}, {'text': 'às', 'timestamp': (1.36, 1.44)}, {'text': 'vezes', 'timestamp': (1.48, 1.62)}, {'text': 'não', 'timestamp': (1.68, 1.78)}, {'text': 'se', 'timestamp': (1.8, 1.88)}, {'text': 'na', 'timestamp': (2.1, 2.16)}, {'text': 'espanha', 'timestamp': (2.22, 2.62)}, {'text': 'a', 'timestamp': (2.94, 2.96)}];0,3;0,2727272727272727;0,3599999999999999;0,3157894736842105
./audios/SP_D2_333_360.9769_364.13398.wav;360,9769;364,13398;há dialetos que quase não se não se entende o o::;há dialetos que quase não se não se entende o o;3,1570800000000077;há dialetos que quase não se não se entendem o;;[{'text': 'há', 'timestamp': (0.06, 0.1)}, {'text': 'dialetos', 'timestamp': (0.16, 0.62)}, {'text': 'que', 'timestamp': (0.68, 0.74)}, {'text': 'quase', 'timestamp': (0.88, 1.14)}, {'text': 'não', 'timestamp': (1.32, 1.42)}, {'text': 'se', 'timestamp': (1.56, 1.62)}, {'text': 'não', 'timestamp': (1.8, 1.88)}, {'text': 'se', 'timestamp': (1.96, 2.02)}, {'text': 'entendem', 'timestamp': (2.06, 2.54)}, {'text': 'o', 'timestamp': (3.04, 3.06)}];0,18181818181818182;0,18181818181818182;0,26363636363636356;0,0425531914893617
./audios/SP_D2_333_365.20543_366.88923.wav;365,20543;366,88923;[( ) pelos [outros;pelos outros;1,6838000000000193;como eram redigir pelos outros;;[{'text': 'como', 'timestamp': (0.04, 0.2)}, {'text': 'eram', 'timestamp': (0.44, 0.54)}, {'text': 'redigir', 'timestamp': (0.64, 0.88)}, {'text': 'pelos', 'timestamp': (0.94, 1.12)}, {'text': 'outros', 'timestamp': (1.2, 1.5)}];1,5;0,6;0,6;1,5
./audios/SP_D2_333_367.96244_369.48.wav;367,96244;369,48;[é muito difícil isso;é muito difícil isso;1,5175600000000031;é muito intuicoes;;[{'text': 'é', 'timestamp': (0.02, 0.04)}, {'text': 'muito', 'timestamp': (0.1, 0.28)}, {'text': 'intuicoes', 'timestamp': (0.44, 1.48)}];0,5;0,5;0,6666666666666667;0,45
./audios/SP_D2_333_381.56_382.43773.wav;381,56;382,43773;[eles eles se ironizam;eles eles se ironizam;0,8777299999999855;ele ironiza;;[{'text': 'ele', 'timestamp': (1.06, 1.18)}, {'text': 'ironiza', 'timestamp': (1.36, 1.84)}];1,0;1,0;1,0;0,47619047619047616
./audios/SP_D2_333_382.43773_382.76.wav;382,43773;382,76;hein?;hein;0,32227000000000317;não é e;;[{'text': 'não', 'timestamp': (0.96, 1.06)}, {'text': 'é', 'timestamp': (1.1, 1.12)}, {'text': 'e', 'timestamp': (1.4, 1.42)}];3,0;1,0;1,0;1,75
./audios/SP_D2_333_406.43736_407.60901.wav;406,43736;407,60901;[mas Helena nós;mas helena nós;1,1716499999999996;elena ao sabor;;[{'text': 'elena', 'timestamp': (0.12, 0.36)}, {'text': 'ao', 'timestamp': (0.48, 0.6)}, {'text': 'sabor', 'timestamp': (0.68, 1.08)}];1,0;1,0;1,0;0,8571428571428571
./audios/SP_D2_333_408.13853_408.76283.wav;408,13853;408,76283;[Helena;helena;0,6243000000000052;ele era lá;;[{'text': 'ele', 'timestamp': (1.02, 1.12)}, {'text': 'era', 'timestamp': (1.18, 1.32)}, {'text': 'lá', 'timestamp': (1.44, 1.48)}];3,0;1,0;1,0;1,1666666666666667
./audios/SP_D2_333_408.89483_413.75092.wav;408,89483;413,75092;[nós estamos num país em que durante alguns anos não houve prova de redação de português;nós estamos num país em que durante alguns anos não houve prova de redação de português;4,856089999999995;nós estamos num país em que durante alguns anos não houve prova de redação de português;;[{'text': 'nós', 'timestamp': (0.1, 0.24)}, {'text': 'estamos', 'timestamp': (0.32, 0.68)}, {'text': 'num', 'timestamp': (0.76, 0.86)}, {'text': 'país', 'timestamp': (0.92, 1.22)}, {'text': 'em', 'timestamp': (1.32, 1.38)}, {'text': 'que', 'timestamp': (1.44, 1.5)}, {'text': 'durante', 'timestamp': (1.64, 1.9)}, {'text': 'alguns', 'timestamp': (2.02, 2.34)}, {'text': 'anos', 'timestamp': (2.46, 2.68)}, {'text': 'não', 'timestamp': (2.76, 2.84)}, {'text': 'houve', 'timestamp': (2.98, 3.16)}, {'text': 'prova', 'timestamp': (3.34, 3.56)}, {'text': 'de', 'timestamp': (3.64, 3.7)}, {'text': 'redação', 'timestamp': (3.78, 4.2)}, {'text': 'de', 'timestamp': (4.26, 4.3)}, {'text': 'português', 'timestamp': (4.38, 4.76)}];0,0;0,0;0,0;0,0
./audios/SP_D2_333_413.75092_415.32588.wav;413,75092;415,32588;o o que você quer mais depois disto?;o o que você quer mais depois disto;1,574959999999976;o que é que você queimar depois disso;;[{'text': 'o', 'timestamp': (0.06, 0.08)}, {'text': 'que', 'timestamp': (0.14, 0.2)}, {'text': 'é', 'timestamp': (0.22, 0.24)}, {'text': 'que', 'timestamp': (0.28, 0.34)}, {'text': 'você', 'timestamp': (0.38, 0.52)}, {'text': 'queimar', 'timestamp': (0.62, 0.9)}, {'text': 'depois', 'timestamp': (0.98, 1.22)}, {'text': 'disso', 'timestamp': (1.28, 1.52)}];0,625;0,5555555555555556;0,75;0,2857142857142857
./audios/SP_D2_333_415.7844_415.98776.wav;415,7844;415,98776;[quer dizer;quer dizer;0,20335999999997512;hoje;;[{'text': 'hoje', 'timestamp': (0.96, 1.14)}];1,0;1,0;1,0;0,9
./audios/SP_D2_333_415.98776_416.78136.wav;415,98776;416,78136;não há codificação;não há codificação;0,7936000000000263;não há codificação;;[{'text': 'não', 'timestamp': (0.96, 1.06)}, {'text': 'há', 'timestamp': (1.1, 1.14)}, {'text': 'codificação', 'timestamp': (1.22, 1.74)}];0,0;0,0;0,0;0,0
./audios/SP_D2_333_416.78136_417.4956.wav;416,78136;417,4956;como é que não há codi/;como é que não há codi;0,714240000000018;mas por que não há acordo;;[{'text': 'mas', 'timestamp': (1.0, 1.08)}, {'text': 'por', 'timestamp': (1.12, 1.18)}, {'text': 'que', 'timestamp': (1.24, 1.3)}, {'text': 'não', 'timestamp': (1.34, 1.4)}, {'text': 'há', 'timestamp': (1.42, 1.46)}, {'text': 'acordo', 'timestamp': (1.48, 1.7)}];0,5;0,5;0,75;0,45454545454545453
./audios/SP_D2_333_417.4956_418.67379.wav;417,4956;418,67379;[não pode haver uma codificação;não pode haver uma codificação;1,1781899999999723;e a davino codificação;;[{'text': 'e', 'timestamp': (0.14, 0.16)}, {'text': 'a', 'timestamp': (0.2, 0.22)}, {'text': 'davino', 'timestamp': (0.26, 0.58)}, {'text': 'codificação', 'timestamp': (0.6, 1.08)}];0,8;0,8;0,95;0,4666666666666667
./audios/SP_D2_333_418.97903_419.79094.wav;418,97903;419,79094;[num país assim;num país assim;0,8119099999999548;no país a si;;[{'text': 'no', 'timestamp': (1.04, 1.12)}, {'text': 'país', 'timestamp': (1.18, 1.38)}, {'text': 'a', 'timestamp': (1.5, 1.52)}, {'text': 'si', 'timestamp': (1.64, 1.68)}];1,0;0,75;0,9166666666666666;0,2857142857142857
./audios/SP_D2_333_419.79094_419.97408.wav;419,79094;419,97408;[não é?;não é;0,18314000000003716;e;;[{'text': 'e', 'timestamp': (1.08, 1.1)}];1,0;1,0;1,0;1,0
./audios/SP_D2_333_429.91826_430.44336.wav;429,91826;430,44336;[cursou;cursou;0,525100000000009;se a trama;;[{'text': 'se', 'timestamp': (0.96, 1.02)}, {'text': 'a', 'timestamp': (1.08, 1.1)}, {'text': 'trama', 'timestamp': (1.16, 1.38)}];3,0;1,0;1,0;1,5
./audios/SP_D2_333_430.44336_431.62102.wav;430,44336;431,62102;Juca de [Oliveira;juca de oliveira;1,177660000000003;tá muito bem salta;;[{'text': 'tá', 'timestamp': (0.32, 0.42)}, {'text': 'muito', 'timestamp': (0.46, 0.56)}, {'text': 'bem', 'timestamp': (0.6, 0.7)}, {'text': 'salta', 'timestamp': (0.88, 1.12)}];1,3333333333333333;1,0;1,0;1,0
./audios/SP_D2_333_431.9967_432.8424.wav;431,9967;432,8424;[Araci;araci;0,8457000000000221;araci;;[{'text': 'araci', 'timestamp': (1.04, 1.48)}];0,0;0,0;0,0;0,0
./audios/SP_D2_333_437.74607_438.65965.wav;437,74607;438,65965;[fala por exemplos;fala por exemplos;0,9135800000000245;para de vaidoso;;[{'text': 'para', 'timestamp': (0.94, 1.08)}, {'text': 'de', 'timestamp': (1.14, 1.2)}, {'text': 'vaidoso', 'timestamp': (1.26, 1.78)}];1,0;1,0;1,0;0,7058823529411765
./audios/SP_D2_333_440.70151_442.01115.wav;440,70151;442,01115;mas [ela faz o curso aqui;mas ela faz o curso aqui;1,3096400000000017;mas ela tem pressa aqui;;[{'text': 'mas', 'timestamp': (0.06, 0.16)}, {'text': 'ela', 'timestamp': (0.2, 0.32)}, {'text': 'tem', 'timestamp': (0.5, 0.7)}, {'text': 'pressa', 'timestamp': (0.72, 0.9)}, {'text': 'aqui', 'timestamp': (0.98, 1.1)}];0,5;0,5;0,7;0,375
./audios/SP_D2_333_452.06585_452.43925.wav;452,06585;452,43925;[mas;mas;0,37340000000000373;não ter;;[{'text': 'não', 'timestamp': (1.04, 1.1)}, {'text': 'ter', 'timestamp': (1.18, 1.32)}];2,0;1,0;1,0;2,3333333333333335
./audios/SP_D2_333_452.58668_453.5088.wav;452,58668;453,5088;[( ) ele carrega;ele carrega;0,9221200000000067;o estádio não verga;;[{'text': 'o', 'timestamp': (1.02, 1.06)}, {'text': 'estádio', 'timestamp': (1.12, 1.4)}, {'text': 'não', 'timestamp': (1.46, 1.54)}, {'text': 'verga', 'timestamp': (1.62, 1.84)}];2,0;1,0;1,0;1,2727272727272727
./audios/SP_D2_333_453.5088_453.94425.wav;453,5088;453,94425;mas é vô/;mas é vô;0,435450000000003;você vou;;[{'text': 'você', 'timestamp': (1.0, 1.14)}, {'text': 'vou', 'timestamp': (1.22, 1.4)}];1,0;1,0;1,0;0,875
./audios/SP_D2_333_453.94425_454.42239.wav;453,94425;454,42239;voluntária;voluntária;0,47813999999999623;voluntária;;[{'text': 'voluntária', 'timestamp': (1.06, 1.46)}];0,0;0,0;0,0;0,0
./audios/SP_D2_333_454.42239_454.68707.wav;454,42239;454,68707;né?;né;0,26467999999999847;é né;;[{'text': 'é', 'timestamp': (1.0, 1.02)}, {'text': 'né', 'timestamp': (1.06, 1.12)}];1,0;0,5;0,5;1,0
./audios/SP_D2_333_518.15731_520.32822.wav;518,15731;520,32822;eu acho Helena mas eu acho também;eu acho helena mas eu acho também;2,1709099999999353;eu acho ele na mas eu eu acho também;;[{'text': 'eu', 'timestamp': (0.12, 0.16)}, {'text': 'acho', 'timestamp': (0.24, 0.4)}, {'text': 'ele', 'timestamp': (0.46, 0.62)}, {'text': 'na', 'timestamp': (0.66, 0.7)}, {'text': 'mas', 'timestamp': (0.78, 0.92)}, {'text': 'eu', 'timestamp': (0.98, 1.08)}, {'text': 'eu', 'timestamp': (1.3, 1.38)}, {'text': 'acho', 'timestamp': (1.5, 1.7)}, {'text': 'também', 'timestamp': (1.78, 2.06)}];0,42857142857142855;0,3333333333333333;0,4285714285714286;0,15151515151515152
./audios/SP_D2_333_520.611_523.39658.wav;520,611;523,39658;[eu fico ( ) revoltada com a influência;eu fico revoltada com a influência;2,7855799999999817;eu fico tipo revoltada com a influência;;[{'text': 'eu', 'timestamp': (0.08, 0.12)}, {'text': 'fico', 'timestamp': (0.24, 0.36)}, {'text': 'tipo', 'timestamp': (0.48, 0.66)}, {'text': 'revoltada', 'timestamp': (0.74, 1.28)}, {'text': 'com', 'timestamp': (1.4, 1.52)}, {'text': 'a', 'timestamp': (1.64, 1.66)}, {'text': 'influência', 'timestamp': (1.8, 2.56)}];0,16666666666666666;0,14285714285714285;0,1428571428571429;0,14705882352941177
./audios/SP_D2_333_523.63121_525.88977.wav;523,63121;525,88977;excessiva por exemplo DO cinema;excessiva por exemplo do cinema;2,2585599999999886;excessiva por exemplo do cinema;;[{'text': 'excessiva', 'timestamp': (0.08, 0.68)}, {'text': 'por', 'timestamp': (0.76, 0.84)}, {'text': 'exemplo', 'timestamp': (0.9, 1.18)}, {'text': 'do', 'timestamp': (1.36, 1.42)}, {'text': 'cinema', 'timestamp': (1.62, 2.08)}];0,0;0,0;0,0;0,0
./audios/SP_D2_333_526.08_527.25816.wav;526,08;527,25816;da história em quadrinhos;da história em quadrinhos;1,1781599999999344;da história em quadrinho se;;[{'text': 'da', 'timestamp': (0.08, 0.14)}, {'text': 'história', 'timestamp': (0.22, 0.5)}, {'text': 'em', 'timestamp': (0.52, 0.58)}, {'text': 'quadrinho', 'timestamp': (0.6, 0.92)}, {'text': 'se', 'timestamp': (1.0, 1.06)}];0,5;0,4;0,55;0,08
./audios/SP_D2_333_527.46718_531.54975.wav;527,46718;531,54975;histórias que não têm nada que ver com (nós) mas absolutamente nada que ver com a nossa formação;histórias que não têm nada que ver com nós mas absolutamente nada que ver com a nossa formação;4,0825700000000325;histórias que não têm nada que ver com nomia absolutamente nada que ver com a nossa formação;;[{'text': 'histórias', 'timestamp': (0.06, 0.44)}, {'text': 'que', 'timestamp': (0.5, 0.56)}, {'text': 'não', 'timestamp': (0.6, 0.68)}, {'text': 'têm', 'timestamp': (0.7, 0.8)}, {'text': 'nada', 'timestamp': (0.92, 1.12)}, {'text': 'que', 'timestamp': (1.22, 1.28)}, {'text': 'ver', 'timestamp': (1.34, 1.4)}, {'text': 'com', 'timestamp': (1.44, 1.54)}, {'text': 'nomia', 'timestamp': (1.56, 1.76)}, {'text': 'absolutamente', 'timestamp': (1.86, 2.3)}, {'text': 'nada', 'timestamp': (2.46, 2.64)}, {'text': 'que', 'timestamp': (2.74, 2.84)}, {'text': 'ver', 'timestamp': (2.88, 2.96)}, {'text': 'com', 'timestamp': (3.02, 3.08)}, {'text': 'a', 'timestamp': (3.12, 3.14)}, {'text': 'nossa', 'timestamp': (3.2, 3.4)}, {'text': 'formação', 'timestamp': (3.5, 3.98)}];0,1111111111111111;0,1111111111111111;0,1633986928104576;0,05319148936170213
./audios/SP_D2_333_531.86943_532.98011.wav;531,86943;532,98011;[com a nossa história;com a nossa história;1,110680000000002;a nossa história;;[{'text': 'a', 'timestamp': (0.0, 0.02)}, {'text': 'nossa', 'timestamp': (0.22, 0.44)}, {'text': 'história', 'timestamp': (0.5, 1.04)}];0,25;0,25;0,25;0,2
./audios/SP_D2_333_532.98011_533.38585.wav;532,98011;533,38585;com a nossa;com a nossa;0,40574000000003707;era;;[{'text': 'era', 'timestamp': (1.12, 1.22)}];1,0;1,0;1,0;0,9090909090909091
./audios/SP_D2_333_533.92927_537.30519.wav;533,92927;537,30519;[e então então vem tudo aquilo de cambulhada e im/ e im/;e então então vem tudo aquilo de cambulhada e im e im;3,3759200000000646;então então vem tudo aquilo de cambulhada em;;[{'text': 'então', 'timestamp': (0.14, 0.56)}, {'text': 'então', 'timestamp': (0.74, 0.98)}, {'text': 'vem', 'timestamp': (1.14, 1.26)}, {'text': 'tudo', 'timestamp': (1.4, 1.56)}, {'text': 'aquilo', 'timestamp': (1.64, 1.88)}, {'text': 'de', 'timestamp': (1.94, 1.98)}, {'text': 'cambulhada', 'timestamp': (2.06, 2.64)}, {'text': 'em', 'timestamp': (2.84, 2.92)}];0,4166666666666667;0,4166666666666667;0,48958333333333326;0,16981132075471697
./audios/SP_D2_333_537.51951_538.99135.wav;537,51951;538,99135;im::POSto sobre [nós;imposto sobre nós;1,471840000000043;imposto sobre nova;;[{'text': 'imposto', 'timestamp': (0.14, 0.78)}, {'text': 'sobre', 'timestamp': (0.94, 1.12)}, {'text': 'nova', 'timestamp': (1.18, 1.4)}];0,3333333333333333;0,3333333333333333;0,5555555555555556;0,17647058823529413
./audios/SP_D2_333_541.01345_541.24515.wav;541,01345;541,24515;[é;é;0,23169999999993252;ele;;[{'text': 'ele', 'timestamp': (1.02, 1.2)}];1,0;1,0;1,0;3,0
./audios/SP_D2_333_541.44209_543.05299.wav;541,44209;543,05299;[agora quan/ quando há uma influência;agora quan quando há uma influência;1,610900000000015;agora quando quando há uma influência;;[{'text': 'agora', 'timestamp': (0.06, 0.26)}, {'text': 'quando', 'timestamp': (0.36, 0.52)}, {'text': 'quando', 'timestamp': (0.62, 0.78)}, {'text': 'há', 'timestamp': (0.86, 0.92)}, {'text': 'uma', 'timestamp': (0.96, 1.04)}, {'text': 'influência', 'timestamp': (1.08, 1.56)}];0,16666666666666666;0,16666666666666666;0,30555555555555547;0,05714285714285714
./audios/SP_D2_333_543.05299_544.43979.wav;543,05299;544,43979;por exemplo você citou o italiano;por exemplo você citou o italiano;1,3867999999999938;por exemplo se situa o italiano;;[{'text': 'por', 'timestamp': (0.0, 0.08)}, {'text': 'exemplo', 'timestamp': (0.1, 0.3)}, {'text': 'se', 'timestamp': (0.32, 0.4)}, {'text': 'situa', 'timestamp': (0.54, 0.76)}, {'text': 'o', 'timestamp': (0.78, 0.8)}, {'text': 'italiano', 'timestamp': (0.86, 1.3)}];0,3333333333333333;0,3333333333333333;0,5555555555555556;0,21212121212121213
./audios/SP_D2_333_544.76996_546.09313.wav;544,76996;546,09313;o italiano está morando aqui;o italiano está morando aqui;1,3231700000000046;o italiano tá morando aqui;;[{'text': 'o', 'timestamp': (0.02, 0.04)}, {'text': 'italiano', 'timestamp': (0.08, 0.36)}, {'text': 'tá', 'timestamp': (0.44, 0.48)}, {'text': 'morando', 'timestamp': (0.56, 0.86)}, {'text': 'aqui', 'timestamp': (0.96, 1.14)}];0,2;0,2;0,3599999999999999;0,07142857142857142
./audios/SP_D2_333_546.09313_546.85773.wav;546,09313;546,85773;miLHAres;milhares;0,7645999999999731;milhares;;[{'text': 'milhares', 'timestamp': (1.02, 1.48)}];0,0;0,0;0,0;0,0
./audios/SP_D2_333_547.28637_547.57431.wav;547,28637;547,57431;não é?;não é;0,287939999999935;ela é;;[{'text': 'ela', 'timestamp': (1.0, 1.1)}, {'text': 'é', 'timestamp': (1.14, 1.16)}];0,5;0,5;0,75;0,6
./audios/SP_D2_333_547.88_548.96966.wav;547,88;548,96966;e eles são brasi/;e eles são brasi;1,0896599999999808;e eles são brasil;;[{'text': 'e', 'timestamp': (0.04, 0.06)}, {'text': 'eles', 'timestamp': (0.22, 0.38)}, {'text': 'são', 'timestamp': (0.54, 0.66)}, {'text': 'brasil', 'timestamp': (0.84, 1.02)}];0,25;0,25;0,4375;0,0625
./audios/SP_D2_333_548.96966_550.4399.wav;548,96966;550,4399;são são propri braziliani;são são propri braziliani;1,4702399999999898;são o seu próprio brasiliario;;[{'text': 'são', 'timestamp': (0.06, 0.14)}, {'text': 'o', 'timestamp': (0.16, 0.2)}, {'text': 'seu', 'timestamp': (0.24, 0.32)}, {'text': 'próprio', 'timestamp': (0.4, 0.64)}, {'text': 'brasiliario', 'timestamp': (0.7, 1.36)}];1,0;0,8;0,95;0,36
./audios/SP_D2_333_550.4399_550.58972.wav;550,4399;550,58972;né?;né;0,14982000000009066;dá;;[{'text': 'dá', 'timestamp': (1.0, 1.06)}];1,0;1,0;1,0;1,0
./audios/SP_D2_333_551.26065_552.1824.wav;551,26065;552,1824;[propri braziliani;propri braziliani;0,9217499999999745;próprio pai diaria né;;[{'text': 'próprio', 'timestamp': (0.98, 1.22)}, {'text': 'pai', 'timestamp': (1.26, 1.34)}, {'text': 'diaria', 'timestamp': (1.38, 1.64)}, {'text': 'né', 'timestamp': (1.76, 1.8)}];2,0;1,0;1,0;0,6470588235294118
./audios/SP_D2_333_552.1824_553.05641.wav;552,1824;553,05641;de modo que é;de modo que é;0,8740099999999984;de modo que é;;[{'text': 'de', 'timestamp': (1.0, 1.06)}, {'text': 'modo', 'timestamp': (1.14, 1.32)}, {'text': 'que', 'timestamp': (1.42, 1.5)}, {'text': 'é', 'timestamp': (1.64, 1.66)}];0,0;0,0;0,0;0,0
./audios/SP_D2_333_553.22908_554.22956.wav;553,22908;554,22956;é muito justo e essa::;é muito justo e essa;1,0004800000000387;é muito justo;;[{'text': 'é', 'timestamp': (0.04, 0.06)}, {'text': 'muito', 'timestamp': (0.16, 0.3)}, {'text': 'justo', 'timestamp': (0.44, 0.8)}];0,4;0,4;0,4;0,35
./audios/SP_D2_333_554.52412_554.63343.wav;554,52412;554,63343;é;é;0,10930999999993674;e;;[{'text': 'e', 'timestamp': (0.1, 0.18)}];1,0;1,0;1,0;1,0
./audios/SP_D2_333_554.63343_555.31903.wav;554,63343;555,31903;[essa::;essa;0,6856000000000222;é essa a gi;;[{'text': 'é', 'timestamp': (0.98, 1.0)}, {'text': 'essa', 'timestamp': (1.12, 1.34)}, {'text': 'a', 'timestamp': (1.5, 1.52)}, {'text': 'gi', 'timestamp': (1.56, 1.64)}];3,0;0,75;0,75;1,75
./audios/SP_D2_333_555.6_557.70741.wav;555,6;557,70741;[(esse) entrosamento é muito justo;esse entrosamento é muito justo;2,107409999999959;o casamento é muito justo;;[{'text': 'o', 'timestamp': (0.24, 0.26)}, {'text': 'casamento', 'timestamp': (0.36, 0.98)}, {'text': 'é', 'timestamp': (1.06, 1.08)}, {'text': 'muito', 'timestamp': (1.18, 1.36)}, {'text': 'justo', 'timestamp': (1.58, 1.98)}];0,4;0,4;0,64;0,2903225806451613
./audios/SP_D2_333_558.19303_560.27427.wav;558,19303;560,27427;[mas quando vem assim de uma maneira;mas quando vem assim de uma maneira;2,0812399999999798;você quando vem assim de uma maneira;;[{'text': 'você', 'timestamp': (0.18, 0.4)}, {'text': 'quando', 'timestamp': (0.54, 0.7)}, {'text': 'vem', 'timestamp': (0.8, 0.92)}, {'text': 'assim', 'timestamp': (0.96, 1.16)}, {'text': 'de', 'timestamp': (1.22, 1.26)}, {'text': 'uma', 'timestamp': (1.28, 1.36)}, {'text': 'maneira', 'timestamp': (1.42, 1.72)}];0,14285714285714285;0,14285714285714285;0,26530612244897966;0,11428571428571428
./audios/SP_D2_333_560.73642_560.8837.wav;560,73642;560,8837;éh;eh;0,1472800000000234;a;;[{'text': 'a', 'timestamp': (1.04, 1.06)}];1,0;1,0;1,0;1,0
./audios/SP_D2_333_560.8837_562.2803.wav;560,8837;562,2803;imPOSta por assim dizer;imposta por assim dizer;1,396600000000035;imposta por assim dizer;;[{'text': 'imposta', 'timestamp': (0.08, 0.62)}, {'text': 'por', 'timestamp': (0.72, 0.8)}, {'text': 'assim', 'timestamp': (0.84, 1.02)}, {'text': 'dizer', 'timestamp': (1.1, 1.32)}];0,0;0,0;0,0;0,0
./audios/SP_D2_333_562.2803_562.48033.wav;562,2803;562,48033;não é?;não é;0,20002999999996973;não é;;[{'text': 'não', 'timestamp': (1.02, 1.1)}, {'text': 'é', 'timestamp': (1.14, 1.16)}];0,0;0,0;0,0;0,0
./audios/SP_D2_333_687.66676_691.03879.wav;687,66676;691,03879;[papai mesmo tem nos nos livros dele ele tem muitas expressões;papai mesmo tem nos nos livros dele ele tem muitas expressões;3,372029999999995;papai mesmo tem os livros dele ele tem muitas expressões;;[{'text': 'papai', 'timestamp': (0.04, 0.3)}, {'text': 'mesmo', 'timestamp': (0.38, 0.56)}, {'text': 'tem', 'timestamp': (0.66, 0.76)}, {'text': 'os', 'timestamp': (0.84, 1.14)}, {'text': 'livros', 'timestamp': (1.2, 1.44)}, {'text': 'dele', 'timestamp': (1.48, 1.72)}, {'text': 'ele', 'timestamp': (1.74, 1.82)}, {'text': 'tem', 'timestamp': (1.9, 2.0)}, {'text': 'muitas', 'timestamp': (2.22, 2.6)}, {'text': 'expressões', 'timestamp': (2.68, 3.28)}];0,18181818181818182;0,18181818181818182;0,26363636363636356;0,08196721311475409
./audios/SP_D2_333_691.48429_692.85791.wav;691,48429;692,85791;completamente::;completamente;1,3736199999999599;completamente;;[{'text': 'completamente', 'timestamp': (0.04, 0.78)}];0,0;0,0;0,0;0,0
./audios/SP_D2_333_692.85791_694.58902.wav;692,85791;694,58902;caídas em desuso e::;caídas em desuso e;1,7311100000000579;caído assente es oso e;;[{'text': 'caído', 'timestamp': (0.14, 0.36)}, {'text': 'assente', 'timestamp': (0.4, 0.6)}, {'text': 'es', 'timestamp': (0.68, 0.8)}, {'text': 'oso', 'timestamp': (0.88, 1.18)}, {'text': 'e', 'timestamp': (1.32, 1.34)}];1,0;0,8;0,95;0,5
./audios/SP_D2_333_694.58902_695.7311.wav;694,58902;695,7311;portuguesas de portu/ e;portuguesas de portu e;1,1420799999999645;portuguesas e portuguesa;;[{'text': 'portuguesas', 'timestamp': (0.1, 0.62)}, {'text': 'e', 'timestamp': (0.7, 0.72)}, {'text': 'portuguesa', 'timestamp': (0.78, 1.08)}];0,75;0,75;0,9166666666666666;0,22727272727272727
./audios/SP_D2_333_696.50353_697.51558.wav;696,50353;697,51558;português clássico;português clássico;1,0120500000000447;português clássico;;[{'text': 'português', 'timestamp': (0.04, 0.36)}, {'text': 'clássico', 'timestamp': (0.46, 0.92)}];0,0;0,0;0,0;0,0
./audios/SP_D2_333_697.51558_697.76446.wav;697,51558;697,76446;não é?;não é;0,24887999999998556;paris;;[{'text': 'paris', 'timestamp': (1.0, 1.44)}];1,0;1,0;1,0;1,0
./audios/SP_D2_333_698.14926_699.60575.wav;698,14926;699,60575;tem ( ) entre os caboclos;tem entre os caboclos;1,456489999999917;tem dois outros caboclos;;[{'text': 'tem', 'timestamp': (0.08, 0.16)}, {'text': 'dois', 'timestamp': (0.28, 0.4)}, {'text': 'outros', 'timestamp': (0.5, 0.68)}, {'text': 'caboclos', 'timestamp': (0.74, 1.22)}];0,5;0,5;0,75;0,42857142857142855
./audios/SP_D2_333_700.59977_701.48927.wav;700,59977;701,48927;tem muita [coisa ainda;tem muita coisa ainda;0,8894999999999982;tem quanta coisa aí muita e;;[{'text': 'tem', 'timestamp': (1.0, 1.06)}, {'text': 'quanta', 'timestamp': (1.12, 1.3)}, {'text': 'coisa', 'timestamp': (1.4, 1.54)}, {'text': 'aí', 'timestamp': (1.58, 1.66)}, {'text': 'muita', 'timestamp': (1.72, 1.86)}, {'text': 'e', 'timestamp': (1.96, 1.98)}];1,0;0,6666666666666666;0,8333333333333334;0,5238095238095238
./audios/SP_D2_333_706.36392_706.84021.wav;706,36392;706,84021;[e o::;e o;0,47628999999994903;e eu fui;;[{'text': 'e', 'timestamp': (1.02, 1.04)}, {'text': 'eu', 'timestamp': (1.08, 1.16)}, {'text': 'fui', 'timestamp': (1.28, 1.44)}];1,0;0,6666666666666666;0,8333333333333334;2,0
./audios/SP_D2_333_706.84021_707.81535.wav;706,84021;707,81535;e o emprego do vós;e o emprego do vós;0,9751400000000103;e o emprego do vos;;[{'text': 'e', 'timestamp': (1.02, 1.04)}, {'text': 'o', 'timestamp': (1.06, 1.1)}, {'text': 'emprego', 'timestamp': (1.14, 1.5)}, {'text': 'do', 'timestamp': (1.56, 1.62)}, {'text': 'vos', 'timestamp': (1.68, 1.92)}];0,2;0,2;0,3599999999999999;0,05555555555555555
./audios/SP_D2_333_707.81535_708.05204.wav;707,81535;708,05204;não é?;não é;0,2366900000000669;não é;;[{'text': 'não', 'timestamp': (1.0, 1.08)}, {'text': 'é', 'timestamp': (1.12, 1.14)}];0,0;0,0;0,0;0,0
./audios/SP_D2_333_708.86821_709.78431.wav;708,86821;709,78431;[o emprego do vós;o emprego do vós;0,9161000000000286;o emprego do moço;;[{'text': 'o', 'timestamp': (0.98, 1.0)}, {'text': 'emprego', 'timestamp': (1.06, 1.34)}, {'text': 'do', 'timestamp': (1.38, 1.44)}, {'text': 'moço', 'timestamp': (1.5, 1.78)}];0,25;0,25;0,4375;0,25
./audios/SP_D2_333_711.04188_711.47472.wav;711,04188;711,47472;também;também;0,4328400000000556;tadei;;[{'text': 'tadei', 'timestamp': (1.02, 1.3)}];1,0;1,0;1,0;0,6666666666666666
./audios/SP_D2_333_711.47472_712.62832.wav;711,47472;712,62832;que aliás até algum;que aliás até algum;1,153599999999983;e aliás até algo;;[{'text': 'e', 'timestamp': (0.04, 0.06)}, {'text': 'aliás', 'timestamp': (0.1, 0.38)}, {'text': 'até', 'timestamp': (0.48, 0.64)}, {'text': 'algo', 'timestamp': (0.76, 0.94)}];0,5;0,5;0,75;0,21052631578947367
./audios/SP_D2_333_713.13439_714.07018.wav;713,13439;714,07018;até o::;até o;0,9357899999999972;até o;;[{'text': 'até', 'timestamp': (1.08, 1.36)}, {'text': 'o', 'timestamp': (1.58, 1.6)}];0,0;0,0;0,0;0,0
./audios/SP_D2_333_714.07018_715.57857.wav;714,07018;715,57857;acho que o fim do século passado;acho que o fim do século passado;1,508389999999963;acho que o fim do século passado;;[{'text': 'acho', 'timestamp': (0.02, 0.14)}, {'text': 'que', 'timestamp': (0.16, 0.22)}, {'text': 'o', 'timestamp': (0.24, 0.26)}, {'text': 'fim', 'timestamp': (0.3, 0.38)}, {'text': 'do', 'timestamp': (0.42, 0.48)}, {'text': 'século', 'timestamp': (0.54, 0.78)}, {'text': 'passado', 'timestamp': (0.86, 1.28)}];0,0;0,0;0,0;0,0
./audios/SP_D2_333_715.96533_716.10918.wav;715,96533;716,10918;éh;eh;0,1438500000000431;a;;[{'text': 'a', 'timestamp': (1.12, 1.14)}];1,0;1,0;1,0;1,0
./audios/SP_D2_333_716.10918_717.15981.wav;716,10918;717,15981;mamãe sempre como::;mamãe sempre como;1,0506299999999555;na base e como;;[{'text': 'na', 'timestamp': (0.04, 0.12)}, {'text': 'base', 'timestamp': (0.18, 0.38)}, {'text': 'e', 'timestamp': (0.48, 0.5)}, {'text': 'como', 'timestamp': (0.56, 0.8)}];1,0;0,75;0,9166666666666666;0,47058823529411764
./audios/SP_D2_333_717.42729_721.73683.wav;717,42729;721,73683;contava que elas tinham umas amigas que eram sempre carinhosas eram umas velhinhas muito simpáticas;contava que elas tinham umas amigas que eram sempre carinhosas eram umas velhinhas muito simpáticas;4,309540000000084;contava que elas tinham umas amigas que eram assim o carinhosas e eram umas velhinhas muito simpáticas;;[{'text': 'contava', 'timestamp': (0.06, 0.38)}, {'text': 'que', 'timestamp': (0.5, 0.56)}, {'text': 'elas', 'timestamp': (0.78, 0.9)}, {'text': 'tinham', 'timestamp': (0.96, 1.1)}, {'text': 'umas', 'timestamp': (1.2, 1.34)}, {'text': 'amigas', 'timestamp': (1.42, 1.74)}, {'text': 'que', 'timestamp': (1.78, 1.84)}, {'text': 'eram', 'timestamp': (1.88, 1.96)}, {'text': 'assim', 'timestamp': (1.98, 2.12)}, {'text': 'o', 'timestamp': (2.22, 2.24)}, {'text': 'carinhosas', 'timestamp': (2.3, 2.64)}, {'text': 'e', 'timestamp': (2.66, 2.68)}, {'text': 'eram', 'timestamp': (2.82, 2.92)}, {'text': 'umas', 'timestamp': (2.98, 3.08)}, {'text': 'velhinhas', 'timestamp': (3.14, 3.48)}, {'text': 'muito', 'timestamp': (3.54, 3.66)}, {'text': 'simpáticas', 'timestamp': (3.76, 4.26)}];0,2;0,17647058823529413;0,2313725490196079;0,08080808080808081
./audios/SP_D2_333_721.73683_723.13808.wav;721,73683;723,13808;então elas se vi/ iam visitá-las;então elas se vi iam visitálas;1,4012499999998909;a gente elas iam visitá las;;[{'text': 'a', 'timestamp': (0.0, 0.02)}, {'text': 'gente', 'timestamp': (0.04, 0.16)}, {'text': 'elas', 'timestamp': (0.18, 0.28)}, {'text': 'iam', 'timestamp': (0.36, 0.64)}, {'text': 'visitá', 'timestamp': (0.72, 0.98)}, {'text': 'las', 'timestamp': (1.1, 1.2)}];1,0;0,8571428571428571;0,9722222222222222;0,4
./audios/SP_D2_333_723.48958_724.8215.wav;723,48958;724,8215;e almoçavam com elas e elas diziam;e almoçavam com elas e elas diziam;1,3319199999999682;e um sapo com gás já disse;;[{'text': 'e', 'timestamp': (0.06, 0.08)}, {'text': 'um', 'timestamp': (0.18, 0.22)}, {'text': 'sapo', 'timestamp': (0.3, 0.52)}, {'text': 'com', 'timestamp': (0.58, 0.66)}, {'text': 'gás', 'timestamp': (0.72, 0.88)}, {'text': 'já', 'timestamp': (0.96, 1.0)}, {'text': 'disse', 'timestamp': (1.04, 1.18)}];0,8571428571428571;0,75;0,9183673469387755;0,5882352941176471
./audios/SP_D2_333_724.8215_726.56.wav;724,8215;726,56;''comei batati::nha;comei batatinha;1,7384999999999309;come batatinha;;[{'text': 'come', 'timestamp': (0.04, 0.24)}, {'text': 'batatinha', 'timestamp': (0.46, 1.4)}];0,5;0,5;0,75;0,06666666666666667
./audios/SP_D2_333_727.05737_728.16779.wav;727,05737;728,16779;[comei [batatinha'';comei batatinha;1,1104199999999764;comi batatinha;;[{'text': 'comi', 'timestamp': (0.04, 0.22)}, {'text': 'batatinha', 'timestamp': (0.38, 1.04)}];0,5;0,5;0,75;0,06666666666666667
./audios/SP_D2_333_728.16779_728.44787.wav;728,16779;728,44787;quer dizer;quer dizer;0,2800799999999981;quer dizer o;;[{'text': 'quer', 'timestamp': (1.02, 1.12)}, {'text': 'dizer', 'timestamp': (1.16, 1.26)}, {'text': 'o', 'timestamp': (1.66, 1.68)}];0,5;0,3333333333333333;0,33333333333333337;0,2
./audios/SP_D2_333_728.44787_729.91599.wav;728,44787;729,91599;ofereciam as coisas assim;ofereciam as coisas assim;1,468119999999999;ofereciam as coisas assim;;[{'text': 'ofereciam', 'timestamp': (0.08, 0.48)}, {'text': 'as', 'timestamp': (0.54, 0.6)}, {'text': 'coisas', 'timestamp': (0.68, 0.96)}, {'text': 'assim', 'timestamp': (1.02, 1.24)}];0,0;0,0;0,0;0,0
./audios/SP_D2_333_730.36952_731.30408.wav;730,36952;731,30408;nessa nessa;nessa nessa;0,9345600000000331;nessa nessa;;[{'text': 'nessa', 'timestamp': (1.04, 1.28)}, {'text': 'nessa', 'timestamp': (1.54, 1.78)}];0,0;0,0;0,0;0,0
./audios/SP_D2_333_731.64903_732.34814.wav;731,64903;732,34814;nessa linguagem;nessa linguagem;0,6991099999999051;essa linguagem;;[{'text': 'essa', 'timestamp': (1.08, 1.22)}, {'text': 'linguagem', 'timestamp': (1.34, 1.68)}];0,5;0,5;0,75;0,06666666666666667
./audios/SP_D2_333_732.34814_734.34215.wav;732,34814;734,34215;usavam ainda normalmente essa linguagem;usavam ainda normalmente essa linguagem;1,994010000000003;usavam ainda normalmente essa linguagem;;[{'text': 'usavam', 'timestamp': (0.08, 0.36)}, {'text': 'ainda', 'timestamp': (0.42, 0.62)}, {'text': 'normalmente', 'timestamp': (0.74, 1.28)}, {'text': 'essa', 'timestamp': (1.4, 1.52)}, {'text': 'linguagem', 'timestamp': (1.6, 1.92)}];0,0;0,0;0,0;0,0
./audios/SP_D2_333_734.34215_735.10798.wav;734,34215;735,10798;isso não é tão;isso não é tão;0,7658300000000509;isso é no letna;;[{'text': 'isso', 'timestamp': (1.06, 1.2)}, {'text': 'é', 'timestamp': (1.26, 1.28)}, {'text': 'no', 'timestamp': (1.3, 1.36)}, {'text': 'letna', 'timestamp': (1.4, 1.68)}];0,75;0,75;0,9375;0,5
./audios/SP_D2_333_735.10798_735.89303.wav;735,10798;735,89303;é começo do século;é começo do século;0,7850499999999556;ele começa a se ater;;[{'text': 'ele', 'timestamp': (1.02, 1.08)}, {'text': 'começa', 'timestamp': (1.14, 1.36)}, {'text': 'a', 'timestamp': (1.42, 1.44)}, {'text': 'se', 'timestamp': (1.5, 1.54)}, {'text': 'ater', 'timestamp': (1.58, 1.78)}];1,25;1,0;1,0;0,6666666666666666
./audios/SP_D2_333_735.89303_736.06634.wav;735,89303;736,06634;não é?;não é;0,17331000000001495;o;;[{'text': 'o', 'timestamp': (0.8, 0.84)}];1,0;1,0;1,0;0,8
./audios/SP_D2_333_736.96_737.43425.wav;736,96;737,43425;[ainda;ainda;0,47424999999998363;ainda;;[{'text': 'ainda', 'timestamp': (1.1, 1.36)}];0,0;0,0;0,0;0,0
./audios/SP_D2_333_738.85762_739.69094.wav;738,85762;739,69094;[usando vós;usando vós;0,8333199999999579;fazendo o vosso;;[{'text': 'fazendo', 'timestamp': (0.94, 1.24)}, {'text': 'o', 'timestamp': (1.28, 1.3)}, {'text': 'vosso', 'timestamp': (1.34, 1.72)}];1,5;1,0;1,0;0,9
./audios/SP_D2_333_798.83341_799.53417.wav;798,83341;799,53417;[madamia;madamia;0,7007600000000593;ladaria;;[{'text': 'ladaria', 'timestamp': (1.06, 1.56)}];1,0;1,0;1,0;0,2857142857142857
./audios/SP_D2_333_799.53417_800.06301.wav;799,53417;800,06301;delicioso;delicioso;0,5288399999999456;delicioso;;[{'text': 'delicioso', 'timestamp': (1.0, 1.5)}];0,0;0,0;0,0;0,0
./audios/SP_D2_333_801.23811_802.22671.wav;801,23811;802,22671;[( ) madamia;madamia;0,9886000000000195;de ter malaia;;[{'text': 'de', 'timestamp': (0.98, 1.04)}, {'text': 'ter', 'timestamp': (1.12, 1.22)}, {'text': 'malaia', 'timestamp': (1.28, 1.68)}];3,0;1,0;1,0;1,2857142857142858
./audios/SP_D2_333_875.92437_877.36.wav;875,92437;877,36;[mas no setor [musical é maravilho;mas no setor musical é maravilho;1,4356300000000601;se toda e cada maravilhoso;;[{'text': 'se', 'timestamp': (0.18, 0.22)}, {'text': 'toda', 'timestamp': (0.34, 0.46)}, {'text': 'e', 'timestamp': (0.58, 0.6)}, {'text': 'cada', 'timestamp': (0.66, 0.82)}, {'text': 'maravilhoso', 'timestamp': (0.9, 1.36)}];1,0;1,0;1,0;0,5625
./audios/SP_D2_333_943.10418_943.32.wav;943,10418;943,32;é;é;0,2158200000000079;é;;[{'text': 'é', 'timestamp': (1.06, 1.08)}];0,0;0,0;0,0;0,0
./audios/SP_D2_333_945.97879_948.87902.wav;945,97879;948,87902;onde houve um progresso maravilhoso foi no setor da dança;onde houve um progresso maravilhoso foi no setor da dança;2,900229999999965;onde houve um progresso maravilhoso foi no setor da dança;;[{'text': 'onde', 'timestamp': (0.06, 0.18)}, {'text': 'houve', 'timestamp': (0.2, 0.34)}, {'text': 'um', 'timestamp': (0.4, 0.44)}, {'text': 'progresso', 'timestamp': (0.48, 0.82)}, {'text': 'maravilhoso', 'timestamp': (0.9, 1.44)}, {'text': 'foi', 'timestamp': (1.6, 1.68)}, {'text': 'no', 'timestamp': (1.74, 1.78)}, {'text': 'setor', 'timestamp': (1.86, 2.14)}, {'text': 'da', 'timestamp': (2.22, 2.26)}, {'text': 'dança', 'timestamp': (2.38, 2.72)}];0,0;0,0;0,0;0,0
./audios/SP_D2_333_949.38131_950.6047.wav;949,38131;950,6047;porque hoje a dança;porque hoje a dança;1,2233899999999949;porque hoje a dança;;[{'text': 'porque', 'timestamp': (0.04, 0.24)}, {'text': 'hoje', 'timestamp': (0.3, 0.48)}, {'text': 'a', 'timestamp': (0.56, 0.58)}, {'text': 'dança', 'timestamp': (0.68, 1.02)}];0,0;0,0;0,0;0,0
./audios/SP_D2_333_950.6047_951.49034.wav;950,6047;951,49034;é profissional;é profissional;0,8856399999999667;é profissional;;[{'text': 'é', 'timestamp': (1.06, 1.08)}, {'text': 'profissional', 'timestamp': (1.24, 1.72)}];0,0;0,0;0,0;0,0
./audios/SP_D2_333_952.11036_953.3737.wav;952,11036;953,3737;é num nível [profissional;é num nível profissional;1,263339999999971;era o nível profissional;;[{'text': 'era', 'timestamp': (0.06, 0.18)}, {'text': 'o', 'timestamp': (0.24, 0.28)}, {'text': 'nível', 'timestamp': (0.36, 0.56)}, {'text': 'profissional', 'timestamp': (0.7, 1.2)}];0,5;0,5;0,75;0,20833333333333334
./audios/SP_D2_333_953.65119_955.81344.wav;953,65119;955,81344;[isto eu noto uma uma diferença enorme;isto eu noto uma uma diferença enorme;2,162249999999972;isso e lnot é uma diferença enorme;;[{'text': 'isso', 'timestamp': (0.06, 0.3)}, {'text': 'e', 'timestamp': (0.42, 0.46)}, {'text': 'lnot', 'timestamp': (0.68, 0.92)}, {'text': 'é', 'timestamp': (1.18, 1.2)}, {'text': 'uma', 'timestamp': (1.24, 1.3)}, {'text': 'diferença', 'timestamp': (1.34, 1.68)}, {'text': 'enorme', 'timestamp': (1.78, 2.1)}];0,5714285714285714;0,5714285714285714;0,8163265306122449;0,1891891891891892
./audios/SP_D2_333_955.81344_958.05601.wav;955,81344;958,05601;porque no tempo em que eu ainda fiz programa em televisão;porque no tempo em que eu ainda fiz programa em televisão;2,2425700000000006;porque no tempo em que eu ainda fiz tudo de televisão;;[{'text': 'porque', 'timestamp': (0.02, 0.18)}, {'text': 'no', 'timestamp': (0.24, 0.3)}, {'text': 'tempo', 'timestamp': (0.38, 0.54)}, {'text': 'em', 'timestamp': (0.6, 0.64)}, {'text': 'que', 'timestamp': (0.68, 0.74)}, {'text': 'eu', 'timestamp': (0.76, 0.82)}, {'text': 'ainda', 'timestamp': (0.86, 1.1)}, {'text': 'fiz', 'timestamp': (1.2, 1.32)}, {'text': 'tudo', 'timestamp': (1.36, 1.58)}, {'text': 'de', 'timestamp': (1.68, 1.72)}, {'text': 'televisão', 'timestamp': (1.74, 2.12)}];0,18181818181818182;0,18181818181818182;0,3305785123966941;0,17543859649122806
./audios/SP_D2_333_958.51607_959.1666.wav;958,51607;959,1666;eu ainda ficava;eu ainda ficava;0,6505300000000034;eu marcava;;[{'text': 'eu', 'timestamp': (1.04, 1.14)}, {'text': 'marcava', 'timestamp': (1.24, 1.58)}];0,6666666666666666;0,6666666666666666;0,8333333333333334;0,4666666666666667
./audios/SP_D2_333_959.1666_960.70682.wav;959,1666;960,70682;--inclusive tive que fazer programa com;inclusive tive que fazer programa com;1,5402199999999766;inclusive tive que fazer programa com;;[{'text': 'inclusive', 'timestamp': (0.06, 0.38)}, {'text': 'tive', 'timestamp': (0.48, 0.62)}, {'text': 'que', 'timestamp': (0.66, 0.74)}, {'text': 'fazer', 'timestamp': (0.78, 0.92)}, {'text': 'programa', 'timestamp': (1.0, 1.26)}, {'text': 'com', 'timestamp': (1.32, 1.38)}];0,0;0,0;0,0;0,0
./audios/SP_D2_333_960.97702_961.74622.wav;960,97702;961,74622;programa infantil--;programa infantil;0,7691999999999553;para o infantil;;[{'text': 'para', 'timestamp': (1.04, 1.18)}, {'text': 'o', 'timestamp': (1.22, 1.24)}, {'text': 'infantil', 'timestamp': (1.26, 1.66)}];1,0;0,6666666666666666;0,8333333333333334;0,29411764705882354
./audios/SP_D2_333_962.06023_964.2875.wav;962,06023;964,2875;e ficava desesperada de ter que apresentar números hô/;e ficava desesperada de ter que apresentar números hô;2,227269999999976;ele ficava desesperado ter que apresentar números ou;;[{'text': 'ele', 'timestamp': (0.0, 0.12)}, {'text': 'ficava', 'timestamp': (0.14, 0.36)}, {'text': 'desesperado', 'timestamp': (0.46, 0.98)}, {'text': 'ter', 'timestamp': (1.08, 1.14)}, {'text': 'que', 'timestamp': (1.18, 1.24)}, {'text': 'apresentar', 'timestamp': (1.28, 1.66)}, {'text': 'números', 'timestamp': (1.76, 2.04)}, {'text': 'ou', 'timestamp': (2.08, 2.14)}];0,4444444444444444;0,4444444444444444;0,6527777777777778;0,1509433962264151
./audios/SP_D2_333_964.62341_965.25873.wav;964,62341;965,25873;hoRRÍveis;horríveis;0,6353199999999788;horrível;;[{'text': 'horrível', 'timestamp': (1.06, 1.56)}];1,0;1,0;1,0;0,2222222222222222
./audios/SP_D2_333_965.25873_965.59595.wav;965,25873;965,59595;quer dizer;quer dizer;0,3372200000000021;quer dizer aqui;;[{'text': 'quer', 'timestamp': (1.0, 1.08)}, {'text': 'dizer', 'timestamp': (1.12, 1.22)}, {'text': 'aqui', 'timestamp': (1.28, 1.38)}];0,5;0,3333333333333333;0,33333333333333337;0,5
./audios/SP_D2_333_965.59595_966.76955.wav;965,59595;966,76955;aquilo que não era [não era;aquilo que não era não era;1,173599999999965;e não a não é a pira;;[{'text': 'e', 'timestamp': (0.02, 0.04)}, {'text': 'não', 'timestamp': (0.12, 0.2)}, {'text': 'a', 'timestamp': (0.24, 0.26)}, {'text': 'não', 'timestamp': (0.44, 0.5)}, {'text': 'é', 'timestamp': (0.56, 0.58)}, {'text': 'a', 'timestamp': (0.76, 0.8)}, {'text': 'pira', 'timestamp': (0.82, 1.06)}];1,0;0,8571428571428571;0,9761904761904762;0,5769230769230769
./audios/SP_D2_333_966.88402_968.00413.wav;966,88402;968,00413;[era hoRRÍvel era hoRRÍvel;era horrível era horrível;1,1201100000000679;era horrível loriga;;[{'text': 'era', 'timestamp': (0.08, 0.16)}, {'text': 'horrível', 'timestamp': (0.22, 0.6)}, {'text': 'loriga', 'timestamp': (0.64, 1.02)}];0,5;0,5;0,6666666666666667;0,4
./audios/SP_D2_333_968.669_969.46727.wav;968,669;969,46727;e:: fi/;e fi;0,7982700000000023;e fe;;[{'text': 'e', 'timestamp': (1.56, 1.62)}, {'text': 'fe', 'timestamp': (1.66, 1.72)}];0,5;0,5;0,75;0,25
./audios/SP_D2_333_969.46727_970.35457.wav;969,46727;970,35457;eu ficava desesperada;eu ficava desesperada;0,887299999999982;eu ficava desesperado e;;[{'text': 'eu', 'timestamp': (1.0, 1.06)}, {'text': 'ficava', 'timestamp': (1.1, 1.34)}, {'text': 'desesperado', 'timestamp': (1.4, 1.84)}, {'text': 'e', 'timestamp': (1.88, 1.9)}];0,6666666666666666;0,5;0,6666666666666667;0,14285714285714285
./audios/SP_D2_333_970.35457_971.4907.wav;970,35457;971,4907;e todos os programas;e todos os programas;1,13612999999998;e todos os programas;;[{'text': 'e', 'timestamp': (0.04, 0.06)}, {'text': 'todos', 'timestamp': (0.18, 0.36)}, {'text': 'os', 'timestamp': (0.44, 0.48)}, {'text': 'programas', 'timestamp': (0.56, 1.0)}];0,0;0,0;0,0;0,0
./audios/SP_D2_333_971.4907_972.46852.wav;971,4907;972,46852;os programas comuns;os programas comuns;0,9778200000000652;seus programas como;;[{'text': 'seus', 'timestamp': (0.96, 1.2)}, {'text': 'programas', 'timestamp': (1.22, 1.54)}, {'text': 'como', 'timestamp': (1.6, 1.78)}];0,6666666666666666;0,6666666666666666;0,8888888888888888;0,3157894736842105
./audios/SP_D2_333_972.46852_973.13903.wav;972,46852;973,13903;programas de adultos;programas de adultos;0,6705100000000357;jogamos de adulta;;[{'text': 'jogamos', 'timestamp': (1.02, 1.26)}, {'text': 'de', 'timestamp': (1.3, 1.34)}, {'text': 'adulta', 'timestamp': (1.4, 1.72)}];0,6666666666666666;0,6666666666666666;0,8888888888888888;0,3
./audios/SP_D2_333_973.73371_975.84.wav;973,73371;975,84;[eram era tudo improviSAdo;eram era tudo improvisado;2,106290000000058;era era tudo improvisado;;[{'text': 'era', 'timestamp': (0.12, 0.28)}, {'text': 'era', 'timestamp': (0.36, 0.58)}, {'text': 'tudo', 'timestamp': (0.72, 0.92)}, {'text': 'improvisado', 'timestamp': (1.02, 1.9)}];0,25;0,25;0,4375;0,04
./audios/SP_D2_333_975.84_977.80862.wav;975,84;977,80862;tudo horrivelmente improvisado;tudo horrivelmente improvisado;1,9686199999999872;tudo horrivelmente improvisado;;[{'text': 'tudo', 'timestamp': (0.06, 0.24)}, {'text': 'horrivelmente', 'timestamp': (0.34, 1.06)}, {'text': 'improvisado', 'timestamp': (1.16, 1.76)}];0,0;0,0;0,0;0,0
./audios/SP_D2_333_977.99487_978.535.wav;977,99487;978,535;e hoje não;e hoje não;0,5401299999999765;eu hoje não;;[{'text': 'eu', 'timestamp': (1.06, 1.12)}, {'text': 'hoje', 'timestamp': (1.18, 1.34)}, {'text': 'não', 'timestamp': (1.42, 1.52)}];0,3333333333333333;0,3333333333333333;0,5555555555555556;0,1
./audios/SP_D2_333_978.535_980.34.wav;978,535;980,34;hoje é um nível já você vê todas;hoje é um nível já você vê todas;1,8050000000000637;hoje é o ítalo jaba sere todas;;[{'text': 'hoje', 'timestamp': (0.04, 0.2)}, {'text': 'é', 'timestamp': (0.22, 0.24)}, {'text': 'o', 'timestamp': (0.3, 0.32)}, {'text': 'ítalo', 'timestamp': (0.4, 0.68)}, {'text': 'jaba', 'timestamp': (0.82, 1.04)}, {'text': 'sere', 'timestamp': (1.1, 1.26)}, {'text': 'todas', 'timestamp': (1.44, 1.72)}];0,625;0,625;0,8392857142857143;0,46875
./audios/SP_D2_333_980.77273_982.05499.wav;980,77273;982,05499;[é um nível [profissional;é um nível profissional;1,282259999999951;já o fiz o profissional logo;;[{'text': 'já', 'timestamp': (0.04, 0.08)}, {'text': 'o', 'timestamp': (0.12, 0.14)}, {'text': 'fiz', 'timestamp': (0.22, 0.38)}, {'text': 'o', 'timestamp': (0.46, 0.48)}, {'text': 'profissional', 'timestamp': (0.62, 0.96)}, {'text': 'logo', 'timestamp': (1.12, 1.22)}];1,25;0,8333333333333334;0,9583333333333334;0,6086956521739131
./audios/SP_D2_333_982.05499_982.35281.wav;982,05499;982,35281;não é?;não é;0,29782000000000153;o aresto;;[{'text': 'o', 'timestamp': (0.82, 0.84)}, {'text': 'aresto', 'timestamp': (1.08, 1.34)}];1,0;1,0;1,0;1,6
./audios/SP_D2_333_983.22001_985.52.wav;983,22001;985,52;[é ( ) FanTÁS::tico;é fantástico;2,2999899999999798;o peso já me ficar reberáxico;;[{'text': 'o', 'timestamp': (0.2, 0.22)}, {'text': 'peso', 'timestamp': (0.3, 0.74)}, {'text': 'já', 'timestamp': (0.76, 0.8)}, {'text': 'me', 'timestamp': (0.84, 0.9)}, {'text': 'ficar', 'timestamp': (0.92, 1.1)}, {'text': 'reberáxico', 'timestamp': (1.24, 2.18)}];3,0;1,0;1,0;1,9166666666666667
./audios/SP_D2_333_994.97548_997.57472.wav;994,97548;997,57472;[eu eu não estou agora por [dentro da::;eu eu não estou agora por dentro da;2,599240000000009;se aparentou agora por de moda;;[{'text': 'se', 'timestamp': (0.06, 0.22)}, {'text': 'aparentou', 'timestamp': (0.3, 0.94)}, {'text': 'agora', 'timestamp': (1.0, 1.2)}, {'text': 'por', 'timestamp': (1.36, 1.44)}, {'text': 'de', 'timestamp': (1.52, 1.56)}, {'text': 'moda', 'timestamp': (1.78, 1.98)}];0,75;0,75;0,9166666666666666;0,37142857142857144
./audios/SP_D2_333_997.57472_998.1687.wav;997,57472;998,1687;dos nomes;dos nomes;0,5939799999999877;a os nomes;;[{'text': 'a', 'timestamp': (1.0, 1.02)}, {'text': 'os', 'timestamp': (1.12, 1.16)}, {'text': 'nomes', 'timestamp': (1.22, 1.54)}];1,0;0,6666666666666666;0,8333333333333334;0,2222222222222222
./audios/SP_D2_333_998.1687_998.95246.wav;998,1687;998,95246;sabe que::;sabe que;0,7837600000000293;cê sabe que;;[{'text': 'cê', 'timestamp': (0.96, 1.02)}, {'text': 'sabe', 'timestamp': (1.06, 1.2)}, {'text': 'que', 'timestamp': (1.3, 1.38)}];0,5;0,3333333333333333;0,33333333333333337;0,375
./audios/SP_D2_333_1004.56182_1004.92452.wav;1004,56182;1004,92452;hum;uh;0,362700000000018;ah;;[{'text': 'ah', 'timestamp': (1.1, 1.2)}];1,0;1,0;1,0;0,5
./audios/SP_D2_333_1008.79414_1009.10453.wav;1008,79414;1009,10453;é;é;0,31038999999998396;e;;[{'text': 'e', 'timestamp': (1.06, 1.08)}];1,0;1,0;1,0;1,0
./audios/SP_D2_333_1009.10453_1010.51127.wav;1009,10453;1010,51127;es/ essas esses progressos;es essas esses progressos;1,4067400000000134;e essa esses progressos;;[{'text': 'e', 'timestamp': (0.08, 0.1)}, {'text': 'essa', 'timestamp': (0.28, 0.4)}, {'text': 'esses', 'timestamp': (0.5, 0.7)}, {'text': 'progressos', 'timestamp': (0.78, 1.3)}];0,5;0,5;0,75;0,08
./audios/SP_D2_333_1010.88773_1011.11899.wav;1010,88773;1011,11899;éh;eh;0,23126000000002023;e;;[{'text': 'e', 'timestamp': (0.86, 0.9)}];1,0;1,0;1,0;0,5
./audios/SP_D2_333_1011.11899_1013.00566.wav;1011,11899;1013,00566;houve isso houve muito [progresso ( );houve isso houve muito progresso;1,886669999999981;oh isso é muito progresso e ao;;[{'text': 'oh', 'timestamp': (0.1, 0.18)}, {'text': 'isso', 'timestamp': (0.28, 0.4)}, {'text': 'é', 'timestamp': (0.46, 0.48)}, {'text': 'muito', 'timestamp': (0.6, 0.72)}, {'text': 'progresso', 'timestamp': (0.78, 1.26)}, {'text': 'e', 'timestamp': (1.58, 1.6)}, {'text': 'ao', 'timestamp': (1.7, 1.84)}];0,8;0,5714285714285714;0,7428571428571429;0,4375
./audios/SP_D2_333_1067.3029_1067.51799.wav;1067,3029;1067,51799;é;é;0,21509000000014566;pé;;[{'text': 'pé', 'timestamp': (1.0, 1.06)}];1,0;1,0;1,0;1,0
./audios/SP_D2_333_1085.0802_1086.76.wav;1085,0802;1086,76;mas a tele/ a telenovela;mas a tele a telenovela;1,6797999999998865;mas a pele a pele não fica lá;;[{'text': 'mas', 'timestamp': (0.06, 0.18)}, {'text': 'a', 'timestamp': (0.28, 0.3)}, {'text': 'pele', 'timestamp': (0.5, 0.66)}, {'text': 'a', 'timestamp': (0.78, 0.8)}, {'text': 'pele', 'timestamp': (0.88, 1.04)}, {'text': 'não', 'timestamp': (1.1, 1.18)}, {'text': 'fica', 'timestamp': (1.24, 1.42)}, {'text': 'lá', 'timestamp': (1.5, 1.56)}];1,0;0,625;0,775;0,4782608695652174
./audios/SP_D2_333_1086.76_1088.02285.wav;1086,76;1088,02285;há uma granDEza;há uma grandeza;1,2628500000000713;há uma grandeza;;[{'text': 'há', 'timestamp': (0.1, 0.14)}, {'text': 'uma', 'timestamp': (0.2, 0.28)}, {'text': 'grandeza', 'timestamp': (0.34, 1.12)}];0,0;0,0;0,0;0,0
./audios/SP_D2_333_1088.18919_1088.89517.wav;1088,18919;1088,89517;dentro dela;dentro dela;0,7059799999999541;dito dela;;[{'text': 'dito', 'timestamp': (1.02, 1.26)}, {'text': 'dela', 'timestamp': (1.38, 1.64)}];0,5;0,5;0,75;0,2727272727272727
./audios/SP_D2_333_1088.89517_1089.35025.wav;1088,89517;1089,35025;Helena;helena;0,45507999999995263;aileda;;[{'text': 'aileda', 'timestamp': (1.0, 1.36)}];1,0;1,0;1,0;0,5
./audios/SP_D2_333_1089.77712_1090.91836.wav;1089,77712;1090,91836;que é a grandeza do povo;que é a grandeza do povo;1,1412399999999252;que é a grandeza do povo;;[{'text': 'que', 'timestamp': (0.0, 0.08)}, {'text': 'é', 'timestamp': (0.1, 0.12)}, {'text': 'a', 'timestamp': (0.14, 0.16)}, {'text': 'grandeza', 'timestamp': (0.22, 0.6)}, {'text': 'do', 'timestamp': (0.66, 0.72)}, {'text': 'povo', 'timestamp': (0.92, 1.1)}];0,0;0,0;0,0;0,0
./audios/SP_D2_333_1090.91836_1092.18379.wav;1090,91836;1092,18379;eu acho isso uma coisa [maravilhosa;eu acho isso uma coisa maravilhosa;1,2654300000001513;eu acho isso uma coisa maravilhosa;;[{'text': 'eu', 'timestamp': (0.02, 0.1)}, {'text': 'acho', 'timestamp': (0.14, 0.22)}, {'text': 'isso', 'timestamp': (0.26, 0.36)}, {'text': 'uma', 'timestamp': (0.4, 0.48)}, {'text': 'coisa', 'timestamp': (0.54, 0.68)}, {'text': 'maravilhosa', 'timestamp': (0.74, 1.22)}];0,0;0,0;0,0;0,0
./audios/SP_D2_333_1092.18379_1093.68.wav;1092,18379;1093,68;eu estava em Santa Catarina;eu estava em santa catarina;1,4962100000000191;eu estava em se decanta;;[{'text': 'eu', 'timestamp': (0.0, 0.08)}, {'text': 'estava', 'timestamp': (0.1, 0.34)}, {'text': 'em', 'timestamp': (0.38, 0.44)}, {'text': 'se', 'timestamp': (0.46, 0.54)}, {'text': 'decanta', 'timestamp': (0.66, 0.96)}];0,4;0,4;0,64;0,37037037037037035
./audios/SP_D2_333_1093.96406_1094.85606.wav;1093,96406;1094,85606;[é pois é::;é pois é;0,8920000000000528;é pose;;[{'text': 'é', 'timestamp': (1.1, 1.12)}, {'text': 'pose', 'timestamp': (1.32, 1.64)}];0,6666666666666666;0,6666666666666666;0,8333333333333334;0,375
./audios/SP_D2_333_1094.85606_1096.0025.wav;1094,85606;1096,0025;a aceitação;a aceitação;1,1464399999999841;a aceitação;;[{'text': 'a', 'timestamp': (0.02, 0.04)}, {'text': 'aceitação', 'timestamp': (0.12, 0.9)}];0,0;0,0;0,0;0,0
./audios/SP_D2_333_1096.40611_1097.13995.wav;1096,40611;1097,13995;a::;a;0,7338400000001002;ah;;[{'text': 'ah', 'timestamp': (1.1, 1.2)}];1,0;1,0;1,0;1,0
./audios/SP_D2_333_1097.39455_1098.72745.wav;1097,39455;1098,72745;a a i/ a:: a;a a i a a;1,3329000000001088;ah ah ah ah;;[{'text': 'ah', 'timestamp': (0.06, 0.1)}, {'text': 'ah', 'timestamp': (0.22, 0.28)}, {'text': 'ah', 'timestamp': (0.48, 0.82)}, {'text': 'ah', 'timestamp': (0.98, 1.04)}];1,0;1,0;1,0;0,5555555555555556
./audios/SP_D2_333_1098.92963_1100.38233.wav;1098,92963;1100,38233;a fraternização;a fraternização;1,4526999999998225;a fraternização;;[{'text': 'a', 'timestamp': (0.08, 0.1)}, {'text': 'fraternização', 'timestamp': (0.18, 1.28)}];0,0;0,0;0,0;0,0
./audios/SP_D2_333_1100.38233_1101.2.wav;1100,38233;1101,2;--digamos assim--;digamos assim;0,8176700000001347;digamos assim;;[{'text': 'digamos', 'timestamp': (1.0, 1.28)}, {'text': 'assim', 'timestamp': (1.36, 1.58)}];0,0;0,0;0,0;0,0
./audios/SP_D2_333_1101.56547_1101.88.wav;1101,56547;1101,88;não é?;não é;0,31453000000010434;não é;;[{'text': 'não', 'timestamp': (1.02, 1.1)}, {'text': 'é', 'timestamp': (1.14, 1.16)}];0,0;0,0;0,0;0,0
./audios/SP_D2_333_1101.88_1102.61471.wav;1101,88;1102,61471;do povo todo;do povo todo;0,73470999999995;do povo todo;;[{'text': 'do', 'timestamp': (1.1, 1.16)}, {'text': 'povo', 'timestamp': (1.28, 1.48)}, {'text': 'todo', 'timestamp': (1.58, 1.72)}];0,0;0,0;0,0;0,0
./audios/SP_D2_333_1102.61471_1103.81956.wav;1102,61471;1103,81956;eu estive em Santa Catarina;eu estive em santa catarina;1,2048499999998512;e o estilo de santa catarina;;[{'text': 'e', 'timestamp': (0.0, 0.02)}, {'text': 'o', 'timestamp': (0.12, 0.14)}, {'text': 'estilo', 'timestamp': (0.16, 0.36)}, {'text': 'de', 'timestamp': (0.38, 0.42)}, {'text': 'santa', 'timestamp': (0.44, 0.6)}, {'text': 'catarina', 'timestamp': (0.68, 1.12)}];0,8;0,6666666666666666;0,8666666666666667;0,2222222222222222
./audios/SP_D2_333_1104.13002_1105.42823.wav;1104,13002;1105,42823;e sabe aquela::;e sabe aquela;1,2982099999999264;sabe aquela;;[{'text': 'sabe', 'timestamp': (0.12, 0.28)}, {'text': 'aquela', 'timestamp': (0.46, 0.8)}];0,3333333333333333;0,3333333333333333;0,33333333333333337;0,15384615384615385
./audios/SP_D2_333_1105.42823_1106.22671.wav;1105,42823;1106,22671;aquela::;aquela;0,7984799999999268;aquela;;[{'text': 'aquela', 'timestamp': (1.04, 1.38)}];0,0;0,0;0,0;0,0
./audios/SP_D2_333_1106.676_1108.35336.wav;1106,676;1108,35336;ali perto daquela grande:::;ali perto daquela grande;1,6773600000001352;ali peta aquela grande;;[{'text': 'ali', 'timestamp': (0.06, 0.16)}, {'text': 'peta', 'timestamp': (0.22, 0.44)}, {'text': 'aquela', 'timestamp': (0.46, 0.64)}, {'text': 'grande', 'timestamp': (0.72, 0.98)}];0,5;0,5;0,75;0,125
./audios/SP_D2_333_1108.35336_1109.58437.wav;1108,35336;1109,58437;daquela grande laGOa?;daquela grande lagoa;1,2310099999999693;daquela grande lagoa;;[{'text': 'daquela', 'timestamp': (0.02, 0.28)}, {'text': 'grande', 'timestamp': (0.34, 0.54)}, {'text': 'lagoa', 'timestamp': (0.62, 1.08)}];0,0;0,0;0,0;0,0
./audios/SP_D2_333_1111.27306_1112.13491.wav;1111,27306;1112,13491;[( ) em Flori/;em flori;0,861850000000004;em quem tem flória;;[{'text': 'em', 'timestamp': (1.02, 1.06)}, {'text': 'quem', 'timestamp': (1.1, 1.24)}, {'text': 'tem', 'timestamp': (1.38, 1.46)}, {'text': 'flória', 'timestamp': (1.5, 1.74)}];1,5;0,75;0,875;1,375
./audios/SP_D2_333_1112.13491_1112.4.wav;1112,13491;1112,4;tsc;tsc;0,2650900000001002;a;;[{'text': 'a', 'timestamp': (1.12, 1.14)}];1,0;1,0;1,0;1,0
./audios/SP_D2_333_1112.4_1113.36226.wav;1112,4;1113,36226;em [Florianópolis;em florianópolis;0,9622600000000148;e florianópolis;;[{'text': 'e', 'timestamp': (1.06, 1.08)}, {'text': 'florianópolis', 'timestamp': (1.18, 1.84)}];0,5;0,5;0,75;0,0625
./audios/SP_D2_333_1113.36226_1114.31677.wav;1113,36226;1114,31677;onde::;onde;0,9545099999998001;onde é;;[{'text': 'onde', 'timestamp': (1.14, 1.32)}, {'text': 'é', 'timestamp': (1.46, 1.48)}];1,0;0,5;0,5;0,5
./audios/SP_D2_333_1114.84778_1116.74229.wav;1114,84778;1116,74229;onde estão as rendeiras sentadas;onde estão as rendeiras sentadas;1,8945099999998547;onde estão as rendeiras sentadas;;[{'text': 'onde', 'timestamp': (0.08, 0.22)}, {'text': 'estão', 'timestamp': (0.26, 0.46)}, {'text': 'as', 'timestamp': (0.52, 0.58)}, {'text': 'rendeiras', 'timestamp': (0.66, 1.22)}, {'text': 'sentadas', 'timestamp': (1.34, 1.84)}];0,0;0,0;0,0;0,0
./audios/SP_D2_333_1116.74229_1117.76817.wav;1116,74229;1117,76817;a gente vai passando;a gente vai passando;1,025880000000143;a gente vai passando;;[{'text': 'a', 'timestamp': (0.06, 0.08)}, {'text': 'gente', 'timestamp': (0.12, 0.28)}, {'text': 'vai', 'timestamp': (0.32, 0.42)}, {'text': 'passando', 'timestamp': (0.48, 0.88)}];0,0;0,0;0,0;0,0
./audios/SP_D2_333_1118.17253_1118.53832.wav;1118,17253;1118,53832;de carro;de carro;0,3657900000000609;de carro de;;[{'text': 'de', 'timestamp': (1.0, 1.06)}, {'text': 'carro', 'timestamp': (1.12, 1.34)}, {'text': 'de', 'timestamp': (1.38, 1.52)}];0,5;0,3333333333333333;0,33333333333333337;0,375
./audios/SP_D2_333_1118.53832_1119.93974.wav;1118,53832;1119,93974;e olhando em todas as casas;e olhando em todas as casas;1,4014199999999164;olhando em todas as casas;;[{'text': 'olhando', 'timestamp': (0.08, 0.28)}, {'text': 'em', 'timestamp': (0.32, 0.38)}, {'text': 'todas', 'timestamp': (0.48, 0.72)}, {'text': 'as', 'timestamp': (0.82, 0.88)}, {'text': 'casas', 'timestamp': (1.0, 1.32)}];0,16666666666666666;0,16666666666666666;0,16666666666666663;0,07407407407407407
./audios/SP_D2_333_1120.25425_1122.2971.wav;1120,25425;1122,2971;há uma há uma rendeira trabalhando;há uma há uma rendeira trabalhando;2,042850000000044;a a uma rendeira trabalhando;;[{'text': 'a', 'timestamp': (0.12, 0.14)}, {'text': 'a', 'timestamp': (0.68, 0.7)}, {'text': 'uma', 'timestamp': (0.76, 0.84)}, {'text': 'rendeira', 'timestamp': (0.9, 1.26)}, {'text': 'trabalhando', 'timestamp': (1.34, 1.78)}];0,5;0,5;0,7;0,20588235294117646
./audios/SP_D2_333_1122.55289_1122.94733.wav;1122,55289;1122,94733;é::;é;0,39444000000003143;é a;;[{'text': 'é', 'timestamp': (1.04, 1.06)}, {'text': 'a', 'timestamp': (1.16, 1.18)}];1,0;0,5;0,5;2,0
./audios/SP_D2_333_1122.94733_1125.56149.wav;1122,94733;1125,56149;é uma é uma veLHA e:: uma senhora é uma menina;é uma é uma velha e uma senhora é uma menina;2,6141600000000835;é uma é uma velha é uma senhora é uma menina;;[{'text': 'é', 'timestamp': (0.06, 0.08)}, {'text': 'uma', 'timestamp': (0.22, 0.34)}, {'text': 'é', 'timestamp': (0.54, 0.56)}, {'text': 'uma', 'timestamp': (0.64, 0.74)}, {'text': 'velha', 'timestamp': (0.92, 1.2)}, {'text': 'é', 'timestamp': (1.34, 1.36)}, {'text': 'uma', 'timestamp': (1.5, 1.6)}, {'text': 'senhora', 'timestamp': (1.7, 1.98)}, {'text': 'é', 'timestamp': (2.04, 2.06)}, {'text': 'uma', 'timestamp': (2.08, 2.16)}, {'text': 'menina', 'timestamp': (2.22, 2.52)}];0,09090909090909091;0,09090909090909091;0,17355371900826455;0,022727272727272728
./audios/SP_D2_333_1125.89406_1128.53142.wav;1125,89406;1128,53142;mas todas as mulheres estão trabalhando em renda;mas todas as mulheres estão trabalhando em renda;2,637359999999944;mas todas as mulheres estão trabalhando em renda;;[{'text': 'mas', 'timestamp': (0.06, 0.16)}, {'text': 'todas', 'timestamp': (0.3, 0.52)}, {'text': 'as', 'timestamp': (0.6, 0.66)}, {'text': 'mulheres', 'timestamp': (0.74, 1.08)}, {'text': 'estão', 'timestamp': (1.18, 1.42)}, {'text': 'trabalhando', 'timestamp': (1.5, 1.92)}, {'text': 'em', 'timestamp': (2.0, 2.06)}, {'text': 'renda', 'timestamp': (2.14, 2.46)}];0,0;0,0;0,0;0,0
./audios/SP_D2_333_1129.08166_1129.64625.wav;1129,08166;1129,64625;e::;e;0,5645899999999529;e;;[{'text': 'e', 'timestamp': (1.08, 1.1)}];0,0;0,0;0,0;0,0
./audios/SP_D2_333_1129.64625_1131.74222.wav;1129,64625;1131,74222;então u/ duas delas vieram falar conosco;então u duas delas vieram falar conosco;2,0959700000000794;então duas delas vieram falar conosco;;[{'text': 'então', 'timestamp': (0.04, 0.26)}, {'text': 'duas', 'timestamp': (0.62, 0.78)}, {'text': 'delas', 'timestamp': (0.86, 1.02)}, {'text': 'vieram', 'timestamp': (1.06, 1.24)}, {'text': 'falar', 'timestamp': (1.32, 1.46)}, {'text': 'conosco', 'timestamp': (1.54, 1.96)}];0,14285714285714285;0,14285714285714285;0,1428571428571429;0,05128205128205128
./audios/SP_D2_333_1132.29134_1133.27875.wav;1132,29134;1133,27875;então ela disse assim;então ela disse assim;0,9874099999999544;então ela se segue;;[{'text': 'então', 'timestamp': (1.08, 1.38)}, {'text': 'ela', 'timestamp': (1.48, 1.58)}, {'text': 'se', 'timestamp': (1.66, 1.74)}, {'text': 'segue', 'timestamp': (1.76, 2.1)}];0,5;0,5;0,75;0,38095238095238093
./audios/SP_D2_333_1133.47211_1134.06764.wav;1133,47211;1134,06764;''hã da/;ah da;0,5955300000000534;verdade;;[{'text': 'verdade', 'timestamp': (1.04, 1.54)}];1,0;1,0;1,0;1,0
./audios/SP_D2_333_1134.06764_1134.53942.wav;1134,06764;1134,53942;dona::;dona;0,4717800000000807;doará;;[{'text': 'doará', 'timestamp': (1.02, 1.34)}];1,0;1,0;1,0;0,75
./audios/SP_D2_333_1134.70184_1134.9184.wav;1134,70184;1134,9184;ah;ah;0,21656000000007225;a;;[{'text': 'a', 'timestamp': (1.04, 1.06)}];1,0;1,0;1,0;0,5
./audios/SP_D2_333_1134.9184_1136.30282.wav;1134,9184;1136,30282;faz favor de me dizer uma coisa;faz favor de me dizer uma coisa;1,384420000000091;faça favor de me dizia uma coisa;;[{'text': 'faça', 'timestamp': (0.08, 0.22)}, {'text': 'favor', 'timestamp': (0.24, 0.38)}, {'text': 'de', 'timestamp': (0.4, 0.46)}, {'text': 'me', 'timestamp': (0.5, 0.56)}, {'text': 'dizia', 'timestamp': (0.6, 0.78)}, {'text': 'uma', 'timestamp': (0.86, 0.92)}, {'text': 'coisa', 'timestamp': (1.04, 1.28)}];0,2857142857142857;0,2857142857142857;0,4897959183673469;0,12903225806451613
./audios/SP_D2_333_1136.60445_1138.27504.wav;1136,60445;1138,27504;a senhora a senhora vê novela?'';a senhora a senhora vê novela;1,6705899999999474;a senhora tá sona vi do avela;;[{'text': 'a', 'timestamp': (0.22, 0.24)}, {'text': 'senhora', 'timestamp': (0.28, 0.54)}, {'text': 'tá', 'timestamp': (0.56, 0.62)}, {'text': 'sona', 'timestamp': (0.72, 0.9)}, {'text': 'vi', 'timestamp': (0.96, 1.0)}, {'text': 'do', 'timestamp': (1.12, 1.16)}, {'text': 'avela', 'timestamp': (1.22, 1.56)}];0,8333333333333334;0,7142857142857143;0,9047619047619048;0,3448275862068966
./audios/SP_D2_333_1138.59104_1139.15147.wav;1138,59104;1139,15147;eu digo ''vejo'';eu digo vejo;0,5604299999999967;eu digo vejo;;[{'text': 'eu', 'timestamp': (1.08, 1.12)}, {'text': 'digo', 'timestamp': (1.18, 1.32)}, {'text': 'vejo', 'timestamp': (1.4, 1.66)}];0,0;0,0;0,0;0,0
./audios/SP_D2_333_1139.15147_1140.03421.wav;1139,15147;1140,03421;''que que a senhora está vendo?'';que que a senhora está vendo;0,8827400000000125;o que e senha tá vendo;;[{'text': 'o', 'timestamp': (0.92, 0.94)}, {'text': 'que', 'timestamp': (1.0, 1.06)}, {'text': 'e', 'timestamp': (1.12, 1.14)}, {'text': 'senha', 'timestamp': (1.2, 1.32)}, {'text': 'tá', 'timestamp': (1.4, 1.44)}, {'text': 'vendo', 'timestamp': (1.54, 1.74)}];0,6666666666666666;0,6666666666666666;0,8888888888888888;0,2857142857142857
./audios/SP_D2_333_1140.31264_1141.49253.wav;1140,31264;1141,49253;eu estava vendo aquela coisa;eu estava vendo aquela coisa;1,1798899999998866;eu estava vendo aquela coisa;;[{'text': 'eu', 'timestamp': (0.0, 0.04)}, {'text': 'estava', 'timestamp': (0.16, 0.3)}, {'text': 'vendo', 'timestamp': (0.34, 0.48)}, {'text': 'aquela', 'timestamp': (0.54, 0.74)}, {'text': 'coisa', 'timestamp': (0.88, 1.08)}];0,0;0,0;0,0;0,0
./audios/SP_D2_333_1141.49253_1142.21706.wav;1141,49253;1142,21706;naquela ocasião;naquela ocasião;0,7245299999999588;naquela ocasião e;;[{'text': 'naquela', 'timestamp': (1.06, 1.3)}, {'text': 'ocasião', 'timestamp': (1.36, 1.66)}, {'text': 'e', 'timestamp': (1.86, 1.88)}];0,5;0,3333333333333333;0,33333333333333337;0,13333333333333333
./audios/SP_D2_333_1142.21706_1143.66068.wav;1142,21706;1143,66068;eu estava vendo uma novela da Tupi;eu estava vendo uma novela da tupi;1,44362000000001;eu estava vendo uma novida tupi;;[{'text': 'eu', 'timestamp': (0.0, 0.04)}, {'text': 'estava', 'timestamp': (0.1, 0.3)}, {'text': 'vendo', 'timestamp': (0.38, 0.52)}, {'text': 'uma', 'timestamp': (0.56, 0.66)}, {'text': 'novida', 'timestamp': (0.68, 0.92)}, {'text': 'tupi', 'timestamp': (1.04, 1.26)}];0,2857142857142857;0,2857142857142857;0,40476190476190477;0,11764705882352941
./audios/SP_D2_333_1143.96_1144.30835.wav;1143,96;1144,30835;ela disse;ela disse;0,3483499999999822;ele está;;[{'text': 'ele', 'timestamp': (1.06, 1.18)}, {'text': 'está', 'timestamp': (1.22, 1.36)}];1,0;1,0;1,0;0,5555555555555556
./audios/SP_D2_333_1144.56522_1145.92415.wav;1144,56522;1145,92415;''escute uma coisa por favor me diga;escute uma coisa por favor me diga;1,3589300000001003;escute uma coisa por favor me diga;;[{'text': 'escute', 'timestamp': (0.06, 0.26)}, {'text': 'uma', 'timestamp': (0.32, 0.4)}, {'text': 'coisa', 'timestamp': (0.44, 0.56)}, {'text': 'por', 'timestamp': (0.64, 0.72)}, {'text': 'favor', 'timestamp': (0.78, 0.98)}, {'text': 'me', 'timestamp': (1.06, 1.1)}, {'text': 'diga', 'timestamp': (1.16, 1.3)}];0,0;0,0;0,0;0,0
./audios/SP_D2_333_1146.11473_1147.15083.wav;1146,11473;1147,15083;a Maria morreu?'';a maria morreu;1,036100000000033;a maria borel;;[{'text': 'a', 'timestamp': (0.02, 0.04)}, {'text': 'maria', 'timestamp': (0.1, 0.36)}, {'text': 'borel', 'timestamp': (0.44, 0.86)}];0,3333333333333333;0,3333333333333333;0,5555555555555556;0,21428571428571427
./audios/SP_D2_333_1147.96221_1151.14634.wav;1147,96221;1151,14634;[eu achei esta frase uma coisa comovente maravilhosa;eu achei esta frase uma coisa comovente maravilhosa;3,1841300000000956;eu achei esta frase uma coisa comovente maravilhosa;;[{'text': 'eu', 'timestamp': (0.04, 0.1)}, {'text': 'achei', 'timestamp': (0.18, 0.42)}, {'text': 'esta', 'timestamp': (0.5, 0.68)}, {'text': 'frase', 'timestamp': (0.92, 1.18)}, {'text': 'uma', 'timestamp': (1.28, 1.36)}, {'text': 'coisa', 'timestamp': (1.46, 1.62)}, {'text': 'comovente', 'timestamp': (1.88, 2.62)}, {'text': 'maravilhosa', 'timestamp': (2.66, 3.14)}];0,0;0,0;0,0;0,0
./audios/SP_D2_333_1151.14634_1152.66474.wav;1151,14634;1152,66474;quer dizer o Brasil inteiro estava vendo;quer dizer o brasil inteiro estava vendo;1,5183999999999287;quer dizer o brasil em que eu estava vendo;;[{'text': 'quer', 'timestamp': (0.06, 0.14)}, {'text': 'dizer', 'timestamp': (0.16, 0.26)}, {'text': 'o', 'timestamp': (0.28, 0.3)}, {'text': 'brasil', 'timestamp': (0.34, 0.62)}, {'text': 'em', 'timestamp': (0.64, 0.74)}, {'text': 'que', 'timestamp': (0.86, 0.92)}, {'text': 'eu', 'timestamp': (0.98, 1.02)}, {'text': 'estava', 'timestamp': (1.06, 1.24)}, {'text': 'vendo', 'timestamp': (1.28, 1.44)}];0,42857142857142855;0,3333333333333333;0,4285714285714286;0,2
./audios/SP_D2_333_1153.50318_1155.73683.wav;1153,50318;1155,73683;pensando ao mesmo tempo que a [Maria tinha morrido;pensando ao mesmo tempo que a maria tinha morrido;2,233650000000125;pensando ao mesmo tempo a teor;;[{'text': 'pensando', 'timestamp': (0.04, 0.44)}, {'text': 'ao', 'timestamp': (0.46, 0.5)}, {'text': 'mesmo', 'timestamp': (0.54, 0.7)}, {'text': 'tempo', 'timestamp': (0.78, 1.08)}, {'text': 'a', 'timestamp': (1.4, 1.42)}, {'text': 'teor', 'timestamp': (1.52, 2.02)}];0,4444444444444444;0,4444444444444444;0,537037037037037;0,40816326530612246
./audios/SP_D2_333_1155.8_1156.57271.wav;1155,8;1156,57271;uma coisa [linda;uma coisa linda;0,7727099999999609;a coisa é vida;;[{'text': 'a', 'timestamp': (1.12, 1.14)}, {'text': 'coisa', 'timestamp': (1.2, 1.4)}, {'text': 'é', 'timestamp': (1.44, 1.46)}, {'text': 'vida', 'timestamp': (1.52, 1.74)}];1,0;0,75;0,9166666666666666;0,4
./audios/SP_D2_333_1156.57271_1156.67498.wav;1156,57271;1156,67498;né?;né;0,10227000000008957;a;;[{'text': 'a', 'timestamp': (1.06, 1.08)}];1,0;1,0;1,0;1,0
./audios/SP_D2_333_1157.1717_1157.67551.wav;1157,1717;1157,67551;[disse ''não'';disse não;0,5038099999999304;e se não;;[{'text': 'e', 'timestamp': (1.04, 1.06)}, {'text': 'se', 'timestamp': (1.14, 1.2)}, {'text': 'não', 'timestamp': (1.32, 1.46)}];1,0;0,6666666666666666;0,8333333333333334;0,3333333333333333
./audios/SP_D2_333_1157.67551_1158.3344.wav;1157,67551;1158,3344;aí eu respondi;aí eu respondi;0,6588899999999285;aí eu respondi a;;[{'text': 'aí', 'timestamp': (1.1, 1.18)}, {'text': 'eu', 'timestamp': (1.26, 1.34)}, {'text': 'respondi', 'timestamp': (1.38, 1.62)}, {'text': 'a', 'timestamp': (1.68, 1.72)}];0,3333333333333333;0,25;0,25;0,14285714285714285
./audios/SP_D2_333_1158.3344_1158.43922.wav;1158,3344;1158,43922;''ah;ah;0,1048200000000179;ali;;[{'text': 'ali', 'timestamp': (1.02, 1.16)}];1,0;1,0;1,0;1,0
./audios/SP_D2_333_1158.43922_1158.72375.wav;1158,43922;1158,72375;[não;não;0,2845300000001316;verão;;[{'text': 'verão', 'timestamp': (1.04, 1.2)}];1,0;1,0;1,0;1,0
./audios/SP_D2_333_1159.03073_1161.28445.wav;1159,03073;1161,28445;eu eu sei se a Maria morreu ou não morreu;eu eu sei se a maria morreu ou não morreu;2,2537200000001576;eu eu sei se a maria morreu ou morreu;;[{'text': 'eu', 'timestamp': (0.12, 0.18)}, {'text': 'eu', 'timestamp': (0.32, 0.38)}, {'text': 'sei', 'timestamp': (0.68, 0.84)}, {'text': 'se', 'timestamp': (0.98, 1.04)}, {'text': 'a', 'timestamp': (1.1, 1.12)}, {'text': 'maria', 'timestamp': (1.16, 1.44)}, {'text': 'morreu', 'timestamp': (1.52, 1.78)}, {'text': 'ou', 'timestamp': (1.9, 1.94)}, {'text': 'morreu', 'timestamp': (1.98, 2.2)}];0,1;0,1;0,09999999999999998;0,0975609756097561
./audios/SP_D2_333_1161.28445_1162.41229.wav;1161,28445;1162,41229;mas eu não vou dizer a você;mas eu não vou dizer a você;1,1278399999998783;mas eu não vou dizer a você;;[{'text': 'mas', 'timestamp': (0.02, 0.1)}, {'text': 'eu', 'timestamp': (0.16, 0.2)}, {'text': 'não', 'timestamp': (0.24, 0.32)}, {'text': 'vou', 'timestamp': (0.36, 0.42)}, {'text': 'dizer', 'timestamp': (0.48, 0.62)}, {'text': 'a', 'timestamp': (0.68, 0.7)}, {'text': 'você', 'timestamp': (0.74, 0.94)}];0,0;0,0;0,0;0,0
./audios/SP_D2_333_1162.78623_1164.76.wav;1162,78623;1164,76;porque lá em São Paulo está mais adianTAda;porque lá em são paulo está mais adiantada;1,9737700000000586;porque lá em são paulo está mais adiantada;;[{'text': 'porque', 'timestamp': (0.04, 0.24)}, {'text': 'lá', 'timestamp': (0.3, 0.34)}, {'text': 'em', 'timestamp': (0.4, 0.44)}, {'text': 'são', 'timestamp': (0.5, 0.58)}, {'text': 'paulo', 'timestamp': (0.7, 0.86)}, {'text': 'está', 'timestamp': (0.9, 1.02)}, {'text': 'mais', 'timestamp': (1.1, 1.22)}, {'text': 'adiantada', 'timestamp': (1.28, 1.84)}];0,0;0,0;0,0;0,0
./audios/SP_D2_333_1165.44_1165.64448.wav;1165,44;1165,64448;é;é;0,20447999999987587;e;;[{'text': 'e', 'timestamp': (1.06, 1.08)}];1,0;1,0;1,0;1,0
./audios/SP_D2_333_1165.64448_1166.26643.wav;1165,64448;1166,26643;uns dois;uns dois;0,6219499999999698;é os dois se;;[{'text': 'é', 'timestamp': (1.0, 1.02)}, {'text': 'os', 'timestamp': (1.14, 1.24)}, {'text': 'dois', 'timestamp': (1.32, 1.48)}, {'text': 'se', 'timestamp': (1.58, 1.64)}];1,5;0,75;0,875;0,75
./audios/SP_D2_333_1166.26643_1167.10579.wav;1166,26643;1167,10579;uns dois meses;uns dois meses;0,8393600000001697;mais uns dois vezes;;[{'text': 'mais', 'timestamp': (0.86, 1.02)}, {'text': 'uns', 'timestamp': (1.04, 1.18)}, {'text': 'dois', 'timestamp': (1.22, 1.36)}, {'text': 'vezes', 'timestamp': (1.44, 1.74)}];0,6666666666666666;0,5;0,6666666666666667;0,5
./audios/SP_D2_333_1167.27051_1168.85036.wav;1167,27051;1168,85036;e eu vou tirar sua graça;e eu vou tirar sua graça;1,5798499999998512;eu vou tirar a sua graça;;[{'text': 'eu', 'timestamp': (0.28, 0.34)}, {'text': 'vou', 'timestamp': (0.38, 0.48)}, {'text': 'tirar', 'timestamp': (0.54, 0.76)}, {'text': 'a', 'timestamp': (0.8, 0.82)}, {'text': 'sua', 'timestamp': (0.9, 1.02)}, {'text': 'graça', 'timestamp': (1.1, 1.46)}];0,3333333333333333;0,2857142857142857;0,30555555555555547;0,16666666666666666
./audios/SP_D2_333_1169.11995_1172.21157.wav;1169,11995;1172,21157;você espera um pouquinho que você vai saber se a [( )'';você espera um pouquinho que você vai saber se a;3,0916199999999208;você espera um pouquinho que você vai a viação maria morena;;[{'text': 'você', 'timestamp': (0.08, 0.2)}, {'text': 'espera', 'timestamp': (0.32, 0.6)}, {'text': 'um', 'timestamp': (0.66, 0.7)}, {'text': 'pouquinho', 'timestamp': (0.74, 0.96)}, {'text': 'que', 'timestamp': (0.98, 1.04)}, {'text': 'você', 'timestamp': (1.08, 1.2)}, {'text': 'vai', 'timestamp': (1.26, 1.34)}, {'text': 'a', 'timestamp': (1.48, 1.5)}, {'text': 'viação', 'timestamp': (1.58, 2.22)}, {'text': 'maria', 'timestamp': (2.26, 2.46)}, {'text': 'morena', 'timestamp': (2.52, 3.02)}];0,4;0,36363636363636365;0,5545454545454546;0,3333333333333333
./audios/SP_D2_333_1274.8184_1275.15596.wav;1274,8184;1275,15596;hum;uh;0,33755999999993946;bom;;[{'text': 'bom', 'timestamp': (1.06, 1.2)}];1,0;1,0;1,0;1,5
./audios/SP_D2_333_1286.51068_1286.95509.wav;1286,51068;1286,95509;aliás;aliás;0,4444099999998343;aliás;;[{'text': 'aliás', 'timestamp': (1.06, 1.36)}];0,0;0,0;0,0;0,0
./audios/SP_D2_333_1286.95509_1288.16058.wav;1286,95509;1288,16058;esse [intercâmbio;esse intercâmbio;1,2054900000000544;esse intercâmbio;;[{'text': 'esse', 'timestamp': (0.18, 0.34)}, {'text': 'intercâmbio', 'timestamp': (0.42, 1.04)}];0,0;0,0;0,0;0,0
./audios/SP_D2_333_1288.54153_1291.21184.wav;1288,54153;1291,21184;[de de novela já houve há muito tempo no rádio;de de novela já houve há muito tempo no rádio;2,670309999999972;de tinopela já houve há muito tempo no rádio;;[{'text': 'de', 'timestamp': (0.18, 0.38)}, {'text': 'tinopela', 'timestamp': (0.44, 0.9)}, {'text': 'já', 'timestamp': (1.02, 1.06)}, {'text': 'houve', 'timestamp': (1.34, 1.52)}, {'text': 'há', 'timestamp': (1.54, 1.58)}, {'text': 'muito', 'timestamp': (1.64, 1.76)}, {'text': 'tempo', 'timestamp': (1.9, 2.08)}, {'text': 'no', 'timestamp': (2.2, 2.28)}, {'text': 'rádio', 'timestamp': (2.34, 2.64)}];0,2;0,2;0,28888888888888886;0,08888888888888889
./audios/SP_D2_333_1291.21184_1291.48.wav;1291,21184;1291,48;né?;né;0,2681600000000799;é;;[{'text': 'é', 'timestamp': (1.06, 1.08)}];1,0;1,0;1,0;0,5
./audios/SP_D2_333_1291.48_1293.4981.wav;1291,48;1293,4981;no rádio se fez com a ArgentiNA;no rádio se fez com a argentina;2,018100000000004;o rádio se fez com latina;;[{'text': 'o', 'timestamp': (0.12, 0.14)}, {'text': 'rádio', 'timestamp': (0.22, 0.48)}, {'text': 'se', 'timestamp': (0.58, 0.64)}, {'text': 'fez', 'timestamp': (0.74, 0.92)}, {'text': 'com', 'timestamp': (1.02, 1.12)}, {'text': 'latina', 'timestamp': (1.26, 1.7)}];0,42857142857142855;0,42857142857142855;0,6190476190476191;0,22580645161290322
./audios/SP_D2_333_1294.0291_1294.46206.wav;1294,0291;1294,46206;demais;demais;0,4329600000000937;demai;;[{'text': 'demai', 'timestamp': (1.0, 1.32)}];1,0;1,0;1,0;0,16666666666666666
./audios/SP_D2_333_1294.46206_1294.62577.wav;1294,46206;1294,62577;[né?;né;0,16371000000003733;bem;;[{'text': 'bem', 'timestamp': (1.04, 1.12)}];1,0;1,0;1,0;1,5
./audios/SP_D2_333_1294.96226_1296.10593.wav;1294,96226;1296,10593;[outros rádios ( );outros rádios;1,1436699999999291;seguindo o mar do tana;;[{'text': 'seguindo', 'timestamp': (0.02, 0.26)}, {'text': 'o', 'timestamp': (0.3, 0.34)}, {'text': 'mar', 'timestamp': (0.4, 0.56)}, {'text': 'do', 'timestamp': (0.62, 0.68)}, {'text': 'tana', 'timestamp': (0.76, 1.0)}];2,5;1,0;1,0;1,3076923076923077
./audios/SP_D2_333_1296.50895_1297.86502.wav;1296,50895;1297,86502;não não eles trocavam;não não eles trocavam;1,3560700000000452;não não eles trocavam;;[{'text': 'não', 'timestamp': (0.02, 0.18)}, {'text': 'não', 'timestamp': (0.4, 0.5)}, {'text': 'eles', 'timestamp': (0.56, 0.72)}, {'text': 'trocavam', 'timestamp': (0.78, 1.22)}];0,0;0,0;0,0;0,0
./audios/SP_D2_333_1298.37151_1298.81204.wav;1298,37151;1298,81204;quer dizer;quer dizer;0,4405300000000807;quer dizer;;[{'text': 'quer', 'timestamp': (1.02, 1.12)}, {'text': 'dizer', 'timestamp': (1.16, 1.36)}];0,0;0,0;0,0;0,0
./audios/SP_D2_333_1298.81204_1301.41349.wav;1298,81204;1301,41349;inclusive nós assistimos aqui muita novela;inclusive nós assistimos aqui muita novela;2,601449999999886;inclusive nós assistimos aqui muita novela;;[{'text': 'inclusive', 'timestamp': (0.12, 0.54)}, {'text': 'nós', 'timestamp': (0.66, 0.8)}, {'text': 'assistimos', 'timestamp': (0.88, 1.36)}, {'text': 'aqui', 'timestamp': (1.44, 1.6)}, {'text': 'muita', 'timestamp': (1.74, 1.92)}, {'text': 'novela', 'timestamp': (2.02, 2.44)}];0,0;0,0;0,0;0,0
./audios/SP_D2_333_1301.93572_1303.4717.wav;1301,93572;1303,4717;com o nome do Osvaldo Viana;com o nome do osvaldo viana;1,5359800000001087;com o nome de odovaldo viana;;[{'text': 'com', 'timestamp': (0.08, 0.26)}, {'text': 'o', 'timestamp': (0.3, 0.32)}, {'text': 'nome', 'timestamp': (0.36, 0.54)}, {'text': 'de', 'timestamp': (0.6, 0.66)}, {'text': 'odovaldo', 'timestamp': (0.68, 1.04)}, {'text': 'viana', 'timestamp': (1.1, 1.38)}];0,3333333333333333;0,3333333333333333;0,5555555555555556;0,1111111111111111
./audios/SP_D2_333_1303.80347_1305.46921.wav;1303,80347;1305,46921;que era de uma de um argentino;que era de uma de um argentino;1,6657399999999143;e era de um de um argentino;;[{'text': 'e', 'timestamp': (0.1, 0.12)}, {'text': 'era', 'timestamp': (0.22, 0.36)}, {'text': 'de', 'timestamp': (0.52, 0.56)}, {'text': 'um', 'timestamp': (0.64, 0.68)}, {'text': 'de', 'timestamp': (0.9, 0.96)}, {'text': 'um', 'timestamp': (0.98, 1.02)}, {'text': 'argentino', 'timestamp': (1.06, 1.52)}];0,2857142857142857;0,2857142857142857;0,4897959183673469;0,1
./audios/SP_D2_333_1306.08_1307.33964.wav;1306,08;1307,33964;[e era levado lá com o;e era levado lá com o;1,2596399999999903;e ela levava lá com;;[{'text': 'e', 'timestamp': (0.08, 0.1)}, {'text': 'ela', 'timestamp': (0.2, 0.3)}, {'text': 'levava', 'timestamp': (0.38, 0.66)}, {'text': 'lá', 'timestamp': (0.78, 0.84)}, {'text': 'com', 'timestamp': (0.98, 1.12)}];0,5;0,5;0,7;0,23809523809523808
./audios/SP_D2_333_1307.54095_1308.87117.wav;1307,54095;1308,87117;com o com o nome da pês/;com o com o nome da pês;1,3302199999998265;com com o nome da pessoa;;[{'text': 'com', 'timestamp': (0.06, 0.16)}, {'text': 'com', 'timestamp': (0.42, 0.5)}, {'text': 'o', 'timestamp': (0.58, 0.6)}, {'text': 'nome', 'timestamp': (0.64, 0.8)}, {'text': 'da', 'timestamp': (0.94, 1.0)}, {'text': 'pessoa', 'timestamp': (1.08, 1.3)}];0,2857142857142857;0,2857142857142857;0,40476190476190477;0,2608695652173913
./audios/SP_D2_333_1308.87117_1310.64.wav;1308,87117;1310,64;da do do escritor lá;da do do escritor lá;1,7688300000002073;da da do do do escritor lá;;[{'text': 'da', 'timestamp': (0.12, 0.16)}, {'text': 'da', 'timestamp': (0.32, 0.38)}, {'text': 'do', 'timestamp': (0.5, 0.56)}, {'text': 'do', 'timestamp': (0.74, 0.8)}, {'text': 'do', 'timestamp': (0.98, 1.02)}, {'text': 'escritor', 'timestamp': (1.08, 1.36)}, {'text': 'lá', 'timestamp': (1.46, 1.52)}];0,4;0,2857142857142857;0,2857142857142857;0,3
./audios/SP_D2_333_1311.14_1311.76.wav;1311,14;1311,76;de lá;de lá;0,6199999999998909;de lá;;[{'text': 'de', 'timestamp': (1.1, 1.16)}, {'text': 'lá', 'timestamp': (1.26, 1.32)}];0,0;0,0;0,0;0,0
./audios/SP_D2_333_1312.1285_1313.44.wav;1312,1285;1313,44;e a gente não quem era;e a gente não quem era;1,3115000000000236;e a gente não sabia de quem era;;[{'text': 'e', 'timestamp': (0.04, 0.06)}, {'text': 'a', 'timestamp': (0.14, 0.16)}, {'text': 'gente', 'timestamp': (0.2, 0.34)}, {'text': 'não', 'timestamp': (0.42, 0.48)}, {'text': 'sabia', 'timestamp': (0.54, 0.74)}, {'text': 'de', 'timestamp': (0.76, 0.8)}, {'text': 'quem', 'timestamp': (0.84, 0.94)}, {'text': 'era', 'timestamp': (1.02, 1.16)}];0,3333333333333333;0,25;0,25;0,4090909090909091
./audios/SP_D2_333_1313.44_1314.81526.wav;1313,44;1314,81526;mas na verdade eles trocavam;mas na verdade eles trocavam;1,3752600000000257;mas na verdade eles trocavam;;[{'text': 'mas', 'timestamp': (0.08, 0.14)}, {'text': 'na', 'timestamp': (0.18, 0.22)}, {'text': 'verdade', 'timestamp': (0.28, 0.6)}, {'text': 'eles', 'timestamp': (0.7, 0.84)}, {'text': 'trocavam', 'timestamp': (0.88, 1.3)}];0,0;0,0;0,0;0,0
./audios/SP_D2_333_1315.01262_1316.36194.wav;1315,01262;1316,36194;e exibiam com o seu nome;e exibiam com o seu nome;1,3493200000000343;e exibiam com seu norio;;[{'text': 'e', 'timestamp': (0.06, 0.1)}, {'text': 'exibiam', 'timestamp': (0.2, 0.56)}, {'text': 'com', 'timestamp': (0.64, 0.72)}, {'text': 'seu', 'timestamp': (0.82, 0.92)}, {'text': 'norio', 'timestamp': (0.98, 1.26)}];0,3333333333333333;0,3333333333333333;0,4666666666666667;0,20833333333333334
./audios/SP_D2_333_1317.85463_1318.11832.wav;1317,85463;1318,11832;quer dizer;quer dizer;0,26368999999999687;quer dizer de;;[{'text': 'quer', 'timestamp': (1.0, 1.1)}, {'text': 'dizer', 'timestamp': (1.12, 1.24)}, {'text': 'de', 'timestamp': (1.3, 1.62)}];0,5;0,3333333333333333;0,33333333333333337;0,3
./audios/SP_D2_333_1318.11832_1319.24188.wav;1318,11832;1319,24188;na na televisão;na na televisão;1,1235599999999977;na na na televisão;;[{'text': 'na', 'timestamp': (0.04, 0.12)}, {'text': 'na', 'timestamp': (0.22, 0.3)}, {'text': 'na', 'timestamp': (0.42, 0.48)}, {'text': 'televisão', 'timestamp': (0.56, 1.02)}];0,3333333333333333;0,25;0,25;0,2
./audios/SP_D2_333_1319.24188_1319.93152.wav;1319,24188;1319,93152;é uma novidade;é uma novidade;0,689640000000054;a uma novidade;;[{'text': 'a', 'timestamp': (1.02, 1.04)}, {'text': 'uma', 'timestamp': (1.08, 1.14)}, {'text': 'novidade', 'timestamp': (1.2, 1.58)}];0,3333333333333333;0,3333333333333333;0,5555555555555556;0,07142857142857142
./audios/SP_D2_333_1319.93152_1320.09254.wav;1319,93152;1320,09254;né?;né;0,1610200000000077;a;;[{'text': 'a', 'timestamp': (1.04, 1.06)}];1,0;1,0;1,0;1,0
./audios/SP_D2_333_1325.36148_1325.60135.wav;1325,36148;1325,60135;[é;é;0,23986999999988257;a;;[{'text': 'a', 'timestamp': (1.06, 1.08)}];1,0;1,0;1,0;1,0
./audios/SP_D2_333_1392.75571_1394.42141.wav;1392,75571;1394,42141;só este campo de trabalho;só este campo de trabalho;1,6657000000000153;só este campo de trabalho;;[{'text': 'só', 'timestamp': (0.14, 0.2)}, {'text': 'este', 'timestamp': (0.34, 0.52)}, {'text': 'campo', 'timestamp': (0.7, 0.96)}, {'text': 'de', 'timestamp': (1.06, 1.1)}, {'text': 'trabalho', 'timestamp': (1.18, 1.58)}];0,0;0,0;0,0;0,0
./audios/SP_D2_333_1394.71812_1395.19907.wav;1394,71812;1395,19907;novo;novo;0,4809499999998934;novo;;[{'text': 'novo', 'timestamp': (1.1, 1.4)}];0,0;0,0;0,0;0,0
./audios/SP_D2_333_1395.19907_1395.52.wav;1395,19907;1395,52;não é?;não é;0,3209300000000894;boleto;;[{'text': 'boleto', 'timestamp': (1.0, 1.34)}];1,0;1,0;1,0;1,2
./audios/SP_D2_333_1395.52_1396.72416.wav;1395,52;1396,72416;para o nosso artista;para o nosso artista;1,2041600000000017;para o nosso artista;;[{'text': 'para', 'timestamp': (0.06, 0.2)}, {'text': 'o', 'timestamp': (0.24, 0.26)}, {'text': 'nosso', 'timestamp': (0.34, 0.52)}, {'text': 'artista', 'timestamp': (0.58, 1.08)}];0,0;0,0;0,0;0,0
./audios/SP_D2_333_1396.72416_1397.53144.wav;1396,72416;1397,53144;agora ( ) fizerem a;agora fizerem a;0,8072799999999916;agora queremos fazer a;;[{'text': 'agora', 'timestamp': (0.98, 1.12)}, {'text': 'queremos', 'timestamp': (1.16, 1.4)}, {'text': 'fazer', 'timestamp': (1.46, 1.64)}, {'text': 'a', 'timestamp': (1.72, 1.74)}];0,6666666666666666;0,5;0,6666666666666667;0,7333333333333333
./audios/SP_D2_333_1397.70982_1398.55716.wav;1397,70982;1398,55716;a trilha sonora;a trilha sonora;0,8473400000000311;tria sonora;;[{'text': 'tria', 'timestamp': (1.04, 1.26)}, {'text': 'sonora', 'timestamp': (1.34, 1.72)}];0,6666666666666666;0,6666666666666666;0,8333333333333334;0,26666666666666666
./audios/SP_D2_333_1399.1288_1400.38562.wav;1399,1288;1400,38562;em vez de pegar um disco;em vez de pegar um disco;1,2568200000000616;o jeito de pegar um disco;;[{'text': 'o', 'timestamp': (0.06, 0.08)}, {'text': 'jeito', 'timestamp': (0.14, 0.24)}, {'text': 'de', 'timestamp': (0.28, 0.32)}, {'text': 'pegar', 'timestamp': (0.34, 0.5)}, {'text': 'um', 'timestamp': (0.54, 0.58)}, {'text': 'disco', 'timestamp': (0.68, 1.04)}];0,3333333333333333;0,3333333333333333;0,5555555555555556;0,25
./audios/SP_D2_333_1401.10322_1401.31943.wav;1401,10322;1401,31943;não é?;não é;0,21621000000004642;não é;;[{'text': 'não', 'timestamp': (0.98, 1.06)}, {'text': 'é', 'timestamp': (1.12, 1.14)}];0,0;0,0;0,0;0,0
./audios/SP_D2_333_1402.67632_1404.58377.wav;1402,67632;1404,58377;fazia (o fato de fazer escrever);fazia o fato de fazer escrever;1,9074499999999261;fazia parte fazer escrever;;[{'text': 'fazia', 'timestamp': (0.1, 0.48)}, {'text': 'parte', 'timestamp': (0.8, 1.06)}, {'text': 'fazer', 'timestamp': (1.18, 1.32)}, {'text': 'escrever', 'timestamp': (1.4, 1.78)}];0,5;0,5;0,625;0,23333333333333334
./audios/SP_D2_333_1405.07412_1406.94836.wav;1405,07412;1406,94836;está sendo agora o:: Pecado Capital;está sendo agora o pecado capital;1,8742400000000998;está sendo agora o pecado capital;;[{'text': 'está', 'timestamp': (0.04, 0.14)}, {'text': 'sendo', 'timestamp': (0.22, 0.36)}, {'text': 'agora', 'timestamp': (0.44, 0.7)}, {'text': 'o', 'timestamp': (1.04, 1.06)}, {'text': 'pecado', 'timestamp': (1.16, 1.36)}, {'text': 'capital', 'timestamp': (1.48, 1.76)}];0,0;0,0;0,0;0,0
./audios/SP_D2_333_1406.94836_1407.45183.wav;1406,94836;1407,45183;por exemplo;por exemplo;0,5034699999998793;por exemplo;;[{'text': 'por', 'timestamp': (0.98, 1.06)}, {'text': 'exemplo', 'timestamp': (1.1, 1.32)}];0,0;0,0;0,0;0,0
./audios/SP_D2_333_1407.45183_1409.72.wav;1407,45183;1409,72;eles encomendaram especialmente;eles encomendaram especialmente;2,2681700000000546;eles encomendaram especialmente;;[{'text': 'eles', 'timestamp': (0.08, 0.22)}, {'text': 'encomendaram', 'timestamp': (0.28, 1.0)}, {'text': 'especialmente', 'timestamp': (1.28, 2.12)}];0,0;0,0;0,0;0,0
./audios/SP_D2_333_1409.72_1410.52.wav;1409,72;1410,52;para aquele;para aquele;0,7999999999999545;para aqueles;;[{'text': 'para', 'timestamp': (1.04, 1.22)}, {'text': 'aqueles', 'timestamp': (1.24, 1.68)}];0,5;0,5;0,75;0,09090909090909091
./audios/SP_D2_333_1410.64849_1411.92413.wav;1410,64849;1411,92413;está perfeitamente;está perfeitamente;1,2756400000000667;está perfeitamente;;[{'text': 'está', 'timestamp': (0.02, 0.16)}, {'text': 'perfeitamente', 'timestamp': (0.26, 1.1)}];0,0;0,0;0,0;0,0
./audios/SP_D2_333_1412.51152_1413.45411.wav;1412,51152;1413,45411;[adeQUAdo;adequado;0,9425899999998819;alegado;;[{'text': 'alegado', 'timestamp': (1.06, 1.76)}];1,0;1,0;1,0;0,375
./audios/SP_D2_333_1414.13402_1415.54422.wav;1414,13402;1415,54422;é muito mais interessante;é muito mais interessante;1,4102000000000317;é muito mais interessante;;[{'text': 'é', 'timestamp': (0.1, 0.12)}, {'text': 'muito', 'timestamp': (0.22, 0.36)}, {'text': 'mais', 'timestamp': (0.42, 0.54)}, {'text': 'interessante', 'timestamp': (0.58, 1.18)}];0,0;0,0;0,0;0,0
./audios/SP_D2_333_1417.2525_1419.30517.wav;1417,2525;1419,30517;[é uma grande oportunidade para os nossos [artistas;é uma grande oportunidade para os nossos artistas;2,0526700000000346;e é uma grande oportunidade para os nossos artistas;;[{'text': 'e', 'timestamp': (0.0, 0.02)}, {'text': 'é', 'timestamp': (0.06, 0.08)}, {'text': 'uma', 'timestamp': (0.16, 0.26)}, {'text': 'grande', 'timestamp': (0.28, 0.48)}, {'text': 'oportunidade', 'timestamp': (0.5, 1.06)}, {'text': 'para', 'timestamp': (1.16, 1.28)}, {'text': 'os', 'timestamp': (1.3, 1.34)}, {'text': 'nossos', 'timestamp': (1.38, 1.56)}, {'text': 'artistas', 'timestamp': (1.6, 2.02)}];0,125;0,1111111111111111;0,11111111111111116;0,04081632653061224
./audios/SP_D2_333_1419.30517_1419.48.wav;1419,30517;1419,48;não é?;não é;0,174829999999929;e;;[{'text': 'e', 'timestamp': (0.82, 0.86)}];1,0;1,0;1,0;1,0
./audios/SP_D2_333_1429.84272_1430.16623.wav;1429,84272;1430,16623;Helena;helena;0,323509999999942;ele na vara;;[{'text': 'ele', 'timestamp': (1.04, 1.18)}, {'text': 'na', 'timestamp': (1.2, 1.26)}, {'text': 'vara', 'timestamp': (1.3, 1.6)}];3,0;1,0;1,0;1,1666666666666667
./audios/SP_D2_333_1430.16623_1433.60833.wav;1430,16623;1433,60833;você escreveu qualquer coisa muito interessante sobre a a Marília Medalha;você escreveu qualquer coisa muito interessante sobre a a marília medalha;3,442099999999982;você escrever qualquer coisa muito interessante sobre a marina e dália;;[{'text': 'você', 'timestamp': (0.06, 0.18)}, {'text': 'escrever', 'timestamp': (0.2, 0.44)}, {'text': 'qualquer', 'timestamp': (0.5, 0.72)}, {'text': 'coisa', 'timestamp': (0.76, 0.9)}, {'text': 'muito', 'timestamp': (0.98, 1.08)}, {'text': 'interessante', 'timestamp': (1.14, 1.58)}, {'text': 'sobre', 'timestamp': (1.66, 1.78)}, {'text': 'a', 'timestamp': (2.04, 2.08)}, {'text': 'marina', 'timestamp': (2.46, 2.74)}, {'text': 'e', 'timestamp': (2.78, 2.82)}, {'text': 'dália', 'timestamp': (2.98, 3.3)}];0,36363636363636365;0,36363636363636365;0,5950413223140496;0,136986301369863
./audios/SP_D2_333_1433.60833_1435.33041.wav;1433,60833;1435,33041;e eu perdi essa sua::;e eu perdi essa sua;1,7220800000000054;e eu perdi essa sua;;[{'text': 'e', 'timestamp': (0.06, 0.08)}, {'text': 'eu', 'timestamp': (0.18, 0.26)}, {'text': 'perdi', 'timestamp': (0.34, 0.6)}, {'text': 'essa', 'timestamp': (0.82, 1.02)}, {'text': 'sua', 'timestamp': (1.22, 1.38)}];0,0;0,0;0,0;0,0
./audios/SP_D2_333_1436.14376_1437.51075.wav;1436,14376;1437,51075;o que foi que você disse sobre a Maria Medalha?;o que foi que você disse sobre a maria medalha;1,366989999999987;que foi que você disse a maria verdade;;[{'text': 'que', 'timestamp': (0.02, 0.1)}, {'text': 'foi', 'timestamp': (0.12, 0.18)}, {'text': 'que', 'timestamp': (0.2, 0.28)}, {'text': 'você', 'timestamp': (0.32, 0.44)}, {'text': 'disse', 'timestamp': (0.52, 0.68)}, {'text': 'a', 'timestamp': (0.78, 0.8)}, {'text': 'maria', 'timestamp': (0.84, 1.04)}, {'text': 'verdade', 'timestamp': (1.06, 1.3)}];0,3;0,3;0,38750000000000007;0,2826086956521739
./audios/SP_D2_333_1437.51075_1438.4.wav;1437,51075;1438,4;o ( ) me disse que era;o me disse que era;0,8892500000001746;seu nome disse que era;;[{'text': 'seu', 'timestamp': (0.9, 1.04)}, {'text': 'nome', 'timestamp': (1.08, 1.22)}, {'text': 'disse', 'timestamp': (1.28, 1.42)}, {'text': 'que', 'timestamp': (1.44, 1.5)}, {'text': 'era', 'timestamp': (1.56, 1.62)}];0,4;0,4;0,64;0,2777777777777778
./audios/SP_D2_333_1438.59729_1440.50137.wav;1438,59729;1440,50137;que estava muito interessante este seu::;que estava muito interessante este seu;1,9040800000000218;que estava muito interessante este seu;;[{'text': 'que', 'timestamp': (0.0, 0.08)}, {'text': 'estava', 'timestamp': (0.1, 0.26)}, {'text': 'muito', 'timestamp': (0.36, 0.48)}, {'text': 'interessante', 'timestamp': (0.54, 1.0)}, {'text': 'este', 'timestamp': (1.1, 1.24)}, {'text': 'seu', 'timestamp': (1.38, 1.52)}];0,0;0,0;0,0;0,0
./audios/SP_D2_333_1440.50137_1441.56.wav;1440,50137;1441,56;esta sua crônica;esta sua crônica;1,0586299999999937;essa sua cororica;;[{'text': 'essa', 'timestamp': (0.12, 0.22)}, {'text': 'sua', 'timestamp': (0.3, 0.46)}, {'text': 'cororica', 'timestamp': (0.5, 0.88)}];0,6666666666666666;0,6666666666666666;0,8888888888888888;0,25
./audios/SP_D2_333_1442.52394_1443.22042.wav;1442,52394;1443,22042;[o que que você comentou?;o que que você comentou;0,696480000000065;fitodermati;;[{'text': 'fitodermati', 'timestamp': (1.08, 1.56)}];1,0;1,0;1,0;0,8695652173913043
./audios/SP_D2_333_1525.15007_1525.84948.wav;1525,15007;1525,84948;[Ponteio;ponteio;0,6994100000001708;ele veio;;[{'text': 'ele', 'timestamp': (1.1, 1.22)}, {'text': 'veio', 'timestamp': (1.28, 1.62)}];2,0;1,0;1,0;0,7142857142857143
./audios/SP_D2_333_1528.26308_1528.63987.wav;1528,26308;1528,63987;Edu;edu;0,37679000000002816;edu;;[{'text': 'edu', 'timestamp': (1.04, 1.2)}];0,0;0,0;0,0;0,0
./audios/SP_D2_333_1529.58184_1530.12.wav;1529,58184;1530,12;[Edu Lobo;edu lobo;0,5381599999998343;e do luan;;[{'text': 'e', 'timestamp': (1.02, 1.04)}, {'text': 'do', 'timestamp': (1.08, 1.16)}, {'text': 'luan', 'timestamp': (1.2, 1.36)}];1,5;1,0;1,0;0,625
./audios/SP_D2_333_1533.37752_1535.28.wav;1533,37752;1535,28;você sabe a história dessa premiação como é que foi?;você sabe a história dessa premiação como é que foi;1,9024799999999686;você sabe a história dessa premiação como é que foi;;[{'text': 'você', 'timestamp': (0.02, 0.12)}, {'text': 'sabe', 'timestamp': (0.2, 0.32)}, {'text': 'a', 'timestamp': (0.34, 0.36)}, {'text': 'história', 'timestamp': (0.42, 0.64)}, {'text': 'dessa', 'timestamp': (0.66, 0.86)}, {'text': 'premiação', 'timestamp': (0.92, 1.32)}, {'text': 'como', 'timestamp': (1.38, 1.48)}, {'text': 'é', 'timestamp': (1.5, 1.52)}, {'text': 'que', 'timestamp': (1.58, 1.64)}, {'text': 'foi', 'timestamp': (1.68, 1.82)}];0,0;0,0;0,0;0,0
./audios/SP_D2_333_1536.04231_1536.80496.wav;1536,04231;1536,80496;[o:::;o;0,7626499999998941;renato pei;;[{'text': 'renato', 'timestamp': (1.08, 1.62)}, {'text': 'pei', 'timestamp': (1.68, 1.74)}];2,0;1,0;1,0;9,0
./audios/SP_D2_333_1536.80496_1537.58102.wav;1536,80496;1537,58102;o Buarque;o buarque;0,7760600000001432;eradaaqui;;[{'text': 'eradaaqui', 'timestamp': (1.0, 1.6)}];1,0;1,0;1,0;0,6666666666666666
./audios/SP_D2_333_1538.51302_1539.44774.wav;1538,51302;1539,44774;[o o Buarque;o o buarque;0,9347199999999702;com o baque;;[{'text': 'com', 'timestamp': (1.02, 1.18)}, {'text': 'o', 'timestamp': (1.36, 1.38)}, {'text': 'baque', 'timestamp': (1.48, 1.82)}];0,6666666666666666;0,6666666666666666;0,8888888888888888;0,36363636363636365
./audios/SP_D2_333_1539.44774_1540.29961.wav;1539,44774;1540,29961;queriam dar;queriam dar;0,8518699999999626;que vida;;[{'text': 'que', 'timestamp': (1.0, 1.06)}, {'text': 'vida', 'timestamp': (1.14, 1.52)}];1,0;1,0;1,0;0,5454545454545454
./audios/SP_D2_333_1540.29961_1541.271.wav;1540,29961;1541,271;o prêmio para ele;o prêmio para ele;0,9713899999999285;o prêmio para ele;;[{'text': 'o', 'timestamp': (1.06, 1.08)}, {'text': 'prêmio', 'timestamp': (1.18, 1.42)}, {'text': 'para', 'timestamp': (1.5, 1.6)}, {'text': 'ele', 'timestamp': (1.68, 1.86)}];0,0;0,0;0,0;0,0
./audios/SP_D2_333_1542.12696_1542.67216.wav;1542,12696;1542,67216;e ele brigou;e ele brigou;0,5452000000000226;e ele brigou;;[{'text': 'e', 'timestamp': (1.04, 1.06)}, {'text': 'ele', 'timestamp': (1.12, 1.22)}, {'text': 'brigou', 'timestamp': (1.28, 1.54)}];0,0;0,0;0,0;0,0
./audios/SP_D2_333_1542.67216_1543.94667.wav;1542,67216;1543,94667;e disse [que não aceitaria;e disse que não aceitaria;1,2745099999999638;e disse que não aceitaria;;[{'text': 'e', 'timestamp': (0.0, 0.04)}, {'text': 'disse', 'timestamp': (0.12, 0.24)}, {'text': 'que', 'timestamp': (0.3, 0.38)}, {'text': 'não', 'timestamp': (0.42, 0.5)}, {'text': 'aceitaria', 'timestamp': (0.58, 1.18)}];0,0;0,0;0,0;0,0
./audios/SP_D2_333_1543.94667_1546.19762.wav;1543,94667;1546,19762;não isso não é fofoca de:: de bastidor;não isso não é fofoca de de bastidor;2,250949999999875;não isso é uma faca de de investidor;;[{'text': 'não', 'timestamp': (0.12, 0.28)}, {'text': 'isso', 'timestamp': (0.36, 0.5)}, {'text': 'é', 'timestamp': (0.6, 0.62)}, {'text': 'uma', 'timestamp': (0.78, 0.98)}, {'text': 'faca', 'timestamp': (1.06, 1.28)}, {'text': 'de', 'timestamp': (1.36, 1.4)}, {'text': 'de', 'timestamp': (1.58, 1.62)}, {'text': 'investidor', 'timestamp': (1.66, 2.12)}];0,5;0,5;0,75;0,3333333333333333
./audios/SP_D2_333_1546.19762_1546.60599.wav;1546,19762;1546,60599;mas eu::;mas eu;0,4083700000001045;fazer o rumo;;[{'text': 'fazer', 'timestamp': (0.98, 1.18)}, {'text': 'o', 'timestamp': (1.2, 1.24)}, {'text': 'rumo', 'timestamp': (1.28, 1.5)}];1,5;1,0;1,0;1,5
./audios/SP_D2_333_1546.86974_1548.06418.wav;1546,86974;1548,06418;[(estou te dando notícia) autêntica;estou te dando notícia autêntica;1,194439999999986;por se der você altetica;;[{'text': 'por', 'timestamp': (0.08, 0.16)}, {'text': 'se', 'timestamp': (0.22, 0.26)}, {'text': 'der', 'timestamp': (0.28, 0.36)}, {'text': 'você', 'timestamp': (0.42, 0.56)}, {'text': 'altetica', 'timestamp': (0.6, 1.08)}];1,0;1,0;1,0;0,53125
./audios/SP_D2_333_1548.45482_1549.38294.wav;1548,45482;1549,38294;e ele se negou;e ele se negou;0,9281200000000354;e ele se nega;;[{'text': 'e', 'timestamp': (1.08, 1.1)}, {'text': 'ele', 'timestamp': (1.22, 1.34)}, {'text': 'se', 'timestamp': (1.54, 1.6)}, {'text': 'nega', 'timestamp': (1.66, 1.92)}];0,25;0,25;0,4375;0,14285714285714285
./audios/SP_D2_333_1549.38294_1551.73317.wav;1549,38294;1551,73317;ele disse que NÃO receberia se não fosse;ele disse que não receberia se não fosse;2,3502300000000105;eles que não receberia se não fosse;;[{'text': 'eles', 'timestamp': (0.0, 0.16)}, {'text': 'que', 'timestamp': (0.2, 0.28)}, {'text': 'não', 'timestamp': (0.44, 0.6)}, {'text': 'receberia', 'timestamp': (0.72, 1.34)}, {'text': 'se', 'timestamp': (1.48, 1.54)}, {'text': 'não', 'timestamp': (1.64, 1.72)}, {'text': 'fosse', 'timestamp': (1.88, 2.18)}];0,25;0,25;0,3571428571428572;0,125
./audios/SP_D2_333_1552.07035_1552.8117.wav;1552,07035;1552,8117;o::;o;0,7413500000000113;eu amo;;[{'text': 'eu', 'timestamp': (1.1, 1.18)}, {'text': 'amo', 'timestamp': (1.32, 1.54)}];2,0;1,0;1,0;5,0
./audios/SP_D2_333_1553.64573_1555.28.wav;1553,64573;1555,28;se não recebesse TAMbém o [Ponteio;se não recebesse também o ponteio;1,634270000000015;se não recebesse também o conte;;[{'text': 'se', 'timestamp': (0.02, 0.08)}, {'text': 'não', 'timestamp': (0.12, 0.2)}, {'text': 'recebesse', 'timestamp': (0.22, 0.64)}, {'text': 'também', 'timestamp': (0.76, 1.06)}, {'text': 'o', 'timestamp': (1.18, 1.2)}, {'text': 'conte', 'timestamp': (1.24, 1.46)}];0,16666666666666666;0,16666666666666666;0,30555555555555547;0,09090909090909091
./audios/SP_D2_333_1555.42512_1555.87421.wav;1555,42512;1555,87421;[e::;e;0,4490899999998419;e é isso;;[{'text': 'e', 'timestamp': (1.06, 1.08)}, {'text': 'é', 'timestamp': (1.18, 1.2)}, {'text': 'isso', 'timestamp': (1.3, 1.52)}];2,0;0,6666666666666666;0,6666666666666667;7,0
./audios/SP_D2_333_1555.87421_1557.74185.wav;1555,87421;1557,74185;e Ponteio é uma música [maravilhosa ( );e ponteio é uma música maravilhosa;1,867640000000165;filho ponteados trabalhava dos;;[{'text': 'filho', 'timestamp': (0.0, 0.28)}, {'text': 'ponteados', 'timestamp': (0.36, 1.04)}, {'text': 'trabalhava', 'timestamp': (1.06, 1.32)}, {'text': 'dos', 'timestamp': (1.42, 1.62)}];1,0;1,0;1,0;0,7352941176470589
./audios/SP_D2_333_1557.74185_1558.68.wav;1557,74185;1558,68;aliás uma coisa linda;aliás uma coisa linda;0,9381499999999505;a mara morales ali;;[{'text': 'a', 'timestamp': (1.06, 1.08)}, {'text': 'mara', 'timestamp': (1.16, 1.28)}, {'text': 'morales', 'timestamp': (1.34, 1.64)}, {'text': 'ali', 'timestamp': (1.7, 1.84)}];1,0;1,0;1,0;0,7619047619047619
./audios/SP_D2_333_1560.09864_1561.93064.wav;1560,09864;1561,93064;[(pelo) mesmo tempo que foram premiadas as duas;pelo mesmo tempo que foram premiadas as duas;1,8320000000001073;ao mesmo tempo foram premiadas as duas;;[{'text': 'ao', 'timestamp': (0.02, 0.22)}, {'text': 'mesmo', 'timestamp': (0.28, 0.46)}, {'text': 'tempo', 'timestamp': (0.58, 0.74)}, {'text': 'foram', 'timestamp': (0.9, 1.02)}, {'text': 'premiadas', 'timestamp': (1.08, 1.46)}, {'text': 'as', 'timestamp': (1.52, 1.58)}, {'text': 'duas', 'timestamp': (1.66, 1.78)}];0,25;0,25;0,3571428571428572;0,1590909090909091
./audios/SP_D2_333_1561.93064_1562.2.wav;1561,93064;1562,2;né?;né;0,26936000000000604;foi;;[{'text': 'foi', 'timestamp': (1.02, 1.28)}];1,0;1,0;1,0;1,5
./audios/SP_D2_333_1615.96558_1618.01298.wav;1615,96558;1618,01298;é família toda interessante inteligente;é família toda interessante inteligente;2,047399999999925;uma família toda interessante e inteligente;;[{'text': 'uma', 'timestamp': (0.02, 0.26)}, {'text': 'família', 'timestamp': (0.3, 0.58)}, {'text': 'toda', 'timestamp': (0.68, 0.82)}, {'text': 'interessante', 'timestamp': (0.9, 1.36)}, {'text': 'e', 'timestamp': (1.4, 1.42)}, {'text': 'inteligente', 'timestamp': (1.48, 1.96)}];0,4;0,3333333333333333;0,4666666666666667;0,1282051282051282
./audios/SP_D2_333_1618.01298_1618.7943.wav;1618,01298;1618,7943;ela o irmão;ela o irmão;0,7813200000000506;ela é o irmão;;[{'text': 'ela', 'timestamp': (0.98, 1.14)}, {'text': 'é', 'timestamp': (1.2, 1.22)}, {'text': 'o', 'timestamp': (1.26, 1.28)}, {'text': 'irmão', 'timestamp': (1.32, 1.62)}];0,3333333333333333;0,25;0,25;0,18181818181818182
./audios/SP_D2_333_1618.99989_1619.93556.wav;1618,99989;1619,93556;o irmão é maestro;o irmão é maestro;0,9356699999998455;um bão é maestro;;[{'text': 'um', 'timestamp': (1.02, 1.1)}, {'text': 'bão', 'timestamp': (1.16, 1.3)}, {'text': 'é', 'timestamp': (1.4, 1.42)}, {'text': 'maestro', 'timestamp': (1.48, 1.86)}];0,5;0,5;0,75;0,29411764705882354
./audios/SP_D2_333_1619.93556_1620.16.wav;1619,93556;1620,16;né?;né;0,22444000000018605;é;;[{'text': 'é', 'timestamp': (1.06, 1.08)}];1,0;1,0;1,0;0,5
./audios/SP_D2_333_1620.83123_1623.35527.wav;1620,83123;1623,35527;[o irmão ela tem uma irmã que é poetisa que é muito inteligente também;o irmão ela tem uma irmã que é poetisa que é muito inteligente também;2,5240400000000136;a mão e ela tem uma irmã que é poetisa que é muito diligente também;;[{'text': 'a', 'timestamp': (0.08, 0.1)}, {'text': 'mão', 'timestamp': (0.16, 0.28)}, {'text': 'e', 'timestamp': (0.34, 0.36)}, {'text': 'ela', 'timestamp': (0.4, 0.46)}, {'text': 'tem', 'timestamp': (0.54, 0.62)}, {'text': 'uma', 'timestamp': (0.68, 0.74)}, {'text': 'irmã', 'timestamp': (0.78, 0.9)}, {'text': 'que', 'timestamp': (0.98, 1.04)}, {'text': 'é', 'timestamp': (1.08, 1.1)}, {'text': 'poetisa', 'timestamp': (1.18, 1.58)}, {'text': 'que', 'timestamp': (1.6, 1.66)}, {'text': 'é', 'timestamp': (1.72, 1.74)}, {'text': 'muito', 'timestamp': (1.76, 1.86)}, {'text': 'diligente', 'timestamp': (1.96, 2.26)}, {'text': 'também', 'timestamp': (2.32, 2.46)}];0,2857142857142857;0,26666666666666666;0,42380952380952386;0,13043478260869565
./audios/SP_D2_333_1623.35527_1623.52.wav;1623,35527;1623,52;[(né?);né;0,16472999999996318;e;;[{'text': 'e', 'timestamp': (1.28, 1.3)}];1,0;1,0;1,0;1,0
./audios/SP_D2_333_1624.06654_1625.12.wav;1624,06654;1625,12;[jornalista e poetisa;jornalista e poetisa;1,053459999999859;jornalista e poetisa;;[{'text': 'jornalista', 'timestamp': (0.06, 0.44)}, {'text': 'e', 'timestamp': (0.5, 0.52)}, {'text': 'poetisa', 'timestamp': (0.58, 1.0)}];0,0;0,0;0,0;0,0
./audios/SP_D2_333_1629.9615_1631.6.wav;1629,9615;1631,6;[eu acho que ela modificou e ele é irmão dela;eu acho que ela modificou e ele é irmão dela;1,6385000000000218;eu ah que ele modificou a mão dela;;[{'text': 'eu', 'timestamp': (0.0, 0.04)}, {'text': 'ah', 'timestamp': (0.08, 0.12)}, {'text': 'que', 'timestamp': (0.16, 0.22)}, {'text': 'ele', 'timestamp': (0.24, 0.32)}, {'text': 'modificou', 'timestamp': (0.36, 0.88)}, {'text': 'a', 'timestamp': (0.92, 0.94)}, {'text': 'mão', 'timestamp': (1.1, 1.22)}, {'text': 'dela', 'timestamp': (1.28, 1.48)}];0,6;0,6;0,8;0,2727272727272727
./audios/SP_D2_333_1640.35729_1641.84098.wav;1640,35729;1641,84098;[eu acho que ela modificou seu [nome;eu acho que ela modificou seu nome;1,4836900000000242;acho que ela multiplicou se;;[{'text': 'acho', 'timestamp': (0.06, 0.16)}, {'text': 'que', 'timestamp': (0.18, 0.26)}, {'text': 'ela', 'timestamp': (0.3, 0.38)}, {'text': 'multiplicou', 'timestamp': (0.44, 0.92)}, {'text': 'se', 'timestamp': (0.96, 1.12)}];0,5714285714285714;0,5714285714285714;0,7428571428571429;0,4117647058823529
./audios/SP_D2_333_1641.84098_1642.99687.wav;1641,84098;1642,99687;ela tem (o direito);ela tem o direito;1,1558899999999994;ela adere;;[{'text': 'ela', 'timestamp': (0.1, 0.18)}, {'text': 'adere', 'timestamp': (0.3, 0.54)}];0,75;0,75;0,875;0,5882352941176471
./audios/SP_D2_333_1643.36359_1644.93088.wav;1643,36359;1644,93088;( ) (nome);nome;1,5672899999999572;como que a pelo brasileiro;;[{'text': 'como', 'timestamp': (0.16, 0.28)}, {'text': 'que', 'timestamp': (0.4, 0.52)}, {'text': 'a', 'timestamp': (0.54, 0.56)}, {'text': 'pelo', 'timestamp': (0.62, 0.8)}, {'text': 'brasileiro', 'timestamp': (0.94, 1.34)}];5,0;1,0;1,0;5,75
./audios/SP_D2_333_1646.079_1646.66813.wav;1646,079;1646,66813;tenho impressão;tenho impressão;0,5891300000000683;livre-se;;[{'text': 'livre-se', 'timestamp': (1.04, 1.44)}];1,0;1,0;1,0;0,7333333333333333
./audios/SP_D2_333_1651.76_1652.41496.wav;1651,76;1652,41496;[poetisa;poetisa;0,6549600000000737;poetisa;;[{'text': 'poetisa', 'timestamp': (1.04, 1.52)}];0,0;0,0;0,0;0,0
./audios/SP_D2_333_1676.03572_1676.82521.wav;1676,03572;1676,82521;Rainha Diaba;rainha diaba;0,789489999999887;aiaziaba;;[{'text': 'aiaziaba', 'timestamp': (1.04, 1.58)}];1,0;1,0;1,0;0,4166666666666667
./audios/SP_D2_333_1714.75338_1715.8551.wav;1714,75338;1715,8551;[vamos esperar A Muralha;vamos esperar a muralha;1,1017199999998866;vamos esperar a muralha;;[{'text': 'vamos', 'timestamp': (0.04, 0.18)}, {'text': 'esperar', 'timestamp': (0.24, 0.56)}, {'text': 'a', 'timestamp': (0.62, 0.64)}, {'text': 'muralha', 'timestamp': (0.7, 1.04)}];0,0;0,0;0,0;0,0
./audios/SP_D2_333_1715.8551_1716.04079.wav;1715,8551;1716,04079;não?;não;0,18569000000002234;tanto;;[{'text': 'tanto', 'timestamp': (0.96, 1.2)}];1,0;1,0;1,0;1,0
./audios/SP_D2_333_1716.85779_1717.60056.wav;1716,85779;1717,60056;[Deus quiser;deus quiser;0,7427700000000641;meus dias e as;;[{'text': 'meus', 'timestamp': (1.0, 1.16)}, {'text': 'dias', 'timestamp': (1.2, 1.36)}, {'text': 'e', 'timestamp': (1.42, 1.44)}, {'text': 'as', 'timestamp': (1.58, 1.72)}];2,0;1,0;1,0;0,7272727272727273
./audios/SP_D2_333_1718.6_1718.91268.wav;1718,6;1718,91268;é;é;0,3126800000000003;é;;[{'text': 'é', 'timestamp': (1.08, 1.1)}];0,0;0,0;0,0;0,0
./audios/SP_D2_333_1719.727_1721.78458.wav;1719,727;1721,78458;[( ) Dinah está com::;dinah está com;2,0575799999999163;a minha tia da mas está com;;[{'text': 'a', 'timestamp': (0.54, 0.6)}, {'text': 'minha', 'timestamp': (0.62, 0.76)}, {'text': 'tia', 'timestamp': (0.84, 0.98)}, {'text': 'da', 'timestamp': (1.04, 1.08)}, {'text': 'mas', 'timestamp': (1.28, 1.44)}, {'text': 'está', 'timestamp': (1.48, 1.62)}, {'text': 'com', 'timestamp': (1.72, 1.84)}];1,6666666666666667;0,7142857142857143;0,8095238095238095;1,0714285714285714
./audios/SP_D2_333_1722.36467_1724.67958.wav;1722,36467;1724,67958;boas esperanças de levar agora A [Muralha;boas esperanças de levar agora a muralha;2,3149100000000544;o as esperanças de levar agora rapaz;;[{'text': 'o', 'timestamp': (0.06, 0.08)}, {'text': 'as', 'timestamp': (0.16, 0.22)}, {'text': 'esperanças', 'timestamp': (0.3, 0.86)}, {'text': 'de', 'timestamp': (0.94, 0.98)}, {'text': 'levar', 'timestamp': (1.1, 1.38)}, {'text': 'agora', 'timestamp': (1.46, 1.66)}, {'text': 'rapaz', 'timestamp': (1.68, 1.94)}];0,5714285714285714;0,5;0,6734693877551021;0,225
./audios/SP_D2_333_1729.60046_1729.89725.wav;1729,60046;1729,89725;é;é;0,29678999999987354;é;;[{'text': 'é', 'timestamp': (1.04, 1.06)}];0,0;0,0;0,0;0,0
./audios/SP_D2_333_1798.25244_1798.70776.wav;1798,25244;1798,70776;[(Helena);helena;0,4553200000000288;marlena;;[{'text': 'marlena', 'timestamp': (0.94, 1.34)}];1,0;1,0;1,0;0,5
./audios/SP_D2_333_1798.96374_1800.82294.wav;1798,96374;1800,82294;um belo filme foi Orfeu do Carnaval;um belo filme foi orfeu do carnaval;1,8592000000001008;o belo filme for feu do carnaval;;[{'text': 'o', 'timestamp': (0.12, 0.14)}, {'text': 'belo', 'timestamp': (0.2, 0.36)}, {'text': 'filme', 'timestamp': (0.46, 0.64)}, {'text': 'for', 'timestamp': (0.76, 0.94)}, {'text': 'feu', 'timestamp': (1.04, 1.2)}, {'text': 'do', 'timestamp': (1.22, 1.28)}, {'text': 'carnaval', 'timestamp': (1.32, 1.74)}];0,42857142857142855;0,42857142857142855;0,6734693877551021;0,14285714285714285
./audios/SP_D2_333_1803.70348_1804.25571.wav;1803,70348;1804,25571;[já é antigo;já é antigo;0,5522300000000087;jati;;[{'text': 'jati', 'timestamp': (1.08, 1.34)}];1,0;1,0;1,0;0,6363636363636364
./audios/SP_D2_333_1804.25571_1805.38103.wav;1804,25571;1805,38103;já faz (há) muito tempo;já faz há muito tempo;1,1253200000001016;já falam muito tempo;;[{'text': 'já', 'timestamp': (0.08, 0.14)}, {'text': 'falam', 'timestamp': (0.26, 0.44)}, {'text': 'muito', 'timestamp': (0.58, 0.72)}, {'text': 'tempo', 'timestamp': (0.86, 1.06)}];0,4;0,4;0,55;0,19047619047619047
./audios/SP_D2_333_1805.38103_1805.54775.wav;1805,38103;1805,54775;é;é;0,16671999999994114;e;;[{'text': 'e', 'timestamp': (1.04, 1.06)}];1,0;1,0;1,0;1,0
./audios/SP_D2_333_1807.49399_1808.87019.wav;1807,49399;1808,87019;coprodução ( ) [com a Argentina?;coprodução com a argentina;1,3762000000001535;como agora você vê;;[{'text': 'como', 'timestamp': (0.1, 0.36)}, {'text': 'agora', 'timestamp': (0.56, 0.8)}, {'text': 'você', 'timestamp': (0.9, 1.08)}, {'text': 'vê', 'timestamp': (1.2, 1.26)}];1,0;1,0;1,0;0,7692307692307693
./audios/SP_D2_333_1811.66036_1812.11977.wav;1811,66036;1812,11977;[francesa?;francesa;0,45940999999993437;se a cor;;[{'text': 'se', 'timestamp': (1.18, 1.24)}, {'text': 'a', 'timestamp': (1.3, 1.32)}, {'text': 'cor', 'timestamp': (1.4, 1.58)}];3,0;1,0;1,0;0,875
./audios/SP_D2_333_1812.46425_1813.89438.wav;1812,46425;1813,89438;[(foi) muito [bonito aquele filme;foi muito bonito aquele filme;1,4301299999999628;eu bueno pode que tá no mi;;[{'text': 'eu', 'timestamp': (0.1, 0.22)}, {'text': 'bueno', 'timestamp': (0.24, 0.46)}, {'text': 'pode', 'timestamp': (0.5, 0.74)}, {'text': 'que', 'timestamp': (0.78, 0.88)}, {'text': 'tá', 'timestamp': (0.92, 0.98)}, {'text': 'no', 'timestamp': (1.04, 1.08)}, {'text': 'mi', 'timestamp': (1.14, 1.2)}];1,4;1,0;1,0;0,6551724137931034
./audios/SP_D2_333_1882.79545_1884.31215.wav;1882,79545;1884,31215;mas foi muito depois de [da;mas foi muito depois de da;1,5166999999999007;isso foi muito depois de tempos;;[{'text': 'isso', 'timestamp': (0.0, 0.14)}, {'text': 'foi', 'timestamp': (0.16, 0.24)}, {'text': 'muito', 'timestamp': (0.3, 0.44)}, {'text': 'depois', 'timestamp': (0.54, 0.92)}, {'text': 'de', 'timestamp': (0.94, 1.0)}, {'text': 'tempos', 'timestamp': (1.06, 1.36)}];0,3333333333333333;0,3333333333333333;0,5555555555555556;0,34615384615384615
./audios/SP_D2_333_2015.36448_2018.44862.wav;2015,36448;2018,44862;[esse esse filme foi baseado no conto do Aníbal Machado;esse esse filme foi baseado no conto do aníbal machado;3,084139999999934;se foi baseado no conto do adilamachado;;[{'text': 'se', 'timestamp': (0.14, 0.32)}, {'text': 'foi', 'timestamp': (1.02, 1.12)}, {'text': 'baseado', 'timestamp': (1.24, 1.6)}, {'text': 'no', 'timestamp': (1.72, 1.78)}, {'text': 'conto', 'timestamp': (1.88, 2.1)}, {'text': 'do', 'timestamp': (2.18, 2.24)}, {'text': 'adilamachado', 'timestamp': (2.3, 3.02)}];0,5;0,5;0,6428571428571428;0,3333333333333333
./audios/SP_D2_333_2018.44862_2018.73994.wav;2018,44862;2018,73994;ou não?;ou não;0,29132000000004155;verão;;[{'text': 'verão', 'timestamp': (0.98, 1.24)}];1,0;1,0;1,0;0,6666666666666666
./audios/SP_D2_333_2020.36079_2021.47133.wav;2020,36079;2021,47133;[eu acho que eu faço confusão;eu acho que eu faço confusão;1,1105400000001282;eu acho que eu faço confusão;;[{'text': 'eu', 'timestamp': (0.06, 0.16)}, {'text': 'acho', 'timestamp': (0.22, 0.32)}, {'text': 'que', 'timestamp': (0.34, 0.4)}, {'text': 'eu', 'timestamp': (0.42, 0.48)}, {'text': 'faço', 'timestamp': (0.52, 0.64)}, {'text': 'confusão', 'timestamp': (0.7, 1.06)}];0,0;0,0;0,0;0,0
./audios/SP_D2_333_2021.83088_2023.9865.wav;2021,83088;2023,9865;[houve um filme que foi baseado em três contos;houve um filme que foi baseado em três contos;2,155619999999999;houve um filme que foi baseado em três coisas;;[{'text': 'houve', 'timestamp': (0.04, 0.2)}, {'text': 'um', 'timestamp': (0.26, 0.3)}, {'text': 'filme', 'timestamp': (0.44, 0.66)}, {'text': 'que', 'timestamp': (0.76, 0.84)}, {'text': 'foi', 'timestamp': (0.98, 1.1)}, {'text': 'baseado', 'timestamp': (1.18, 1.46)}, {'text': 'em', 'timestamp': (1.54, 1.58)}, {'text': 'três', 'timestamp': (1.66, 1.84)}, {'text': 'coisas', 'timestamp': (1.94, 2.12)}];0,1111111111111111;0,1111111111111111;0,2098765432098766;0,06666666666666667
./audios/SP_D2_333_2023.9865_2025.31037.wav;2023,9865;2025,31037;um deles de Machado de Assis;um deles de machado de assis;1,3238699999999426;um deles de machado de assis;;[{'text': 'um', 'timestamp': (0.12, 0.16)}, {'text': 'deles', 'timestamp': (0.22, 0.4)}, {'text': 'de', 'timestamp': (0.42, 0.46)}, {'text': 'machado', 'timestamp': (0.52, 0.76)}, {'text': 'de', 'timestamp': (0.8, 0.84)}, {'text': 'assis', 'timestamp': (0.9, 1.22)}];0,0;0,0;0,0;0,0
./audios/SP_D2_333_2025.81256_2026.71161.wav;2025,81256;2026,71161;outro de Machado de;outro de machado de;0,8990499999999884;outro matadeiro;;[{'text': 'outro', 'timestamp': (1.12, 1.28)}, {'text': 'matadeiro', 'timestamp': (1.34, 1.92)}];0,75;0,75;0,875;0,47368421052631576
./audios/SP_D2_333_2026.71161_2027.06243.wav;2026,71161;2027,06243;de::;de;0,3508199999998851;peep;;[{'text': 'peep', 'timestamp': (1.02, 1.34)}];1,0;1,0;1,0;1,5
./audios/SP_D2_333_2027.25073_2028.112.wav;2027,25073;2028,112;Aníbal Machado;aníbal machado;0,8612700000001041;adi vao machado;;[{'text': 'adi', 'timestamp': (1.06, 1.2)}, {'text': 'vao', 'timestamp': (1.26, 1.36)}, {'text': 'machado', 'timestamp': (1.38, 1.74)}];1,0;0,6666666666666666;0,8333333333333334;0,35714285714285715
./audios/SP_D2_333_2028.83121_2030.45387.wav;2028,83121;2030,45387;e o terceiro eu não me lembro quem era o escritor;e o terceiro eu não me lembro quem era o escritor;1,6226599999999962;o terceiro e não me demo quem era o escritor;;[{'text': 'o', 'timestamp': (0.08, 0.12)}, {'text': 'terceiro', 'timestamp': (0.16, 0.44)}, {'text': 'e', 'timestamp': (0.48, 0.5)}, {'text': 'não', 'timestamp': (0.56, 0.62)}, {'text': 'me', 'timestamp': (0.66, 0.7)}, {'text': 'demo', 'timestamp': (0.76, 0.92)}, {'text': 'quem', 'timestamp': (0.96, 1.08)}, {'text': 'era', 'timestamp': (1.16, 1.24)}, {'text': 'o', 'timestamp': (1.26, 1.28)}, {'text': 'escritor', 'timestamp': (1.3, 1.54)}];0,2727272727272727;0,2727272727272727;0,4181818181818181;0,12244897959183673
./audios/SP_D2_333_2030.45387_2031.40245.wav;2030,45387;2031,40245;eram três escritores nó/;eram três escritores nó;0,9485799999999927;é o três escritores nota;;[{'text': 'é', 'timestamp': (1.04, 1.06)}, {'text': 'o', 'timestamp': (1.14, 1.16)}, {'text': 'três', 'timestamp': (1.2, 1.34)}, {'text': 'escritores', 'timestamp': (1.4, 1.72)}, {'text': 'nota', 'timestamp': (1.76, 1.94)}];0,75;0,6;0,8;0,30434782608695654
./audios/SP_D2_333_2031.40245_2032.99508.wav;2031,40245;2032,99508;três CONtos de escritores nossos;três contos de escritores nossos;1,5926299999998719;três quantos escritores nossos;;[{'text': 'três', 'timestamp': (0.02, 0.18)}, {'text': 'quantos', 'timestamp': (0.32, 0.56)}, {'text': 'escritores', 'timestamp': (0.58, 1.04)}, {'text': 'nossos', 'timestamp': (1.12, 1.42)}];0,4;0,4;0,55;0,1875
./audios/SP_D2_333_2033.81937_2036.14802.wav;2033,81937;2036,14802;um deles era A Morte do da [Porta-Estandarte;um deles era a morte do da portaestandarte;2,3286500000001524;o deles era a morte da porta e;;[{'text': 'o', 'timestamp': (0.08, 0.1)}, {'text': 'deles', 'timestamp': (0.2, 0.44)}, {'text': 'era', 'timestamp': (0.52, 0.62)}, {'text': 'a', 'timestamp': (0.66, 0.68)}, {'text': 'morte', 'timestamp': (0.76, 0.96)}, {'text': 'da', 'timestamp': (1.04, 1.28)}, {'text': 'porta', 'timestamp': (1.4, 1.92)}, {'text': 'e', 'timestamp': (2.0, 2.02)}];0,5;0,5;0,75;0,3333333333333333
./audios/SP_D2_333_2036.78504_2037.69267.wav;2036,78504;2037,69267;de Aníbal Machado;de aníbal machado;0,9076299999999264;queria ba machado;;[{'text': 'queria', 'timestamp': (0.96, 1.22)}, {'text': 'ba', 'timestamp': (1.26, 1.36)}, {'text': 'machado', 'timestamp': (1.38, 1.74)}];0,6666666666666666;0,6666666666666666;0,8888888888888888;0,4117647058823529
./audios/SP_D2_333_2038.40404_2039.24.wav;2038,40404;2039,24;[( ) esse filme?;esse filme;0,8359600000001137;dessa sentimento;;[{'text': 'dessa', 'timestamp': (1.04, 1.34)}, {'text': 'sentimento', 'timestamp': (1.4, 1.84)}];1,0;1,0;1,0;1,0
./audios/SP_D2_333_2040.754_2041.6163.wav;2040,754;2041,6163;[muito bonito também;muito bonito também;0,8623000000000047;são muito bonitos também;;[{'text': 'são', 'timestamp': (0.98, 1.06)}, {'text': 'muito', 'timestamp': (1.12, 1.24)}, {'text': 'bonitos', 'timestamp': (1.32, 1.56)}, {'text': 'também', 'timestamp': (1.62, 1.82)}];0,6666666666666666;0,5;0,6666666666666667;0,2631578947368421
./audios/SP_D2_333_2045.40847_2047.69388.wav;2045,40847;2047,69388;[foi feito pelo [pelo::;foi feito pelo pelo;2,285409999999956;foi feito pelo pelo;;[{'text': 'foi', 'timestamp': (0.1, 0.18)}, {'text': 'feito', 'timestamp': (0.34, 0.56)}, {'text': 'pelo', 'timestamp': (0.74, 0.96)}, {'text': 'pelo', 'timestamp': (1.28, 1.52)}];0,0;0,0;0,0;0,0
./audios/SP_D2_333_2048.15563_2048.81728.wav;2048,15563;2048,81728;[pelo francês;pelo francês;0,6616500000000087;pelo francesa;;[{'text': 'pelo', 'timestamp': (1.0, 1.14)}, {'text': 'francesa', 'timestamp': (1.18, 1.68)}];0,5;0,5;0,75;0,16666666666666666
./audios/SP_D2_333_2048.81728_2049.89469.wav;2048,81728;2049,89469;o:: filho [do::;o filho do;1,0774099999998725;o filho do j;;[{'text': 'o', 'timestamp': (0.26, 0.28)}, {'text': 'filho', 'timestamp': (0.36, 0.54)}, {'text': 'do', 'timestamp': (0.64, 0.7)}, {'text': 'j', 'timestamp': (0.92, 0.94)}];0,3333333333333333;0,25;0,25;0,2
./audios/SP_D2_333_2050.543_2050.97084.wav;2050,543;2050,97084;[o Camus;o camus;0,4278399999998328;cabe;;[{'text': 'cabe', 'timestamp': (1.12, 1.3)}];1,0;1,0;1,0;0,7142857142857143
./audios/SP_D2_333_2052.14617_2052.51558.wav;2052,14617;2052,51558;[(é);é;0,3694100000002436;a;;[{'text': 'a', 'timestamp': (1.1, 1.12)}];1,0;1,0;1,0;1,0
./audios/SP_D2_333_2052.51558_2053.01148.wav;2052,51558;2053,01148;parente;parente;0,4958999999998923;careta;;[{'text': 'careta', 'timestamp': (1.06, 1.36)}];1,0;1,0;1,0;0,42857142857142855
./audios/SP_D2_333_2086.90967_2087.59743.wav;2086,90967;2087,59743;Agora Helena;agora helena;0,6877599999997983;agora helena;;[{'text': 'agora', 'timestamp': (1.1, 1.3)}, {'text': 'helena', 'timestamp': (1.36, 1.6)}];0,0;0,0;0,0;0,0
./audios/SP_D2_333_2087.95415_2088.58734.wav;2087,95415;2088,58734;ah::;ah;0,6331900000000132;ah;;[{'text': 'ah', 'timestamp': (1.08, 1.2)}];0,0;0,0;0,0;0,0
./audios/SP_D2_333_2088.90839_2089.52313.wav;2088,90839;2089,52313;filme;filme;0,6147399999999834;filme;;[{'text': 'filme', 'timestamp': (1.04, 1.28)}];0,0;0,0;0,0;0,0
./audios/SP_D2_333_2089.52313_2090.3442.wav;2089,52313;2090,3442;água com açúcar;água com açúcar;0,8210699999999633;água com açúcar;;[{'text': 'água', 'timestamp': (1.06, 1.22)}, {'text': 'com', 'timestamp': (1.26, 1.32)}, {'text': 'açúcar', 'timestamp': (1.38, 1.8)}];0,0;0,0;0,0;0,0
./audios/SP_D2_333_2090.3442_2091.3629.wav;2090,3442;2091,3629;--digamos assim--;digamos assim;1,0187000000000808;digamos assim;;[{'text': 'digamos', 'timestamp': (0.26, 0.52)}, {'text': 'assim', 'timestamp': (0.62, 0.88)}];0,0;0,0;0,0;0,0
./audios/SP_D2_333_2091.83094_2094.09448.wav;2091,83094;2094,09448;para a gente ver certas coisas que a gente vê::;para a gente ver certas coisas que a gente vê;2,2635400000003756;para a gente ver certas coisas que a gente vê;;[{'text': 'para', 'timestamp': (0.02, 0.12)}, {'text': 'a', 'timestamp': (0.14, 0.16)}, {'text': 'gente', 'timestamp': (0.22, 0.38)}, {'text': 'ver', 'timestamp': (0.52, 0.68)}, {'text': 'certas', 'timestamp': (0.84, 1.1)}, {'text': 'coisas', 'timestamp': (1.18, 1.32)}, {'text': 'que', 'timestamp': (1.34, 1.42)}, {'text': 'a', 'timestamp': (1.44, 1.46)}, {'text': 'gente', 'timestamp': (1.48, 1.64)}, {'text': 'vê', 'timestamp': (1.78, 1.84)}];0,0;0,0;0,0;0,0
./audios/SP_D2_333_2094.09448_2095.52042.wav;2094,09448;2095,52042;americanas principalmente;americanas principalmente;1,4259399999996276;americanas salete;;[{'text': 'americanas', 'timestamp': (0.06, 0.62)}, {'text': 'salete', 'timestamp': (0.8, 1.38)}];0,5;0,5;0,75;0,36
./audios/SP_D2_333_2096.01609_2096.92574.wav;2096,01609;2096,92574;antes A Moreninha;antes a moreninha;0,909650000000056;antes a moreninha;;[{'text': 'antes', 'timestamp': (1.06, 1.28)}, {'text': 'a', 'timestamp': (1.34, 1.38)}, {'text': 'moreninha', 'timestamp': (1.4, 1.86)}];0,0;0,0;0,0;0,0
./audios/SP_D2_333_2096.92574_2097.13977.wav;2096,92574;2097,13977;né?;né;0,21403000000009342;a;;[{'text': 'a', 'timestamp': (1.04, 1.06)}];1,0;1,0;1,0;1,0
./audios/SP_D2_333_2098.12419_2100.01841.wav;2098,12419;2100,01841;[A Moreninha [foi um filme LIMpo;a moreninha foi um filme limpo;1,8942200000001321;agora ele era o filme limpo;;[{'text': 'agora', 'timestamp': (0.06, 0.24)}, {'text': 'ele', 'timestamp': (0.26, 0.4)}, {'text': 'era', 'timestamp': (0.48, 0.58)}, {'text': 'o', 'timestamp': (0.76, 0.78)}, {'text': 'filme', 'timestamp': (0.88, 1.04)}, {'text': 'limpo', 'timestamp': (1.26, 1.64)}];0,6666666666666666;0,6666666666666666;0,8888888888888888;0,43333333333333335
./audios/SP_D2_333_2100.44905_2100.88469.wav;2100,44905;2100,88469;[não é?;não é;0,4356399999996938;noé;;[{'text': 'noé', 'timestamp': (1.06, 1.22)}];1,0;1,0;1,0;0,4
./audios/SP_D2_333_2101.2_2103.60165.wav;2101,2;2103,60165;um filme:: ah ah profissionalmente::;um filme ah ah profissionalmente;2,401650000000245;o filme a profissionalmente;;[{'text': 'o', 'timestamp': (0.08, 0.1)}, {'text': 'filme', 'timestamp': (0.18, 0.38)}, {'text': 'a', 'timestamp': (1.12, 1.14)}, {'text': 'profissionalmente', 'timestamp': (1.24, 1.9)}];0,6;0,6;0,8;0,1875
./audios/SP_D2_333_2103.60165_2104.02106.wav;2103,60165;2104,02106;[limpo;limpo;0,41940999999997075;ele;;[{'text': 'ele', 'timestamp': (1.1, 1.26)}];1,0;1,0;1,0;1,0
./audios/SP_D2_333_2104.02106_2104.83448.wav;2104,02106;2104,83448;bem feito;bem feito;0,813419999999951;bem feito;;[{'text': 'bem', 'timestamp': (1.02, 1.14)}, {'text': 'feito', 'timestamp': (1.28, 1.66)}];0,0;0,0;0,0;0,0
./audios/SP_D2_333_2104.83448_2105.07921.wav;2104,83448;2105,07921;não é?;não é;0,24472999999989042;não é;;[{'text': 'não', 'timestamp': (0.96, 1.04)}, {'text': 'é', 'timestamp': (1.08, 1.1)}];0,0;0,0;0,0;0,0
./audios/SP_D2_333_2105.07921_2105.74635.wav;2105,07921;2105,74635;[como como;como como;0,6671400000000176;onde;;[{'text': 'onde', 'timestamp': (1.14, 1.42)}];1,0;1,0;1,0;0,8888888888888888
./audios/SP_D2_333_2106.07563_2106.92304.wav;2106,07563;2106,92304;paisagem;paisagem;0,8474100000003091;a mada;;[{'text': 'a', 'timestamp': (1.04, 1.08)}, {'text': 'mada', 'timestamp': (1.26, 1.74)}];2,0;1,0;1,0;0,75
./audios/SP_D2_333_2106.92304_2107.70879.wav;2106,92304;2107,70879;como como;como como;0,7857500000000073;conheça o moro;;[{'text': 'conheça', 'timestamp': (1.02, 1.38)}, {'text': 'o', 'timestamp': (1.42, 1.44)}, {'text': 'moro', 'timestamp': (1.5, 1.72)}];1,5;1,0;1,0;0,8888888888888888
./audios/SP_D2_333_2108.53484_2108.98865.wav;2108,53484;2108,98865;como TUdo;como tudo;0,45380999999997584;o tudo;;[{'text': 'o', 'timestamp': (1.02, 1.04)}, {'text': 'tudo', 'timestamp': (1.18, 1.4)}];0,5;0,5;0,75;0,3333333333333333
./audios/SP_D2_333_2108.98865_2109.56768.wav;2108,98865;2109,56768;como;como;0,5790300000003299;o;;[{'text': 'o', 'timestamp': (1.14, 1.16)}];1,0;1,0;1,0;0,75
./audios/SP_D2_333_2109.95552_2110.95073.wav;2109,95552;2110,95073;pesquisa de;pesquisa de;0,9952100000000428;mesquinhas e como;;[{'text': 'mesquinhas', 'timestamp': (1.04, 1.48)}, {'text': 'e', 'timestamp': (1.58, 1.6)}, {'text': 'como', 'timestamp': (1.7, 2.04)}];1,5;1,0;1,0;0,9090909090909091
./audios/SP_D2_333_2129.14954_2130.24.wav;2129,14954;2130,24;[a ópera rock ( ) vem aí;a ópera rock vem aí;1,0904599999998936;a pedalada via;;[{'text': 'a', 'timestamp': (0.1, 0.12)}, {'text': 'pedalada', 'timestamp': (0.16, 0.6)}, {'text': 'via', 'timestamp': (0.68, 0.84)}];0,8;0,8;0,9333333333333333;0,5789473684210527
./audios/SP_D2_333_2130.71358_2131.24858.wav;2130,71358;2131,24858;[já está aí;já está aí;0,5349999999998545;já está ida;;[{'text': 'já', 'timestamp': (1.04, 1.1)}, {'text': 'está', 'timestamp': (1.14, 1.32)}, {'text': 'ida', 'timestamp': (1.44, 1.6)}];0,3333333333333333;0,3333333333333333;0,5555555555555556;0,3
./audios/SP_D2_333_2131.24858_2131.62591.wav;2131,24858;2131,62591;o (Tomy);o tomy;0,3773300000002564;eu tome ele;;[{'text': 'eu', 'timestamp': (1.02, 1.06)}, {'text': 'tome', 'timestamp': (1.14, 1.32)}, {'text': 'ele', 'timestamp': (1.36, 1.48)}];1,5;1,0;1,0;1,1666666666666667
./audios/SP_D2_333_2131.62591_2131.84.wav;2131,62591;2131,84;né?;né;0,21408999999994194;era;;[{'text': 'era', 'timestamp': (1.0, 1.08)}];1,0;1,0;1,0;1,5
./audios/SP_D2_333_2145.62632_2147.0.wav;2145,62632;2147,0;acho que nós já já [estamos;acho que nós já já estamos;1,3736800000001494;acho que já vi este os;;[{'text': 'acho', 'timestamp': (0.0, 0.1)}, {'text': 'que', 'timestamp': (0.12, 0.24)}, {'text': 'já', 'timestamp': (0.48, 0.54)}, {'text': 'vi', 'timestamp': (0.72, 0.78)}, {'text': 'este', 'timestamp': (0.82, 1.02)}, {'text': 'os', 'timestamp': (1.16, 1.26)}];0,6666666666666666;0,6666666666666666;0,8888888888888888;0,3076923076923077
./audios/SP_D2_333_2147.79495_2148.16833.wav;2147,79495;2148,16833;[(e não?);e não;0,3733799999999974;se não;;[{'text': 'se', 'timestamp': (0.98, 1.04)}, {'text': 'não', 'timestamp': (1.1, 1.22)}];0,5;0,5;0,75;0,2
./audios/SP_D2_333_2247.56_2247.76023.wav;2247,56;2247,76023;[não;não;0,20022999999991953;não;;[{'text': 'não', 'timestamp': (1.06, 1.18)}];0,0;0,0;0,0;0,0
./audios/SP_D2_333_2247.76023_2249.68086.wav;2247,76023;2249,68086;sabe um espetáculo que não [deixou de ser interessante;sabe um espetáculo que não deixou de ser interessante;1,9206300000000738;sabe um espetáculo não deixa de ser interessante;;[{'text': 'sabe', 'timestamp': (0.16, 0.26)}, {'text': 'um', 'timestamp': (0.34, 0.4)}, {'text': 'espetáculo', 'timestamp': (0.46, 0.9)}, {'text': 'não', 'timestamp': (0.96, 1.04)}, {'text': 'deixa', 'timestamp': (1.08, 1.22)}, {'text': 'de', 'timestamp': (1.3, 1.34)}, {'text': 'ser', 'timestamp': (1.38, 1.44)}, {'text': 'interessante', 'timestamp': (1.5, 1.86)}];0,2222222222222222;0,2222222222222222;0,3194444444444444;0,11320754716981132
./audios/SP_D2_333_2249.68086_2250.90658.wav;2249,68086;2250,90658;foi sobre Augusto dos Anjos;foi sobre augusto dos anjos;1,2257199999999102;foi isso ai agosto nas ameaças;;[{'text': 'foi', 'timestamp': (0.04, 0.1)}, {'text': 'isso', 'timestamp': (0.12, 0.22)}, {'text': 'ai', 'timestamp': (0.26, 0.34)}, {'text': 'agosto', 'timestamp': (0.44, 0.58)}, {'text': 'nas', 'timestamp': (0.68, 0.74)}, {'text': 'ameaças', 'timestamp': (0.8, 1.16)}];1,0;0,8333333333333334;0,9666666666666667;0,5185185185185185
./audios/SP_D2_333_2252.45973_2253.16994.wav;2252,45973;2253,16994;[Augusto dos Anjos;augusto dos anjos;0,7102100000001883;a outros anos;;[{'text': 'a', 'timestamp': (1.06, 1.08)}, {'text': 'outros', 'timestamp': (1.18, 1.42)}, {'text': 'anos', 'timestamp': (1.48, 1.66)}];1,0;1,0;1,0;0,4117647058823529
./audios/SP_D2_333_2253.16994_2253.99507.wav;2253,16994;2253,99507;foi interessante;foi interessante;0,8251299999997173;foi interessante;;[{'text': 'foi', 'timestamp': (1.08, 1.16)}, {'text': 'interessante', 'timestamp': (1.2, 1.72)}];0,0;0,0;0,0;0,0
./audios/SP_D2_333_2254.47311_2255.28.wav;2254,47311;2255,28;[(foi) interessante;foi interessante;0,8068900000002941;isto foi interessante;;[{'text': 'isto', 'timestamp': (0.96, 1.08)}, {'text': 'foi', 'timestamp': (1.12, 1.18)}, {'text': 'interessante', 'timestamp': (1.24, 1.76)}];0,5;0,3333333333333333;0,33333333333333337;0,3125
./audios/SP_D2_333_2256.45908_2256.81771.wav;2256,45908;2256,81771;foi;foi;0,3586299999997209;o;;[{'text': 'o', 'timestamp': (1.12, 1.14)}];1,0;1,0;1,0;0,6666666666666666
./audios/SP_D2_333_2449.13621_2450.60392.wav;2449,13621;2450,60392;[não tenho ido a teatro também não;não tenho ido a teatro também não;1,4677099999998973;não tem vez a teatro também não;;[{'text': 'não', 'timestamp': (0.1, 0.2)}, {'text': 'tem', 'timestamp': (0.22, 0.32)}, {'text': 'vez', 'timestamp': (0.38, 0.44)}, {'text': 'a', 'timestamp': (0.54, 0.56)}, {'text': 'teatro', 'timestamp': (0.64, 0.9)}, {'text': 'também', 'timestamp': (0.98, 1.18)}, {'text': 'não', 'timestamp': (1.26, 1.38)}];0,2857142857142857;0,2857142857142857;0,4897959183673469;0,18181818181818182
./audios/SP_D2_333_2450.86627_2451.35281.wav;2450,86627;2451,35281;não tenho ido;não tenho ido;0,4865399999998772;não veio;;[{'text': 'não', 'timestamp': (1.04, 1.14)}, {'text': 'veio', 'timestamp': (1.22, 1.46)}];0,6666666666666666;0,6666666666666666;0,8333333333333334;0,46153846153846156
./audios/SP_D2_333_2451.35281_2451.93423.wav;2451,35281;2451,93423;também o;também o;0,5814199999999801;aneu;;[{'text': 'aneu', 'timestamp': (1.08, 1.38)}];1,0;1,0;1,0;0,875
./audios/SP_D2_333_2452.544_2452.94107.wav;2452,544;2452,94107;o prô/;o prô;0,39706999999998516;o que;;[{'text': 'o', 'timestamp': (1.1, 1.12)}, {'text': 'que', 'timestamp': (1.16, 1.24)}];0,5;0,5;0,75;0,6
./audios/SP_D2_333_2452.94107_2453.79901.wav;2452,94107;2453,79901;o problema é o mesmo;o problema é o mesmo;0,8579400000003261;problema é o mesmo;;[{'text': 'problema', 'timestamp': (1.02, 1.32)}, {'text': 'é', 'timestamp': (1.36, 1.38)}, {'text': 'o', 'timestamp': (1.42, 1.44)}, {'text': 'mesmo', 'timestamp': (1.5, 1.8)}];0,2;0,2;0,19999999999999996;0,1
./audios/SP_D2_333_2453.79901_2454.04.wav;2453,79901;2454,04;né?;né;0,24098999999978332;ela;;[{'text': 'ela', 'timestamp': (0.58, 1.08)}];1,0;1,0;1,0;1,5
./audios/SP_D2_333_2454.31661_2455.76675.wav;2454,31661;2455,76675;[depois que fui assaltada três vezes;depois que fui assaltada três vezes;1,4501399999999194;depois que eu fui a saltar três vezes;;[{'text': 'depois', 'timestamp': (0.02, 0.2)}, {'text': 'que', 'timestamp': (0.24, 0.3)}, {'text': 'eu', 'timestamp': (0.32, 0.38)}, {'text': 'fui', 'timestamp': (0.4, 0.48)}, {'text': 'a', 'timestamp': (0.5, 0.52)}, {'text': 'saltar', 'timestamp': (0.6, 0.88)}, {'text': 'três', 'timestamp': (0.98, 1.18)}, {'text': 'vezes', 'timestamp': (1.26, 1.42)}];0,5;0,375;0,47916666666666663;0,17142857142857143
./audios/SP_D2_333_2455.76675_2457.36187.wav;2455,76675;2457,36187;eu não tenho coragem de sair à [noite;eu não tenho coragem de sair à noite;1,5951200000004064;eu tenho curado de sair à noite;;[{'text': 'eu', 'timestamp': (0.06, 0.44)}, {'text': 'tenho', 'timestamp': (0.52, 0.64)}, {'text': 'curado', 'timestamp': (0.66, 0.82)}, {'text': 'de', 'timestamp': (0.84, 0.88)}, {'text': 'sair', 'timestamp': (0.92, 1.08)}, {'text': 'à', 'timestamp': (1.14, 1.16)}, {'text': 'noite', 'timestamp': (1.2, 1.44)}];0,25;0,25;0,3571428571428572;0,2222222222222222
./audios/SP_D2_333_2459.49533_2460.82833.wav;2459,49533;2460,82833;não tenho ido quase a teatro não;não tenho ido quase a teatro não;1,332999999999629;tem vido quase ao teatro no;;[{'text': 'tem', 'timestamp': (0.04, 0.14)}, {'text': 'vido', 'timestamp': (0.2, 0.32)}, {'text': 'quase', 'timestamp': (0.4, 0.58)}, {'text': 'ao', 'timestamp': (0.6, 0.68)}, {'text': 'teatro', 'timestamp': (0.72, 1.0)}, {'text': 'no', 'timestamp': (1.08, 1.24)}];0,7142857142857143;0,7142857142857143;0,9047619047619048;0,3125
./audios/SP_D2_333_2467.28077_2468.9001.wav;2467,28077;2468,9001;(eu) já três vezes assaltada na rua;eu já três vezes assaltada na rua;1,6193299999999908;eu ia três vezes voltada na rua;;[{'text': 'eu', 'timestamp': (0.04, 0.08)}, {'text': 'ia', 'timestamp': (0.16, 0.26)}, {'text': 'três', 'timestamp': (0.32, 0.52)}, {'text': 'vezes', 'timestamp': (0.6, 0.86)}, {'text': 'voltada', 'timestamp': (0.98, 1.2)}, {'text': 'na', 'timestamp': (1.26, 1.3)}, {'text': 'rua', 'timestamp': (1.4, 1.54)}];0,2857142857142857;0,2857142857142857;0,4897959183673469;0,18181818181818182
./audios/SP_D2_333_2468.9001_2469.1401.wav;2468,9001;2469,1401;né?;né;0,24000000000023647;a;;[{'text': 'a', 'timestamp': (1.02, 1.04)}];1,0;1,0;1,0;1,0
./audios/SP_D2_333_2469.34571_2471.21977.wav;2469,34571;2471,21977;[não não dá vontade nem de sair mais;não não dá vontade nem de sair mais;1,8740600000000995;não da vontade nem de sair mais;;[{'text': 'não', 'timestamp': (0.36, 0.46)}, {'text': 'da', 'timestamp': (0.5, 0.56)}, {'text': 'vontade', 'timestamp': (0.68, 1.02)}, {'text': 'nem', 'timestamp': (1.12, 1.22)}, {'text': 'de', 'timestamp': (1.28, 1.34)}, {'text': 'sair', 'timestamp': (1.4, 1.56)}, {'text': 'mais', 'timestamp': (1.6, 1.84)}];0,25;0,25;0,3571428571428572;0,14285714285714285
./audios/SP_D2_333_2471.21977_2471.3769.wav;2471,21977;2471,3769;né?;né;0,15713000000005195;a;;[{'text': 'a', 'timestamp': (0.74, 0.78)}];1,0;1,0;1,0;1,0
./audios/SP_D2_333_2477.56592_2477.88138.wav;2477,56592;2477,88138;[é;é;0,3154599999998027;a;;[{'text': 'a', 'timestamp': (1.04, 1.06)}];1,0;1,0;1,0;1,0
./audios/SP_D2_333_2658.81142_2660.84055.wav;2658,81142;2660,84055;[(e) de certa maneira preservando;e de certa maneira preservando;2,0291299999998955;de certa maneira preservando;;[{'text': 'de', 'timestamp': (0.02, 0.22)}, {'text': 'certa', 'timestamp': (0.34, 0.56)}, {'text': 'maneira', 'timestamp': (0.64, 0.94)}, {'text': 'preservando', 'timestamp': (1.06, 1.74)}];0,2;0,2;0,19999999999999996;0,06666666666666667
./audios/SP_D2_333_2661.58059_2662.95329.wav;2661,58059;2662,95329;a nossa [nacionalidade;a nossa nacionalidade;1,3726999999998952;a nossa nacionalidade a nossa;;[{'text': 'a', 'timestamp': (0.16, 0.18)}, {'text': 'nossa', 'timestamp': (0.2, 0.36)}, {'text': 'nacionalidade', 'timestamp': (0.46, 0.98)}, {'text': 'a', 'timestamp': (1.04, 1.06)}, {'text': 'nossa', 'timestamp': (1.1, 1.34)}];0,6666666666666666;0,4;0,4;0,38095238095238093
./audios/SP_D2_333_2664.39751_2665.831.wav;2664,39751;2665,831;[e o nosso sentimento;e o nosso sentimento;1,4334900000003472;que é o nosso sentimento;;[{'text': 'que', 'timestamp': (0.0, 0.08)}, {'text': 'é', 'timestamp': (0.12, 0.14)}, {'text': 'o', 'timestamp': (0.18, 0.2)}, {'text': 'nosso', 'timestamp': (0.28, 0.5)}, {'text': 'sentimento', 'timestamp': (0.6, 1.28)}];0,5;0,4;0,55;0,2
./audios/SP_D2_333_2666.02197_2667.53786.wav;2666,02197;2667,53786;a nossa maneira de ser;a nossa maneira de ser;1,5158900000001267;a nossa bandeira de serra;;[{'text': 'a', 'timestamp': (0.06, 0.08)}, {'text': 'nossa', 'timestamp': (0.12, 0.32)}, {'text': 'bandeira', 'timestamp': (0.42, 0.72)}, {'text': 'de', 'timestamp': (0.78, 0.82)}, {'text': 'serra', 'timestamp': (0.96, 1.22)}];0,4;0,4;0,64;0,18181818181818182
./audios/SP_D2_333_2668.31371_2669.14923.wav;2668,31371;2669,14923;de falar;de falar;0,8355200000000877;te falar;;[{'text': 'te', 'timestamp': (1.02, 1.06)}, {'text': 'falar', 'timestamp': (1.12, 1.4)}];0,5;0,5;0,75;0,125
./audios/SP_D2_333_2670.05638_2670.39596.wav;2670,05638;2670,39596;[éh;eh;0,3395799999998417;anos;;[{'text': 'anos', 'timestamp': (1.18, 1.34)}];1,0;1,0;1,0;2,0
./audios/SP_D2_333_2671.19031_2672.08.wav;2671,19031;2672,08;a nossa música;a nossa música;0,8896899999999732;a nossa música;;[{'text': 'a', 'timestamp': (1.02, 1.04)}, {'text': 'nossa', 'timestamp': (1.08, 1.32)}, {'text': 'música', 'timestamp': (1.42, 1.8)}];0,0;0,0;0,0;0,0
./audios/SP_D2_333_2693.18417_2693.97617.wav;2693,18417;2693,97617;[(exatamente);exatamente;0,7919999999999163;eu acho que o;;[{'text': 'eu', 'timestamp': (0.98, 1.04)}, {'text': 'acho', 'timestamp': (1.14, 1.38)}, {'text': 'que', 'timestamp': (1.48, 1.56)}, {'text': 'o', 'timestamp': (1.66, 1.68)}];4,0;1,0;1,0;1,0
./audios/SP_D2_333_2723.81054_2724.51627.wav;2723,81054;2724,51627;ontem;ontem;0,7057300000001305;o homem;;[{'text': 'o', 'timestamp': (1.24, 1.26)}, {'text': 'homem', 'timestamp': (1.34, 1.6)}];2,0;1,0;1,0;0,8
./audios/SP_D2_333_2724.51627_2725.21348.wav;2724,51627;2725,21348;ontem;ontem;0,6972099999998136;odin;;[{'text': 'odin', 'timestamp': (1.08, 1.46)}];1,0;1,0;1,0;0,8
./audios/SP_D2_333_2725.73429_2729.21625.wav;2725,73429;2729,21625;o Jornal da Globo deu uma cara de homem impressionante;o jornal da globo deu uma cara de homem impressionante;3,481960000000072;o jornal da globo deu uma cara de homem impressionante;;[{'text': 'o', 'timestamp': (0.02, 0.04)}, {'text': 'jornal', 'timestamp': (0.1, 0.36)}, {'text': 'da', 'timestamp': (0.42, 0.46)}, {'text': 'globo', 'timestamp': (0.56, 0.86)}, {'text': 'deu', 'timestamp': (1.08, 1.2)}, {'text': 'uma', 'timestamp': (1.42, 1.48)}, {'text': 'cara', 'timestamp': (1.68, 1.86)}, {'text': 'de', 'timestamp': (1.96, 2.02)}, {'text': 'homem', 'timestamp': (2.1, 2.34)}, {'text': 'impressionante', 'timestamp': (2.46, 3.14)}];0,0;0,0;0,0;0,0
./audios/SP_D2_333_2729.70992_2729.92985.wav;2729,70992;2729,92985;é;é;0,21993000000020402;é;;[{'text': 'é', 'timestamp': (1.04, 1.06)}];0,0;0,0;0,0;0,0
./audios/SP_D2_333_2729.92985_2730.58027.wav;2729,92985;2730,58027;os migrantes;os migrantes;0,65041999999994;os migrantes;;[{'text': 'os', 'timestamp': (1.04, 1.1)}, {'text': 'migrantes', 'timestamp': (1.18, 1.58)}];0,0;0,0;0,0;0,0
./audios/SP_D2_333_2730.58027_2730.81235.wav;2730,58027;2730,81235;né?;né;0,23208000000022366;para;;[{'text': 'para', 'timestamp': (0.72, 1.34)}];1,0;1,0;1,0;2,0
./audios/SP_D2_333_2731.70153_2733.11936.wav;2731,70153;2733,11936;[os baianos agora pela seca;os baianos agora pela seca;1,4178300000003219;baianos agora pela seca;;[{'text': 'baianos', 'timestamp': (0.04, 0.44)}, {'text': 'agora', 'timestamp': (0.52, 0.72)}, {'text': 'pela', 'timestamp': (0.8, 0.94)}, {'text': 'seca', 'timestamp': (1.08, 1.34)}];0,2;0,2;0,19999999999999996;0,11538461538461539
./audios/SP_D2_333_2733.11936_2733.37196.wav;2733,11936;2733,37196;né?;né;0,2525999999998021;;;[];1,0;1,0;1,0;1,0
./audios/SP_D2_333_2733.8119_2734.72171.wav;2733,8119;2734,72171;coisa impressionante;coisa impressionante;0,9098099999996521;pois o pensionista;;[{'text': 'pois', 'timestamp': (1.0, 1.2)}, {'text': 'o', 'timestamp': (1.28, 1.3)}, {'text': 'pensionista', 'timestamp': (1.38, 1.9)}];1,5;1,0;1,0;0,45
./audios/SP_D2_333_2734.72171_2735.80831.wav;2734,72171;2735,80831;uma cara patética;uma cara patética;1,0866000000000895;uma cara patética sim;;[{'text': 'uma', 'timestamp': (0.06, 0.18)}, {'text': 'cara', 'timestamp': (0.22, 0.38)}, {'text': 'patética', 'timestamp': (0.4, 0.9)}, {'text': 'sim', 'timestamp': (0.98, 1.06)}];0,3333333333333333;0,25;0,25;0,23529411764705882
./audios/SP_D2_333_2750.62962_2751.84515.wav;2750,62962;2751,84515;[em dois minutos;em dois minutos;1,2155299999999443;maslinúteis;;[{'text': 'maslinúteis', 'timestamp': (0.18, 1.04)}];1,0;1,0;1,0;0,6666666666666666
./audios/SP_D2_333_2802.30076_2805.36808.wav;2802,30076;2805,36808;mas o que eu [acho de (suma) importância é que se faça hoje um jornalismo;mas o que eu acho de suma importância é que se faça hoje um jornalismo;3,067320000000109;mas o que eu te trompetes é que se faça hoje o jornalismo;;[{'text': 'mas', 'timestamp': (0.04, 0.14)}, {'text': 'o', 'timestamp': (0.2, 0.22)}, {'text': 'que', 'timestamp': (0.28, 0.34)}, {'text': 'eu', 'timestamp': (0.4, 0.52)}, {'text': 'te', 'timestamp': (0.58, 0.64)}, {'text': 'trompetes', 'timestamp': (0.72, 1.54)}, {'text': 'é', 'timestamp': (1.58, 1.6)}, {'text': 'que', 'timestamp': (1.64, 1.7)}, {'text': 'se', 'timestamp': (1.78, 1.82)}, {'text': 'faça', 'timestamp': (1.94, 2.14)}, {'text': 'hoje', 'timestamp': (2.24, 2.4)}, {'text': 'o', 'timestamp': (2.42, 2.44)}, {'text': 'jornalismo', 'timestamp': (2.5, 2.98)}];0,3333333333333333;0,3333333333333333;0,4871794871794872;0,3
./audios/SP_D2_333_2805.62412_2806.84611.wav;2805,62412;2806,84611;(com) todas as suas formas;com todas as suas formas;1,2219900000000052;de todas as suas formas;;[{'text': 'de', 'timestamp': (0.0, 0.04)}, {'text': 'todas', 'timestamp': (0.08, 0.26)}, {'text': 'as', 'timestamp': (0.34, 0.38)}, {'text': 'suas', 'timestamp': (0.46, 0.62)}, {'text': 'formas', 'timestamp': (0.74, 1.12)}];0,2;0,2;0,3599999999999999;0,125
./audios/SP_D2_333_2807.17198_2809.02312.wav;2807,17198;2809,02312;que se faça um jornalismo VERtical;que se faça um jornalismo vertical;1,8511399999997593;e se faça o jornalismo vertical;;[{'text': 'e', 'timestamp': (0.06, 0.08)}, {'text': 'se', 'timestamp': (0.12, 0.2)}, {'text': 'faça', 'timestamp': (0.26, 0.4)}, {'text': 'o', 'timestamp': (0.42, 0.44)}, {'text': 'jornalismo', 'timestamp': (0.52, 0.98)}, {'text': 'vertical', 'timestamp': (1.1, 1.7)}];0,3333333333333333;0,3333333333333333;0,5555555555555556;0,11764705882352941
./audios/SP_D2_333_2809.44031_2810.64182.wav;2809,44031;2810,64182;[isto é indo às causas;isto é indo às causas;1,201509999999871;isto é indo as causas;;[{'text': 'isto', 'timestamp': (0.04, 0.18)}, {'text': 'é', 'timestamp': (0.26, 0.28)}, {'text': 'indo', 'timestamp': (0.4, 0.56)}, {'text': 'as', 'timestamp': (0.66, 0.76)}, {'text': 'causas', 'timestamp': (0.88, 1.14)}];0,2;0,2;0,3599999999999999;0,047619047619047616
./audios/SP_D2_333_2810.64182_2811.63767.wav;2810,64182;2811,63767;indo às fontes;indo às fontes;0,9958500000002459;duas fontes;;[{'text': 'duas', 'timestamp': (1.0, 1.26)}, {'text': 'fontes', 'timestamp': (1.38, 1.8)}];0,6666666666666666;0,6666666666666666;0,8333333333333334;0,35714285714285715
./audios/SP_D2_333_2812.03501_2814.38256.wav;2812,03501;2814,38256;e não apenas essa coisa que que justamente;e não apenas essa coisa que que justamente;2,3475499999999556;e não apenas essa coisa sobre que que justamente;;[{'text': 'e', 'timestamp': (0.04, 0.06)}, {'text': 'não', 'timestamp': (0.08, 0.16)}, {'text': 'apenas', 'timestamp': (0.26, 0.54)}, {'text': 'essa', 'timestamp': (0.6, 0.76)}, {'text': 'coisa', 'timestamp': (0.84, 1.0)}, {'text': 'sobre', 'timestamp': (1.02, 1.14)}, {'text': 'que', 'timestamp': (1.18, 1.34)}, {'text': 'que', 'timestamp': (1.46, 1.52)}, {'text': 'justamente', 'timestamp': (1.7, 2.1)}];0,125;0,1111111111111111;0,11111111111111116;0,14285714285714285
./audios/SP_D2_333_2814.64249_2816.47584.wav;2814,64249;2816,47584;esse sistema da da aGÊNcia;esse sistema da da agência;1,8333499999998821;esse sistema da da agência;;[{'text': 'esse', 'timestamp': (0.04, 0.18)}, {'text': 'sistema', 'timestamp': (0.26, 0.64)}, {'text': 'da', 'timestamp': (0.78, 0.84)}, {'text': 'da', 'timestamp': (0.98, 1.04)}, {'text': 'agência', 'timestamp': (1.1, 1.68)}];0,0;0,0;0,0;0,0
./audios/SP_D2_333_2817.02012_2818.65364.wav;2817,02012;2818,65364;é que é que [torna ( );é que é que torna;1,6335199999998622;é que é aqui toxopercial;;[{'text': 'é', 'timestamp': (0.12, 0.14)}, {'text': 'que', 'timestamp': (0.22, 0.28)}, {'text': 'é', 'timestamp': (0.46, 0.48)}, {'text': 'aqui', 'timestamp': (0.56, 0.68)}, {'text': 'toxopercial', 'timestamp': (0.78, 1.5)}];0,4;0,4;0,64;0,5294117647058824
./audios/SP_D2_333_2818.65364_2819.42858.wav;2818,65364;2819,42858;superficial;superficial;0,7749399999997877;superficial;;[{'text': 'superficial', 'timestamp': (1.06, 1.68)}];0,0;0,0;0,0;0,0
./audios/SP_D2_333_2819.42858_2820.19416.wav;2819,42858;2820,19416;[completamente;completamente;0,7655800000002273;completamente;;[{'text': 'completamente', 'timestamp': (1.02, 1.64)}];0,0;0,0;0,0;0,0
./audios/SP_D2_333_2820.59161_2820.92.wav;2820,59161;2820,92;[não é?;não é;0,32839000000012675;é mais bem;;[{'text': 'é', 'timestamp': (1.0, 1.02)}, {'text': 'mais', 'timestamp': (1.08, 1.26)}, {'text': 'bem', 'timestamp': (1.32, 1.54)}];1,5;1,0;1,0;1,8
./audios/SP_D2_333_2820.92_2822.56344.wav;2820,92;2822,56344;então não vai nunca às causas;então não vai nunca às causas;1,6434399999998277;então não vai nunca as causas;;[{'text': 'então', 'timestamp': (0.14, 0.34)}, {'text': 'não', 'timestamp': (0.44, 0.52)}, {'text': 'vai', 'timestamp': (0.6, 0.7)}, {'text': 'nunca', 'timestamp': (0.8, 0.98)}, {'text': 'as', 'timestamp': (1.06, 1.12)}, {'text': 'causas', 'timestamp': (1.22, 1.56)}];0,16666666666666666;0,16666666666666666;0,30555555555555547;0,034482758620689655
./audios/SP_D2_333_2822.56344_2823.78467.wav;2822,56344;2823,78467;[não não há um não há um;não não há um não há um;1,221230000000105;não há não amor;;[{'text': 'não', 'timestamp': (0.2, 0.3)}, {'text': 'há', 'timestamp': (0.36, 0.4)}, {'text': 'não', 'timestamp': (0.64, 0.76)}, {'text': 'amor', 'timestamp': (0.88, 1.08)}];0,5714285714285714;0,5714285714285714;0,6785714285714286;0,5217391304347826
./audios/SP_D2_333_2823.96831_2825.53239.wav;2823,96831;2825,53239;[um debate mais [profundo;um debate mais profundo;1,5640799999996489;debate profundo a gente;;[{'text': 'debate', 'timestamp': (0.1, 0.44)}, {'text': 'profundo', 'timestamp': (0.74, 1.18)}, {'text': 'a', 'timestamp': (1.26, 1.28)}, {'text': 'gente', 'timestamp': (1.36, 1.5)}];1,0;1,0;1,0;0,6956521739130435
./audios/SP_D2_333_2826.06166_2826.60713.wav;2826,06166;2826,60713;[uma::;uma;0,545470000000023;tem uma água;;[{'text': 'tem', 'timestamp': (0.98, 1.06)}, {'text': 'uma', 'timestamp': (1.1, 1.28)}, {'text': 'água', 'timestamp': (1.4, 1.66)}];2,0;0,6666666666666666;0,6666666666666667;3,0
./audios/SP_D2_333_2826.60713_2826.92104.wav;2826,60713;2826,92104;é;é;0,31391000000030544;a época;;[{'text': 'a', 'timestamp': (1.0, 1.02)}, {'text': 'época', 'timestamp': (1.1, 1.4)}];2,0;1,0;1,0;6,0
./audios/SP_D2_333_2845.83597_2846.92249.wav;2845,83597;2846,92249;isso é [muito importante;isso é muito importante;1,0865199999998367;isso é muito importante está;;[{'text': 'isso', 'timestamp': (0.08, 0.2)}, {'text': 'é', 'timestamp': (0.22, 0.24)}, {'text': 'muito', 'timestamp': (0.3, 0.42)}, {'text': 'importante', 'timestamp': (0.46, 0.82)}, {'text': 'está', 'timestamp': (0.92, 1.06)}];0,25;0,2;0,19999999999999996;0,21739130434782608
./audios/SP_D2_333_2864.92706_2865.30428.wav;2864,92706;2865,30428;é;é;0,377219999999852;é;;[{'text': 'é', 'timestamp': (1.08, 1.1)}];0,0;0,0;0,0;0,0
./audios/SP_D2_333_2877.21668_2878.50649.wav;2877,21668;2878,50649;[nós estamos exportando cachorros;nós estamos exportando cachorros;1,289810000000216;a mata;;[{'text': 'a', 'timestamp': (0.34, 0.36)}, {'text': 'mata', 'timestamp': (0.56, 0.78)}];1,0;1,0;1,0;0,875
./audios/SP_D2_333_2878.50649_2878.8084.wav;2878,50649;2878,8084;não é?;não é;0,3019099999996797;ano;;[{'text': 'ano', 'timestamp': (1.04, 1.22)}];1,0;1,0;1,0;0,8
./audios/SP_D2_333_2898.25956_2898.69243.wav;2898,25956;2898,69243;hum;uh;0,43287000000009357;a;;[{'text': 'a', 'timestamp': (0.84, 0.86)}];1,0;1,0;1,0;1,0
./audios/SP_D2_333_2898.69243_2899.27861.wav;2898,69243;2899,27861;mastim;mastim;0,5861799999997857;eu gastei;;[{'text': 'eu', 'timestamp': (1.0, 1.04)}, {'text': 'gastei', 'timestamp': (1.1, 1.38)}];2,0;1,0;1,0;1,0
./audios/SP_D2_333_3018.87393_3019.91278.wav;3018,87393;3019,91278;[(é que) ele é uma boa pessoa;é que ele é uma boa pessoa;1,0388499999999112;que era uma boa pessoa;;[{'text': 'que', 'timestamp': (0.16, 0.22)}, {'text': 'era', 'timestamp': (0.24, 0.34)}, {'text': 'uma', 'timestamp': (0.36, 0.44)}, {'text': 'boa', 'timestamp': (0.5, 0.62)}, {'text': 'pessoa', 'timestamp': (0.68, 0.98)}];0,42857142857142855;0,42857142857142855;0,5428571428571429;0,23076923076923078
./audios/SP_D2_333_3020.18617_3021.43737.wav;3020,18617;3021,43737;[apenas eu lamento;apenas eu lamento;1,2512000000001535;apenas o lamento;;[{'text': 'apenas', 'timestamp': (0.04, 0.48)}, {'text': 'o', 'timestamp': (0.68, 0.7)}, {'text': 'lamento', 'timestamp': (0.76, 1.2)}];0,3333333333333333;0,3333333333333333;0,5555555555555556;0,11764705882352941
./audios/SP_D2_333_3021.43737_3022.16651.wav;3021,43737;3022,16651;[que não haja;que não haja;0,7291399999999157;não vai já;;[{'text': 'não', 'timestamp': (1.12, 1.24)}, {'text': 'vai', 'timestamp': (1.32, 1.44)}, {'text': 'já', 'timestamp': (1.52, 1.58)}];1,0;1,0;1,0;0,6666666666666666
./audios/SP_D2_333_3022.16651_3022.93967.wav;3022,16651;3022,93967;( ) [(acaba);acaba;0,773160000000189;a lugar acaba;;[{'text': 'a', 'timestamp': (1.02, 1.06)}, {'text': 'lugar', 'timestamp': (1.08, 1.28)}, {'text': 'acaba', 'timestamp': (1.36, 1.62)}];2,0;0,6666666666666666;0,6666666666666667;1,6
./audios/SP_D2_333_3023.49607_3024.7556.wav;3023,49607;3024,7556;[depois eu tenho [( );depois eu tenho;1,2595299999998133;só que veio;;[{'text': 'só', 'timestamp': (0.82, 0.88)}, {'text': 'que', 'timestamp': (0.98, 1.04)}, {'text': 'veio', 'timestamp': (1.12, 1.22)}];1,0;1,0;1,0;0,7333333333333333
./audios/SP_D2_333_3048.40754_3048.65783.wav;3048,40754;3048,65783;não;não;0,25028999999994994;não;;[{'text': 'não', 'timestamp': (1.02, 1.16)}];0,0;0,0;0,0;0,0
./audios/SP_D2_333_3048.77103_3049.36727.wav;3048,77103;3049,36727;[não é Baú;não é baú;0,5962400000003072;não é baú;;[{'text': 'não', 'timestamp': (1.04, 1.14)}, {'text': 'é', 'timestamp': (1.2, 1.22)}, {'text': 'baú', 'timestamp': (1.3, 1.46)}];0,0;0,0;0,0;0,0
./audios/SP_D2_333_3049.36727_3049.65879.wav;3049,36727;3049,65879;[não;não;0,29151999999976397;não;;[{'text': 'não', 'timestamp': (1.08, 1.2)}];0,0;0,0;0,0;0,0
./audios/SP_D2_333_3050.28314_3050.6.wav;3050,28314;3050,6;[não;não;0,316859999999906;idade;;[{'text': 'idade', 'timestamp': (1.02, 1.3)}];1,0;1,0;1,0;1,6666666666666667
./audios/SP_D2_333_3052.02789_3053.37344.wav;3052,02789;3053,37344;[o Baú ele é honesto;o baú ele é honesto;1,345550000000003;paul era é honesto;;[{'text': 'paul', 'timestamp': (0.12, 0.32)}, {'text': 'era', 'timestamp': (0.38, 0.5)}, {'text': 'é', 'timestamp': (0.68, 0.7)}, {'text': 'honesto', 'timestamp': (0.72, 1.16)}];0,6;0,6;0,8;0,3684210526315789
./audios/SP_D2_333_3054.18633_3054.98077.wav;3054,18633;3054,98077;[é mais ou menos;é mais ou menos;0,7944400000001224;e vai no meio;;[{'text': 'e', 'timestamp': (1.16, 1.18)}, {'text': 'vai', 'timestamp': (1.3, 1.44)}, {'text': 'no', 'timestamp': (1.5, 1.54)}, {'text': 'meio', 'timestamp': (1.62, 1.82)}];1,0;1,0;1,0;0,4666666666666667
./audios/SP_D2_333_3054.98077_3055.57642.wav;3054,98077;3055,57642;não [( );não;0,5956499999997504;não eles depois;;[{'text': 'não', 'timestamp': (1.04, 1.18)}, {'text': 'eles', 'timestamp': (1.28, 1.44)}, {'text': 'depois', 'timestamp': (1.46, 1.98)}];2,0;0,6666666666666666;0,6666666666666667;4,0
./audios/SP_D2_333_3058.45058_3058.65413.wav;3058,45058;3058,65413;[é;é;0,20354999999972279;é;;[{'text': 'é', 'timestamp': (1.04, 1.06)}];0,0;0,0;0,0;0,0
./audios/SP_D2_333_3058.65413_3059.01.wav;3058,65413;3059,01;mas;mas;0,35587000000032276;e tira;;[{'text': 'e', 'timestamp': (0.86, 0.88)}, {'text': 'tira', 'timestamp': (1.2, 1.36)}];2,0;1,0;1,0;2,0
./audios/SP_D2_333_3059.85608_3061.66625.wav;3059,85608;3061,66625;[é ele tira dinheiro [mas parece é ( );é ele tira dinheiro mas parece é;1,8101700000001983;e ele tinha vi nos parece a;;[{'text': 'e', 'timestamp': (0.06, 0.08)}, {'text': 'ele', 'timestamp': (0.18, 0.28)}, {'text': 'tinha', 'timestamp': (0.38, 0.54)}, {'text': 'vi', 'timestamp': (0.56, 0.68)}, {'text': 'nos', 'timestamp': (0.78, 0.86)}, {'text': 'parece', 'timestamp': (0.92, 1.38)}, {'text': 'a', 'timestamp': (1.58, 1.6)}];0,7142857142857143;0,7142857142857143;0,9183673469387755;0,40625
./audios/SP_D2_333_3062.09517_3064.15251.wav;3062,09517;3064,15251;[tenho ouvido dizer que não é ( );tenho ouvido dizer que não é;2,05733999999984;tem ouvido em laço né ou não não isso é;;[{'text': 'tem', 'timestamp': (0.06, 0.14)}, {'text': 'ouvido', 'timestamp': (0.16, 0.36)}, {'text': 'em', 'timestamp': (0.62, 0.7)}, {'text': 'laço', 'timestamp': (0.78, 1.04)}, {'text': 'né', 'timestamp': (1.1, 1.16)}, {'text': 'ou', 'timestamp': (1.36, 1.4)}, {'text': 'não', 'timestamp': (1.48, 1.56)}, {'text': 'não', 'timestamp': (1.62, 1.7)}, {'text': 'isso', 'timestamp': (1.82, 1.92)}, {'text': 'é', 'timestamp': (1.94, 1.96)}];1,1666666666666667;0,7;0,85;0,8214285714285714
./audios/SP_D2_333_3064.15251_3064.3593.wav;3064,15251;3064,3593;não;não;0,20679000000018277;era;;[{'text': 'era', 'timestamp': (0.84, 1.12)}];1,0;1,0;1,0;1,0
./audios/SP_D2_333_3064.3593_3064.93905.wav;3064,3593;3064,93905;não é isso;não é isso;0,5797499999998763;não é isso;;[{'text': 'não', 'timestamp': (1.06, 1.16)}, {'text': 'é', 'timestamp': (1.24, 1.26)}, {'text': 'isso', 'timestamp': (1.36, 1.52)}];0,0;0,0;0,0;0,0
./audios/SP_D2_333_3064.93905_3067.53225.wav;3064,93905;3067,53225;não me interessa aí nesse ponto a economia popular não interessa tanto;não me interessa aí nesse ponto a economia popular não interessa tanto;2,5932000000002517;não me interessa a nesse ponto quando vi parar não interessa tanto;;[{'text': 'não', 'timestamp': (0.0, 0.12)}, {'text': 'me', 'timestamp': (0.14, 0.18)}, {'text': 'interessa', 'timestamp': (0.2, 0.5)}, {'text': 'a', 'timestamp': (0.54, 0.56)}, {'text': 'nesse', 'timestamp': (0.78, 0.96)}, {'text': 'ponto', 'timestamp': (1.02, 1.16)}, {'text': 'quando', 'timestamp': (1.26, 1.42)}, {'text': 'vi', 'timestamp': (1.48, 1.56)}, {'text': 'parar', 'timestamp': (1.6, 1.78)}, {'text': 'não', 'timestamp': (1.82, 1.9)}, {'text': 'interessa', 'timestamp': (1.94, 2.24)}, {'text': 'tanto', 'timestamp': (2.34, 2.48)}];0,3333333333333333;0,3333333333333333;0,5555555555555556;0,2
./audios/SP_D2_333_3067.90512_3070.39138.wav;3067,90512;3070,39138;o que me revolta profundamente é o programa Cinderela;o que me revolta profundamente é o programa cinderela;2,4862600000001294;o que me revolta profundamente é o programa cinderela;;[{'text': 'o', 'timestamp': (0.02, 0.04)}, {'text': 'que', 'timestamp': (0.08, 0.16)}, {'text': 'me', 'timestamp': (0.2, 0.26)}, {'text': 'revolta', 'timestamp': (0.34, 0.6)}, {'text': 'profundamente', 'timestamp': (0.7, 1.32)}, {'text': 'é', 'timestamp': (1.44, 1.46)}, {'text': 'o', 'timestamp': (1.5, 1.52)}, {'text': 'programa', 'timestamp': (1.56, 1.82)}, {'text': 'cinderela', 'timestamp': (1.94, 2.38)}];0,0;0,0;0,0;0,0
./audios/SP_D2_333_3071.09795_3073.83866.wav;3071,09795;3073,83866;[aquele aquele programa aquilo é abaixo da crítica;aquele aquele programa aquilo é abaixo da crítica;2,7407100000000355;aquele programa que é basta crítica;;[{'text': 'aquele', 'timestamp': (0.08, 0.86)}, {'text': 'programa', 'timestamp': (0.98, 1.34)}, {'text': 'que', 'timestamp': (1.5, 1.66)}, {'text': 'é', 'timestamp': (1.72, 1.74)}, {'text': 'basta', 'timestamp': (1.92, 2.18)}, {'text': 'crítica', 'timestamp': (2.32, 2.64)}];0,5;0,5;0,6666666666666667;0,3469387755102041
./audios/SP_D2_333_3074.06402_3076.1529.wav;3074,06402;3076,1529;eu não posso [compreender como é que as autoridades;eu não posso compreender como é que as autoridades;2,0888800000002448;eu não posso compreender como é que as autoridades;;[{'text': 'eu', 'timestamp': (0.04, 0.1)}, {'text': 'não', 'timestamp': (0.14, 0.22)}, {'text': 'posso', 'timestamp': (0.32, 0.5)}, {'text': 'compreender', 'timestamp': (0.58, 0.96)}, {'text': 'como', 'timestamp': (1.04, 1.12)}, {'text': 'é', 'timestamp': (1.14, 1.16)}, {'text': 'que', 'timestamp': (1.2, 1.26)}, {'text': 'as', 'timestamp': (1.28, 1.34)}, {'text': 'autoridades', 'timestamp': (1.38, 1.94)}];0,0;0,0;0,0;0,0
./audios/SP_D2_333_3076.44868_3078.91546.wav;3076,44868;3078,91546;como é que o Ministério da Educação não não interveio;como é que o ministério da educação não não interveio;2,466780000000199;como é que o ministério da educação não intervenho;;[{'text': 'como', 'timestamp': (0.02, 0.1)}, {'text': 'é', 'timestamp': (0.12, 0.14)}, {'text': 'que', 'timestamp': (0.18, 0.24)}, {'text': 'o', 'timestamp': (0.3, 0.32)}, {'text': 'ministério', 'timestamp': (0.36, 0.74)}, {'text': 'da', 'timestamp': (0.76, 0.8)}, {'text': 'educação', 'timestamp': (0.84, 1.26)}, {'text': 'não', 'timestamp': (1.74, 1.82)}, {'text': 'intervenho', 'timestamp': (1.88, 2.4)}];0,2;0,2;0,28888888888888886;0,11320754716981132
./audios/SP_D2_333_3078.91546_3079.68479.wav;3078,91546;3079,68479;[não interveio ainda;não interveio ainda;0,769329999999627;o que veio ainda;;[{'text': 'o', 'timestamp': (1.04, 1.06)}, {'text': 'que', 'timestamp': (1.08, 1.16)}, {'text': 'veio', 'timestamp': (1.24, 1.38)}, {'text': 'ainda', 'timestamp': (1.44, 1.66)}];1,0;0,75;0,9166666666666666;0,3157894736842105
./audios/SP_D2_333_3080.27108_3082.73047.wav;3080,27108;3082,73047;[porque aquilo é uma coisa que não tem não tem::;porque aquilo é uma coisa que não tem não tem;2,459389999999985;porque aquilo é uma coisa que não tem não tem um;;[{'text': 'porque', 'timestamp': (0.04, 0.22)}, {'text': 'aquilo', 'timestamp': (0.32, 0.62)}, {'text': 'é', 'timestamp': (0.68, 0.7)}, {'text': 'uma', 'timestamp': (0.76, 0.84)}, {'text': 'coisa', 'timestamp': (0.92, 1.06)}, {'text': 'que', 'timestamp': (1.14, 1.2)}, {'text': 'não', 'timestamp': (1.24, 1.32)}, {'text': 'tem', 'timestamp': (1.4, 1.5)}, {'text': 'não', 'timestamp': (1.66, 1.74)}, {'text': 'tem', 'timestamp': (1.88, 1.98)}, {'text': 'um', 'timestamp': (2.18, 2.24)}];0,1;0,09090909090909091;0,09090909090909094;0,06666666666666667
./audios/SP_D2_333_3082.73047_3083.76123.wav;3082,73047;3083,76123;não tem classificação;não tem classificação;1,0307600000001003;não tem quantificação;;[{'text': 'não', 'timestamp': (0.02, 0.12)}, {'text': 'tem', 'timestamp': (0.16, 0.24)}, {'text': 'quantificação', 'timestamp': (0.3, 0.92)}];0,3333333333333333;0,3333333333333333;0,5555555555555556;0,19047619047619047
./audios/SP_D2_333_3087.00637_3088.04676.wav;3087,00637;3088,04676;[é uma coisa horrível;é uma coisa horrível;1,0403900000001158;e a mãe o jato;;[{'text': 'e', 'timestamp': (0.18, 0.22)}, {'text': 'a', 'timestamp': (0.24, 0.26)}, {'text': 'mãe', 'timestamp': (0.34, 0.44)}, {'text': 'o', 'timestamp': (0.62, 0.64)}, {'text': 'jato', 'timestamp': (0.7, 0.94)}];1,25;1,0;1,0;0,75
./audios/SP_D2_333_3088.04676_3089.83356.wav;3088,04676;3089,83356;é a exposição da [desgraça;é a exposição da desgraça;1,7867999999998574;ante a posição da desgraça;;[{'text': 'ante', 'timestamp': (0.02, 0.16)}, {'text': 'a', 'timestamp': (0.26, 0.28)}, {'text': 'posição', 'timestamp': (0.3, 0.82)}, {'text': 'da', 'timestamp': (0.92, 0.98)}, {'text': 'desgraça', 'timestamp': (1.06, 1.5)}];0,4;0,4;0,64;0,24
./audios/SP_D2_333_3090.62788_3091.46752.wav;3090,62788;3091,46752;[(Deus);deus;0,8396400000001449;para escrever;;[{'text': 'para', 'timestamp': (0.96, 1.06)}, {'text': 'escrever', 'timestamp': (1.16, 1.74)}];2,0;1,0;1,0;3,0
./audios/SP_D2_333_3118.56529_3119.42285.wav;3118,56529;3119,42285;[mais miseráveis;mais miseráveis;0,8575599999999213;as vezes era certo;;[{'text': 'as', 'timestamp': (1.16, 1.22)}, {'text': 'vezes', 'timestamp': (1.3, 1.48)}, {'text': 'era', 'timestamp': (1.5, 1.6)}, {'text': 'certo', 'timestamp': (1.7, 1.94)}];2,0;1,0;1,0;0,8666666666666667
./audios/SP_D2_333_3119.75611_3119.95167.wav;3119,75611;3119,95167;não;não;0,1955600000001141;não;;[{'text': 'não', 'timestamp': (1.04, 1.14)}];0,0;0,0;0,0;0,0
./audios/SP_D2_333_3119.95167_3120.64.wav;3119,95167;3120,64;além [do mais;além do mais;0,6883299999999508;a lei bismara;;[{'text': 'a', 'timestamp': (1.06, 1.08)}, {'text': 'lei', 'timestamp': (1.12, 1.26)}, {'text': 'bismara', 'timestamp': (1.36, 1.78)}];1,0;1,0;1,0;0,6666666666666666
./audios/SP_D2_333_3120.64_3122.39234.wav;3120,64;3122,39234;ficam as outras duas ali;ficam as outras duas ali;1,7523400000000038;mas ficam as outras duas ali;;[{'text': 'mas', 'timestamp': (0.0, 0.16)}, {'text': 'ficam', 'timestamp': (0.22, 0.38)}, {'text': 'as', 'timestamp': (0.5, 0.56)}, {'text': 'outras', 'timestamp': (0.64, 0.9)}, {'text': 'duas', 'timestamp': (1.0, 1.24)}, {'text': 'ali', 'timestamp': (1.34, 1.5)}];0,2;0,16666666666666666;0,16666666666666663;0,16666666666666666
./audios/SP_D2_333_3122.39234_3123.61858.wav;3122,39234;3123,61858;aquela recebendo TUdo;aquela recebendo tudo;1,2262399999999616;a que ela recebendo tudo;;[{'text': 'a', 'timestamp': (0.04, 0.06)}, {'text': 'que', 'timestamp': (0.12, 0.18)}, {'text': 'ela', 'timestamp': (0.2, 0.3)}, {'text': 'recebendo', 'timestamp': (0.38, 0.7)}, {'text': 'tudo', 'timestamp': (0.9, 1.1)}];1,0;0,6;0,7333333333333334;0,14285714285714285
./audios/SP_D2_333_3123.61858_3125.32294.wav;3123,61858;3125,32294;e as outras duas ali não recebendo [nada;e as outras duas ali não recebendo nada;1,7043600000001788;e as outras duas ali não recebendo nada;;[{'text': 'e', 'timestamp': (0.1, 0.12)}, {'text': 'as', 'timestamp': (0.2, 0.24)}, {'text': 'outras', 'timestamp': (0.3, 0.52)}, {'text': 'duas', 'timestamp': (0.6, 0.78)}, {'text': 'ali', 'timestamp': (0.86, 0.98)}, {'text': 'não', 'timestamp': (1.1, 1.18)}, {'text': 'recebendo', 'timestamp': (1.2, 1.44)}, {'text': 'nada', 'timestamp': (1.5, 1.64)}];0,0;0,0;0,0;0,0
./audios/SP_D2_333_3125.5905_3128.15412.wav;3125,5905;3128,15412;[e TOdas as outras miLHAres de crianças;e todas as outras milhares de crianças;2,5636200000003555;e todas as outras milhares de crianças;;[{'text': 'e', 'timestamp': (0.06, 0.08)}, {'text': 'todas', 'timestamp': (0.26, 0.52)}, {'text': 'as', 'timestamp': (0.64, 0.7)}, {'text': 'outras', 'timestamp': (0.78, 1.02)}, {'text': 'milhares', 'timestamp': (1.12, 1.6)}, {'text': 'de', 'timestamp': (1.7, 1.74)}, {'text': 'crianças', 'timestamp': (1.82, 2.34)}];0,0;0,0;0,0;0,0
./audios/SP_D2_333_3128.9223_3130.84269.wav;3128,9223;3130,84269;também tendo o mesmo sentimento de frustração;também tendo o mesmo sentimento de frustração;1,9203899999997702;também tendo o mesmo sentimento de frustração;;[{'text': 'também', 'timestamp': (0.04, 0.28)}, {'text': 'tendo', 'timestamp': (0.38, 0.54)}, {'text': 'o', 'timestamp': (0.56, 0.58)}, {'text': 'mesmo', 'timestamp': (0.62, 0.76)}, {'text': 'sentimento', 'timestamp': (0.84, 1.22)}, {'text': 'de', 'timestamp': (1.28, 1.32)}, {'text': 'frustração', 'timestamp': (1.38, 1.84)}];0,0;0,0;0,0;0,0
./audios/SP_D2_333_3131.13896_3131.51996.wav;3131,13896;3131,51996;quer dizer;quer dizer;0,3809999999998581;a de;;[{'text': 'a', 'timestamp': (1.1, 1.12)}, {'text': 'de', 'timestamp': (1.14, 1.24)}];1,0;1,0;1,0;0,7
./audios/SP_D2_333_3131.51996_3132.97678.wav;3131,51996;3132,97678;isto é cri-mi-noso;isto é criminoso;1,4568199999998797;isso é criminoso;;[{'text': 'isso', 'timestamp': (0.08, 0.24)}, {'text': 'é', 'timestamp': (0.3, 0.32)}, {'text': 'criminoso', 'timestamp': (0.56, 1.4)}];0,3333333333333333;0,3333333333333333;0,5555555555555556;0,0625
./audios/SP_D2_333_3132.97678_3134.11694.wav;3132,97678;3134,11694;não há outra expressão;não há outra expressão;1,1401599999999235;não há outra expressão;;[{'text': 'não', 'timestamp': (0.06, 0.16)}, {'text': 'há', 'timestamp': (0.22, 0.28)}, {'text': 'outra', 'timestamp': (0.46, 0.62)}, {'text': 'expressão', 'timestamp': (0.66, 1.04)}];0,0;0,0;0,0;0,0
./audios/SP_D2_333_3134.27476_3135.0608.wav;3134,27476;3135,0608;[isto é um crime;isto é um crime;0,786040000000412;este crime;;[{'text': 'este', 'timestamp': (1.04, 1.18)}, {'text': 'crime', 'timestamp': (1.44, 1.64)}];0,75;0,75;0,875;0,4666666666666667
./audios/SP_D2_333_3135.78003_3137.72944.wav;3135,78003;3137,72944;[é um crime contra à infância;é um crime contra à infância;1,9494100000001708;é um crime contra a infância;;[{'text': 'é', 'timestamp': (0.1, 0.14)}, {'text': 'um', 'timestamp': (0.22, 0.26)}, {'text': 'crime', 'timestamp': (0.38, 0.62)}, {'text': 'contra', 'timestamp': (0.78, 1.06)}, {'text': 'a', 'timestamp': (1.08, 1.1)}, {'text': 'infância', 'timestamp': (1.14, 1.76)}];0,16666666666666666;0,16666666666666666;0,30555555555555547;0,03571428571428571
./audios/SP_D2_333_3137.72944_3138.62554.wav;3137,72944;3138,62554;e devia;e devia;0,8960999999999331;e devia;;[{'text': 'e', 'timestamp': (1.16, 1.18)}, {'text': 'devia', 'timestamp': (1.34, 1.72)}];0,0;0,0;0,0;0,0
./audios/SP_D2_333_3139.61544_3141.69606.wav;3139,61544;3141,69606;[mê/ merecer uma [atitude do [governo;mê merecer uma atitude do governo;2,080620000000181;merecer uma atitude do governo;;[{'text': 'merecer', 'timestamp': (0.2, 0.62)}, {'text': 'uma', 'timestamp': (0.74, 0.82)}, {'text': 'atitude', 'timestamp': (0.9, 1.3)}, {'text': 'do', 'timestamp': (1.56, 1.62)}, {'text': 'governo', 'timestamp': (1.68, 1.96)}];0,16666666666666666;0,16666666666666666;0,16666666666666663;0,09090909090909091
./audios/SP_D2_333_3151.49684_3153.61698.wav;3151,49684;3153,61698;[você se lembra o [caso do::;você se lembra o caso do;2,120139999999992;você se lembra o gado de gramas;;[{'text': 'você', 'timestamp': (0.12, 0.26)}, {'text': 'se', 'timestamp': (0.36, 0.42)}, {'text': 'lembra', 'timestamp': (0.48, 0.72)}, {'text': 'o', 'timestamp': (0.8, 0.82)}, {'text': 'gado', 'timestamp': (0.96, 1.24)}, {'text': 'de', 'timestamp': (1.36, 1.42)}, {'text': 'gramas', 'timestamp': (1.58, 1.96)}];0,5;0,42857142857142855;0,6190476190476191;0,4166666666666667
./audios/SP_D2_333_3154.05923_3154.80698.wav;3154,05923;3154,80698;[do Flávio?;do flávio;0,7477499999999964;gaslávio é;;[{'text': 'gaslávio', 'timestamp': (1.04, 1.56)}, {'text': 'é', 'timestamp': (1.64, 1.66)}];1,0;1,0;1,0;0,6666666666666666
./audios/SP_D2_333_3155.26698_3156.41985.wav;3155,26698;3156,41985;[lembra-se do caso do Flávio?;lembrase do caso do flávio;1,1528700000003482;lembra-se o caso do lábio;;[{'text': 'lembra-se', 'timestamp': (0.04, 0.3)}, {'text': 'o', 'timestamp': (0.34, 0.36)}, {'text': 'caso', 'timestamp': (0.38, 0.52)}, {'text': 'do', 'timestamp': (0.56, 0.62)}, {'text': 'lábio', 'timestamp': (0.8, 1.06)}];0,6;0,6;0,84;0,15384615384615385
./audios/SP_D2_333_3156.88275_3157.56823.wav;3156,88275;3157,56823;[que acabou?;que acabou;0,685479999999643;o cabo;;[{'text': 'o', 'timestamp': (1.04, 1.06)}, {'text': 'cabo', 'timestamp': (1.16, 1.4)}];1,0;1,0;1,0;0,5
./audios/SP_D2_333_3158.09051_3159.18658.wav;3158,09051;3159,18658;[acabou (o programa);acabou o programa;1,0960700000000543;que por sinal lá agora;;[{'text': 'que', 'timestamp': (0.04, 0.1)}, {'text': 'por', 'timestamp': (0.16, 0.32)}, {'text': 'sinal', 'timestamp': (0.36, 0.58)}, {'text': 'lá', 'timestamp': (0.64, 0.68)}, {'text': 'agora', 'timestamp': (0.76, 1.04)}];1,6666666666666667;1,0;1,0;1,0588235294117647
./audios/SP_D2_333_3164.62208_3164.9158.wav;3164,62208;3164,9158;[é;é;0,2937200000001212;e no;;[{'text': 'e', 'timestamp': (1.06, 1.08)}, {'text': 'no', 'timestamp': (1.22, 1.3)}];2,0;1,0;1,0;4,0
./audios/SP_D2_333_3173.72249_3173.95725.wav;3173,72249;3173,95725;éh;eh;0,23475999999982378;a;;[{'text': 'a', 'timestamp': (1.04, 1.06)}];1,0;1,0;1,0;1,0
./audios/SP_D2_333_3233.11677_3233.27638.wav;3233,11677;3233,27638;[éh;eh;0,15960999999970227;e;;[{'text': 'e', 'timestamp': (1.04, 1.06)}];1,0;1,0;1,0;0,5
./audios/SP_D2_333_3233.27638_3234.22261.wav;3233,27638;3234,22261;o aspecto econômico;o aspecto econômico;0,9462300000000141;é um aspeto econômico;;[{'text': 'é', 'timestamp': (1.0, 1.02)}, {'text': 'um', 'timestamp': (1.08, 1.12)}, {'text': 'aspeto', 'timestamp': (1.18, 1.4)}, {'text': 'econômico', 'timestamp': (1.46, 1.92)}];1,0;0,75;0,9166666666666666;0,2631578947368421
./audios/SP_D2_333_3234.22261_3235.24302.wav;3234,22261;3235,24302;para começo de [conversa;para começo de conversa;1,0204100000000835;pra comer se com casa;;[{'text': 'pra', 'timestamp': (0.0, 0.14)}, {'text': 'comer', 'timestamp': (0.22, 0.36)}, {'text': 'se', 'timestamp': (0.42, 0.48)}, {'text': 'com', 'timestamp': (0.54, 0.62)}, {'text': 'casa', 'timestamp': (0.7, 0.92)}];1,25;1,0;1,0;0,34782608695652173
./audios/SP_D2_333_3235.24302_3235.56023.wav;3235,24302;3235,56023;né?;né;0,3172100000001592;vé;;[{'text': 'vé', 'timestamp': (1.0, 1.06)}];1,0;1,0;1,0;0,5
./audios/SP_D2_333_3250.46625_3253.26228.wav;3250,46625;3253,26228;[e no e no [barraco mesmo que ( ) [barracos têm;e no e no barraco mesmo que barracos têm;2,7960299999999734;atrasar mesmo porque dos atores;;[{'text': 'atrasar', 'timestamp': (0.56, 1.08)}, {'text': 'mesmo', 'timestamp': (1.2, 1.36)}, {'text': 'porque', 'timestamp': (1.42, 1.58)}, {'text': 'dos', 'timestamp': (1.8, 2.08)}, {'text': 'atores', 'timestamp': (2.18, 2.58)}];0,8888888888888888;0,8888888888888888;0,9777777777777777;0,7
./audios/SP_D2_333_3253.72953_3253.95865.wav;3253,72953;3253,95865;[é;é;0,22911999999996624;ver;;[{'text': 'ver', 'timestamp': (1.12, 1.3)}];1,0;1,0;1,0;3,0
./audios/SP_D2_333_3307.44558_3307.68931.wav;3307,44558;3307,68931;[ah;ah;0,24373000000014144;a;;[{'text': 'a', 'timestamp': (1.08, 1.1)}];1,0;1,0;1,0;0,5
./audios/SP_D2_333_3307.68931_3308.5016.wav;3307,68931;3308,5016;sim naturalmente;sim naturalmente;0,8122899999998481;se na flona;;[{'text': 'se', 'timestamp': (1.08, 1.14)}, {'text': 'na', 'timestamp': (1.24, 1.32)}, {'text': 'flona', 'timestamp': (1.4, 1.68)}];1,5;1,0;1,0;0,625
./audios/SP_D2_333_3308.5016_3309.63087.wav;3308,5016;3309,63087;nem há nem há dúvida;nem há nem há dúvida;1,1292699999999058;tem bem a dúvida;;[{'text': 'tem', 'timestamp': (0.06, 0.22)}, {'text': 'bem', 'timestamp': (0.38, 0.48)}, {'text': 'a', 'timestamp': (0.54, 0.56)}, {'text': 'dúvida', 'timestamp': (0.62, 0.92)}];0,8;0,8;0,95;0,35
./audios/SP_D2_333_3309.9904_3310.76017.wav;3309,9904;3310,76017;nem há dúvida;nem há dúvida;0,7697699999998804;e a música;;[{'text': 'e', 'timestamp': (1.1, 1.12)}, {'text': 'a', 'timestamp': (1.22, 1.24)}, {'text': 'música', 'timestamp': (1.3, 1.6)}];1,0;1,0;1,0;0,5384615384615384
